kfr_24_other_pooled_mean
""
""
""
""
0.55689913
""
""
""
""
""
""
""
""
""
""
""
""
""
""
""
""
""
""
""
""
""
""
""
""
""
""
""
""
""
""
""
""
""
""
""
""
""
""
""
""
""
""
""
""
""
""
""
""
""
""
""
""
""
""
""
""
""
""
""
""
""
""
""
""
""
""
""
""
""
""
""
""
""
""
""
""
""
0.47009331
""
""
""
""
""
""
""
""
""
""
0.61737794
0.53397393
""
""
""
0.38464159
""
""
""
""
""
""
""
""
""
""
""
""
""
""
""
""
""
""
""
""
""
""
""
""
""
""
""
""
""
""
""
""
""
""
""
""
""
""
""
""
""
""
""
""
""
""
""
""
""
""
""
""
""
""
""
""
""
""
""
""
""
""
""
0.46272877
0.50246507
""
""
""
""
""
""
""
""
""
""
""
""
""
""
""
""
""
""
""
""
""
""
""
""
""
""
""
""
""
""
""
""
""
""
""
""
""
""
""
""
""
""
""
""
""
""
""
""
""
""
""
""
""
""
""
""
""
""
""
""
""
0.44887391
""
""
""
""
""
""
""
0.51745194
0.40098605
0.47904861
0.48742509
""
""
""
""
""
""
""
""
""
""
""
""
""
""
""
""
""
""
""
""
""
""
""
""
""
""
""
""
""
""
""
""
""
""
""
""
""
""
""
""
0.55886114
""
""
""
""
""
""
""
""
""
""
""
""
""
""
""
""
""
""
""
""
""
""
""
""
""
""
""
""
""
""
""
""
""
""
""
""
""
""
""
""
""
""
""
""
""
""
""
""
""
""
""
""
""
""
""
""
""
""
""
""
""
""
""
""
""
""
""
""
""
""
""
""
""
""
""
""
""
""
""
""
""
""
""
""
""
""
""
""
""
""
""
""
""
""
""
""
""
""
""
""
""
""
""
0.4425905
""
""
""
""
""
""
""
""
""
""
""
""
""
""
""
""
""
""
""
""
""
""
""
""
""
""
""
""
""
""
""
""
""
""
""
""
""
""
""
""
""
""
""
""
""
""
""
""
""
""
""
""
""
""
""
""
""
""
""
""
""
""
""
""
""
""
""
""
""
""
""
""
""
""
""
""
""
""
""
""
""
""
""
""
""
""
""
""
""
""
""
""
""
""
""
""
""
""
""
""
""
""
""
""
""
""
""
""
""
""
""
""
""
""
""
""
""
""
""
""
""
""
""
""
""
""
""
""
""
""
""
""
""
""
""
""
""
""
""
""
""
""
""
""
""
""
""
""
""
""
""
""
""
""
""
""
""
""
""
""
""
""
""
""
""
""
""
""
""
""
""
""
""
""
""
""
""
""
""
""
""
""
""
""
""
""
""
""
""
""
""
""
""
""
""
""
""
""
0.62847584
0.61852902
0.49966872
""
""
""
""
""
""
""
""
""
""
""
""
""
""
""
""
""
""
""
""
""
""
""
""
""
""
""
""
""
""
""
""
""
""
""
""
""
""
""
""
""
""
""
""
""
""
""
""
""
""
""
""
""
""
""
""
""
""
""
""
""
""
""
""
""
""
""
""
""
""
""
""
""
""
""
""
""
""
""
""
""
""
""
""
""
""
""
""
""
""
""
""
0.43856633
""
""
""
""
""
""
""
""
""
""
""
""
""
""
""
0.47477081
""
0.56674147
""
""
""
0.51160455
""
""
""
0.53066337
""
0.42430925
0.55730641
0.38395727
0.49481753
""
""
0.41620135
0.49461129
""
0.46406278
""
0.48889548
0.55325651
""
""
""
""
""
""
""
""
""
""
""
""
""
""
""
""
""
""
""
""
""
""
""
""
""
""
""
""
""
""
""
""
""
""
""
""
""
""
""
""
""
""
""
""
""
""
""
""
""
""
""
""
""
""
""
""
""
""
""
""
""
""
""
""
""
""
""
""
""
""
""
""
""
""
""
""
""
""
""
""
""
""
""
""
""
""
""
""
""
""
""
""
""
""
""
""
""
""
""
""
""
""
""
""
""
""
""
""
""
""
""
""
""
""
""
""
""
""
""
""
""
""
""
""
""
""
""
""
""
""
""
""
""
""
""
""
""
""
""
""
""
""
""
""
""
""
""
""
""
""
""
""
""
""
""
""
""
""
""
""
""
""
""
""
""
""
""
""
""
""
""
""
""
""
""
""
""
""
""
""
""
""
""
""
""
""
""
0.44713989
""
""
""
""
""
""
""
""
""
""
""
""
""
""
""
""
""
""
""
""
""
""
""
""
""
""
""
""
""
""
""
""
""
""
""
""
""
""
""
""
""
""
""
""
""
""
""
""
""
""
""
""
""
""
""
""
""
""
""
""
""
""
""
""
""
""
""
""
""
""
""
""
""
""
""
""
""
""
""
""
""
""
""
""
""
""
""
""
""
""
""
""
""
""
""
""
""
""
""
""
""
""
""
""
""
""
""
""
""
""
""
""
""
""
""
""
""
""
""
""
""
""
""
""
""
""
""
""
""
""
""
""
""
""
""
""
""
""
""
""
""
""
""
""
""
""
""
""
""
""
""
""
""
""
""
""
""
""
""
""
""
""
""
""
""
""
""
""
""
""
""
""
""
""
""
""
""
""
""
""
""
""
""
""
""
""
""
""
""
""
""
""
""
""
""
""
""
""
""
""
""
""
""
""
""
""
""
""
""
""
""
""
""
""
""
""
""
""
""
""
""
""
""
""
""
""
""
""
""
""
""
""
""
""
""
""
""
""
""
""
""
""
""
""
""
""
""
""
""
""
""
""
""
""
""
""
""
""
""
""
""
""
""
""
""
""
""
""
""
""
""
""
""
""
""
""
""
""
0.62351352
0.53056586
0.67760861
""
0.55637527
0.58217061
0.40280035
0.4201766
0.54118216
0.61211526
0.57827491
0.49955249
0.48202822
0.5156309
0.54412597
0.50108665
""
0.60787505
0.51035523
0.45691651
0.52932501
0.46193606
0.55878162
0.55560154
0.53135651
0.59353173
0.55263352
0.58567345
0.63798451
0.51557618
0.46648687
0.54594493
0.53628469
0.57448894
0.47313476
0.56792533
0.54205328
0.5152328
0.51319408
0.55043435
0.58117902
0.61864424
0.5843007
0.58210319
0.60008037
0.53281748
0.5065679
0.62006402
0.56930166
0.66078728
0.5285731
0.5753029
""
0.47407821
""
""
""
""
""
""
0.53974086
0.5462088
0.45041952
0.6090337
0.54479492
0.52655375
0.51834899
0.56489551
0.56700343
0.50230187
0.54128963
0.58908153
""
0.53530884
0.59593308
0.6398477
""
0.58642024
0.60101295
""
""
""
0.51867056
0.56515539
0.54109621
0.51702482
0.59550017
0.49486378
""
""
""
""
0.45525816
0.51215863
0.6014933
""
""
0.61129254
""
""
""
""
0.50705087
0.60280555
""
""
0.58057886
0.52239734
""
""
0.38330653
""
""
""
""
""
""
""
""
""
""
""
""
""
""
0.49632967
""
0.36256894
""
""
""
0.47211438
""
0.50771683
0.57658947
""
""
0.5052346
0.53896821
""
""
""
""
""
""
0.51242328
""
""
0.54484975
0.47834802
""
""
""
""
""
""
""
""
""
""
""
""
""
""
""
""
""
""
""
""
""
""
""
""
""
""
""
""
""
""
""
""
""
""
""
""
""
""
""
""
""
""
""
""
""
0.59631729
0.51153463
0.45402551
0.52216005
0.5209437
0.5446927
0.51789367
0.47527069
0.58275592
0.50430232
0.56743729
0.47496438
""
""
""
""
""
0.558236
0.48954207
0.39275894
0.43479624
0.55465716
""
""
""
""
""
""
0.42046794
0.49179581
""
""
""
""
""
""
""
""
""
""
""
""
""
""
""
""
""
""
""
""
""
""
""
""
""
""
""
""
""
""
""
""
""
""
""
""
""
""
""
""
""
""
""
""
""
""
""
""
0.448102
""
""
""
""
""
""
""
""
""
""
""
""
""
""
""
""
""
""
""
""
""
""
""
""
""
""
""
""
""
""
""
""
""
""
""
""
""
""
""
""
""
""
""
""
""
""
""
""
0.45765758
""
""
0.39041331
""
""
""
""
""
""
""
""
""
""
""
""
""
""
""
""
""
""
""
""
""
""
""
""
""
""
""
""
""
0.44940108
""
0.48230249
0.30178735
""
""
""
""
""
""
""
""
0.5261727
""
0.52315331
""
""
""
""
""
""
""
""
""
""
0.56869817
0.54914045
""
0.56392145
""
0.51776409
""
0.46485204
""
0.50038499
0.61851501
""
0.50799328
0.56494015
""
""
""
0.67417753
""
""
""
""
0.60331827
""
""
""
""
""
""
""
""
""
""
""
""
""
""
""
""
0.47520879
0.503245
0.54350477
""
""
0.57006335
0.48273671
""
0.47175026
""
""
""
""
""
""
0.58116126
0.47894523
0.6051898
""
0.47087771
0.56772047
""
""
""
""
""
0.45621482
0.44287831
""
0.53090787
""
""
""
0.53707671
0.63072282
0.64637822
""
""
""
""
""
0.52647209
0.51813799
""
0.69524962
""
0.49438232
0.46055976
""
""
0.40561983
""
0.46497345
""
0.44979879
0.44681323
""
0.59058976
""
0.627397
""
""
""
0.51019984
0.51675749
0.44596776
""
0.44994509
0.51660639
""
0.37200737
0.37525591
""
0.48862454
0.5482986
0.52180278
0.34005079
""
""
0.51718009
""
0.42055115
0.49371925
0.61758608
0.39949378
""
0.4035469
0.61716515
""
0.49668315
""
""
""
""
0.37321281
0.46274516
""
""
0.54481792
""
""
""
""
0.63384956
0.54242629
""
""
""
""
""
""
0.40270835
""
""
""
""
""
""
0.53319144
""
0.45006847
0.52204746
0.46643418
""
""
0.51363569
0.44997185
""
""
""
""
""
""
0.40021354
""
""
0.36544487
""
0.47665125
0.58553576
""
0.37570488
0.48035917
""
0.41897184
0.50371963
""
""
""
""
""
""
""
""
""
""
""
0.52136791
""
""
""
0.49830166
""
""
0.29746991
0.42060122
0.53797191
0.35535619
""
""
""
""
0.47533733
0.54885256
0.48120606
0.40813783
0.53768486
""
0.46717343
0.44691795
""
""
""
""
""
0.47543037
""
""
""
0.54185247
""
""
0.3768186
""
""
0.32611111
""
""
0.52356744
0.49803415
0.40983152
0.53739965
""
""
""
0.40781894
""
0.55498838
""
""
""
""
0.40373352
""
""
""
""
""
""
0.55733538
0.42229629
0.516105
0.35891232
0.51965219
""
0.37135711
""
""
""
""
""
""
""
""
""
""
""
""
""
""
""
""
""
""
""
""
""
""
0.49582589
""
""
""
""
""
""
""
""
""
""
""
""
""
""
""
""
""
""
""
0.50370312
""
""
""
""
0.3988809
""
0.50001872
""
0.39003125
""
""
""
""
""
""
""
""
""
""
""
""
""
""
""
""
""
""
""
""
""
""
0.42671534
""
0.64134443
""
""
""
0.5225296
""
0.51436388
""
""
""
""
""
""
""
""
""
""
""
""
0.45368144
""
""
""
""
""
""
""
""
0.44919932
""
""
""
""
""
""
""
""
""
""
""
""
""
""
0.5321601
""
""
""
""
""
""
""
""
""
""
""
""
""
""
""
""
""
""
""
0.63116491
""
""
""
""
""
""
""
""
""
""
0.49972564
""
""
0.51846427
""
""
""
""
""
""
0.42878172
0.41583055
""
""
""
""
0.42704719
""
""
0.4891234
""
0.38189897
""
0.54307717
0.43533254
""
""
""
0.31174359
0.56899238
""
0.43764669
0.57695067
""
""
""
""
""
""
0.49413007
""
0.46586421
""
""
0.55421036
""
""
""
""
""
""
""
""
""
""
0.58680272
""
""
0.68707907
""
0.57877338
""
""
""
""
""
""
""
""
""
""
""
""
0.59557682
0.52913201
0.54105848
""
""
""
0.57705897
""
0.50333917
""
""
""
""
0.38277715
""
0.4555971
""
""
0.45603752
0.52343148
0.54684865
""
0.57419789
0.5060879
0.52363056
""
""
""
0.52384704
0.39686278
""
""
""
0.43344811
""
0.3446821
""
""
""
0.47766033
0.52311224
""
0.63719988
""
""
""
""
0.54138434
0.4729231
""
""
""
""
0.65461481
0.4490805
""
0.48124799
""
0.45808378
""
0.58703417
0.61719382
""
0.46643192
0.46653947
0.6156925
""
""
""
0.6683358
""
0.56949341
0.58782881
0.43276092
0.58415931
0.44625768
0.53525829
0.60668463
""
""
""
""
0.58098972
""
""
""
""
""
""
""
""
""
""
""
""
""
""
""
""
""
""
""
""
""
""
""
""
""
""
""
""
""
""
""
""
""
""
""
""
""
""
0.68022257
""
""
0.66401482
0.46367869
""
0.53268892
""
""
""
""
""
""
""
""
""
""
""
""
""
""
""
""
""
""
""
0.5595805
""
""
""
""
""
""
""
""
""
""
""
""
""
""
""
""
""
""
""
""
""
""
0.67001677
""
""
""
0.50484216
""
""
""
""
""
""
""
""
""
""
""
0.54046655
""
""
""
""
""
""
""
0.58574903
0.52970374
0.54867268
""
0.65315264
""
""
""
""
""
""
""
""
""
0.55913615
0.41156876
0.38467535
""
""
""
""
""
0.43301162
0.41529864
""
0.52929312
0.65541643
""
""
""
""
""
""
""
""
""
""
""
""
""
""
0.67197657
""
0.58303297
""
0.5038026
0.48161379
0.44512656
""
""
""
""
""
""
""
""
""
0.42769888
""
""
""
""
""
""
""
""
""
""
""
""
""
""
""
""
""
""
""
""
""
""
""
""
""
""
""
""
""
""
""
""
""
""
""
""
""
""
""
""
""
""
""
""
""
""
""
""
""
""
""
""
""
""
""
""
""
""
""
""
""
""
""
0.45046169
""
""
""
""
""
""
""
""
""
""
""
""
""
""
""
""
""
""
""
""
""
""
""
""
""
""
""
""
""
""
""
""
""
""
""
""
""
""
0.55244637
""
0.46199739
""
""
""
""
""
""
""
""
""
""
""
""
""
""
""
""
""
""
""
0.55318248
""
0.42353427
""
""
""
""
""
""
""
""
""
""
""
""
""
""
""
""
""
""
""
0.37386209
""
""
""
""
""
""
""
""
""
""
""
""
0.35359284
""
""
0.45077157
0.53996855
""
""
""
""
""
""
""
""
""
0.35200247
""
""
""
""
""
""
""
""
0.53350639
""
""
""
""
0.50732338
""
0.47303554
""
0.44877696
""
""
""
0.27500278
0.5189023
""
0.4879503
0.55828846
0.5310111
""
""
""
""
""
""
""
""
""
""
0.59575713
""
0.55262095
0.34260947
0.61044502
0.35637873
0.48441505
""
0.35869253
""
0.52359343
0.48104978
0.44361848
0.570059
""
0.57772344
""
0.48787171
0.58175266
""
""
""
0.51175952
""
""
""
""
""
""
""
0.4195565
0.45727143
0.47337165
""
""
""
0.51110536
""
""
""
0.46181759
""
""
""
""
0.57745045
""
""
""
""
""
""
0.58010453
""
""
""
""
""
""
""
""
""
""
""
""
""
""
0.52610022
""
""
""
""
""
""
""
""
""
""
""
""
""
""
""
""
""
""
""
""
""
""
""
""
""
""
""
""
""
""
""
""
""
""
""
0.60500497
""
""
""
""
0.50556076
""
""
""
""
""
""
""
""
""
0.40133053
""
0.52998805
""
""
""
""
""
""
""
""
""
""
0.47274545
""
""
""
""
""
""
""
0.36019921
""
""
""
""
0.44228217
""
0.63029104
0.46455002
""
""
""
""
""
""
""
0.60691601
""
""
""
""
""
""
""
""
""
""
""
""
""
""
""
""
""
""
""
""
""
""
""
""
""
""
""
""
""
""
""
""
""
""
""
""
""
""
""
""
""
""
""
""
""
""
""
""
""
""
""
""
""
""
""
""
""
""
""
""
""
""
""
""
""
""
""
""
""
""
""
""
""
""
""
""
""
""
""
""
""
""
""
""
""
""
""
""
""
""
""
""
""
""
""
""
""
""
""
""
""
""
""
""
""
""
""
""
""
""
""
""
""
""
""
""
""
""
""
""
""
""
""
""
""
""
""
""
""
""
""
""
""
""
""
""
""
""
0.60306478
""
""
""
""
""
""
""
""
""
""
0.59840578
""
0.52351606
0.56849164
0.61723626
0.4979299
""
""
""
""
""
""
0.58279705
0.52842754
""
""
""
""
""
""
""
""
""
""
""
""
""
""
""
""
""
""
""
""
""
""
""
""
""
""
""
""
""
""
""
""
""
""
""
""
""
""
""
""
""
""
""
""
""
""
""
""
""
""
""
""
""
""
0.4309032
0.55494702
""
""
""
""
""
""
""
""
""
""
""
""
""
""
""
""
""
""
""
""
""
""
""
""
""
""
""
""
""
""
""
""
0.68015498
0.56752121
""
""
""
""
""
""
""
""
""
""
""
""
""
""
""
""
""
""
""
""
""
""
""
""
""
""
""
""
""
""
""
""
""
""
""
""
""
""
""
""
""
""
""
""
""
""
""
""
""
""
""
""
""
""
""
""
""
""
""
""
""
""
""
""
""
""
""
""
""
""
""
""
""
""
""
""
""
""
""
""
""
""
""
""
0.47030699
0.55141711
""
0.46222803
""
""
""
""
""
""
""
""
""
""
""
""
""
""
""
""
""
""
""
""
""
""
""
""
""
""
""
""
""
""
""
""
""
""
""
""
""
""
""
""
""
""
""
""
""
""
""
""
""
""
""
""
""
""
""
""
""
""
""
""
""
""
""
""
""
""
""
""
""
""
""
""
""
""
""
""
""
""
""
""
""
""
""
""
""
""
""
""
0.4519679
""
""
""
""
""
""
""
""
""
""
""
""
""
""
""
""
""
""
""
""
""
""
""
""
""
""
""
""
""
""
""
""
""
""
""
""
""
""
""
""
""
""
""
""
""
""
""
""
""
""
""
""
""
""
""
""
""
""
""
""
""
""
""
""
""
""
""
""
""
""
""
""
""
""
""
""
""
""
""
""
""
""
""
""
""
""
""
""
""
""
""
""
""
""
""
""
""
""
""
""
""
""
""
""
""
""
""
""
""
""
""
""
""
""
""
""
0.54190296
""
""
""
""
""
""
""
""
""
""
""
""
""
""
""
""
""
""
""
""
""
""
""
""
""
""
""
0.4822253
""
""
""
""
""
""
""
""
""
""
""
""
""
""
""
""
""
""
""
""
""
""
""
""
""
""
""
""
""
""
""
""
""
""
""
""
""
""
""
""
""
""
""
""
""
""
""
""
""
""
""
""
""
""
""
""
""
""
""
""
""
""
""
""
""
""
""
""
""
""
""
""
""
""
""
""
""
""
""
""
""
""
""
""
""
""
0.45399344
""
""
""
0.53890067
""
""
""
""
""
""
""
""
0.51876628
""
""
""
""
""
""
""
""
""
0.52269626
0.56075841
0.39593059
""
0.53480005
0.61922836
0.51881856
""
""
""
""
""
""
""
""
""
""
""
""
""
""
""
""
""
""
0.41536313
""
""
""
""
""
""
""
""
""
""
""
""
""
""
""
""
""
""
""
""
""
""
""
""
""
""
""
""
""
""
""
""
""
""
""
""
""
""
""
""
""
""
""
""
""
0.32026839
""
""
""
""
""
""
""
""
""
""
""
""
""
""
""
""
0.45656121
0.5619933
0.31322008
0.42863917
0.3716937
""
0.42926672
0.53910112
0.45327631
0.4737376
""
""
""
0.43861225
""
0.32590824
0.50117373
0.59435606
0.57304406
0.60001791
""
""
""
""
""
""
""
""
""
""
""
""
""
""
""
""
""
""
""
""
""
""
""
""
""
""
""
""
""
""
""
""
""
""
""
""
""
""
0.52099156
0.44455343
0.38228673
0.49036944
0.36848646
0.54594451
""
0.54391056
""
0.5098381
""
""
""
0.52981144
0.40466139
""
""
0.39952525
""
""
""
0.42635569
""
""
""
""
""
""
""
""
""
""
""
""
""
""
""
""
""
""
""
""
""
""
""
""
""
""
""
0.42076695
""
0.47647199
""
0.46890399
""
0.36698955
0.44149956
""
""
""
0.35085884
""
""
""
""
""
""
""
""
""
""
""
""
""
""
""
0.41036895
""
0.45827577
""
""
0.34119695
0.50372148
""
""
""
""
""
0.40622368
""
0.54176152
0.52670753
""
0.47455308
0.57377034
0.53896314
0.53458923
0.35602659
0.43958661
""
0.56091768
""
0.5002892
0.35005355
0.41497707
""
0.39173213
""
""
0.4431358
0.49503291
0.50551254
0.3606576
0.5929426
0.50340861
0.50482023
0.41625792
0.3713572
0.52134424
0.52051431
0.47969091
0.31534976
0.34962675
0.52177233
""
""
""
0.48350492
0.4589003
""
0.57163399
""
0.41490808
0.40072244
0.50747144
""
0.43971789
0.48468187
0.46012095
0.47211424
""
""
""
0.32629171
0.42716712
0.40302008
""
0.37266469
0.48246628
0.38805521
0.50473428
0.5338434
0.56994492
""
""
""
""
0.45071694
0.58183849
0.48423311
""
0.48439908
0.53414112
""
0.45331493
0.42113256
""
""
""
0.58133596
""
0.38275573
""
0.47519809
0.37805235
""
""
""
""
""
""
""
0.47799435
0.35476601
0.36739996
0.40832034
0.41605756
0.46595776
0.39772108
""
""
""
""
""
0.49227461
""
""
""
""
""
0.54259616
0.52384222
0.51011831
0.49090934
0.46466917
0.39282137
0.49390864
0.46303269
0.38007176
0.46966228
0.5044291
0.51914167
0.49147081
0.52766651
0.44484851
0.50375205
0.52870464
0.50449049
0.50184762
""
0.58385283
0.6111328
""
0.60149091
0.52534187
0.45290446
0.46095598
0.54002678
0.63688332
0.53690469
0.55414349
0.54976881
0.47262397
0.58033347
0.54934353
0.48300573
0.56831473
0.55943596
""
0.55299431
0.62231308
0.40529537
0.60046303
0.5521878
0.54940021
0.54993188
0.55652946
0.51917684
0.50892735
0.56398052
0.445113
0.45172033
0.47889253
0.55642098
0.60236472
0.51174116
0.44535619
0.4492093
0.6432395
0.4532209
0.44124514
0.59441674
0.49696842
0.52210826
0.49927554
0.62425113
0.59075445
0.45475951
0.63273042
0.49029598
0.63330263
0.40220436
0.55319947
0.56371671
0.35541511
0.60242826
0.45189801
0.60888129
0.62798119
0.53248876
0.5338496
0.50073409
0.63197875
0.58749437
0.50607777
0.57912958
0.50375974
0.59249139
0.5485397
0.50840956
0.48458043
0.51004231
0.52536267
0.56008756
0.55866885
0.57515937
0.54696411
0.37382931
0.51858562
0.52624685
0.48366481
0.49175063
0.49335963
0.52677792
0.56409371
0.5006122
0.35244647
0.4878194
0.51145285
0.52669591
0.5289408
0.47586748
0.55551654
0.51337069
0.59720814
0.53131509
0.49568868
0.56954426
0.5436492
0.4882912
0.43209019
""
0.69391185
0.49995017
0.55265224
0.59138113
0.60330033
0.39483288
0.57761765
0.50311601
0.5810551
0.45106336
0.52202916
0.54067034
0.65705615
0.49708423
0.51670641
0.61402744
0.45508501
0.53253412
0.59869277
0.52236956
0.46055976
0.6112864
0.61490655
0.52266389
0.52172256
0.51595128
0.49109992
0.57523376
0.53391504
0.57922685
""
0.53551406
0.56546247
0.57165527
0.5687089
0.58950222
0.53087199
0.49650756
0.47589451
0.53710395
""
""
0.57614422
0.61611056
0.56191623
0.65496331
0.52204758
""
0.47447953
0.59423172
0.44239926
""
0.53022534
""
0.56180495
0.58006603
0.57406157
0.55506504
0.6617555
0.63686085
""
""
""
""
0.42631876
""
0.58350116
0.47978005
0.47827783
""
""
0.53288788
""
0.55413508
""
""
0.59693587
0.47721303
0.59615195
0.61002558
""
0.59128904
""
""
""
""
""
""
""
""
""
""
""
""
""
0.40929177
""
0.45331058
""
""
0.42029443
""
0.42983189
""
""
0.34586152
""
""
""
0.49900755
""
0.50680405
0.47952858
""
""
""
0.38742727
0.35382733
0.62934184
""
""
0.43556586
""
0.51873517
""
0.41247475
0.4015778
0.49639234
0.45411569
0.54740649
0.5891031
""
0.53980076
0.44334513
0.52071559
""
""
0.53831571
0.5477125
0.45886597
0.47670615
""
""
""
""
0.49944383
""
""
""
0.59309173
0.5371564
0.46697807
""
""
""
""
""
""
""
""
""
""
0.65165085
0.44430402
0.54817027
""
0.44684586
0.45647642
""
""
0.47345155
0.31818253
""
0.65101963
0.53099263
""
""
""
""
""
0.49800214
0.46752536
0.42933294
0.70663351
0.49334574
0.59513599
0.57301587
0.50210637
0.56877112
0.52498031
0.58043683
0.49010915
0.44209945
0.4757897
0.52363527
""
0.53566664
0.48850375
0.48357621
0.48783764
0.43254703
""
0.51901114
0.595034
0.45098349
0.41110048
0.51658475
0.52080452
""
""
0.51471668
0.52502704
0.58540261
""
0.59389591
0.55629331
0.54790819
0.52055669
0.56994116
0.45029771
0.43193024
0.36549911
0.51822537
0.48871505
""
0.56104243
""
0.50160205
0.41284567
0.60616612
0.51905823
0.55640209
0.47999531
0.52296501
0.58698571
0.56834328
0.5345872
0.54758292
""
0.46747306
0.5157302
0.57299793
0.45089316
0.56510395
0.535146
0.48777121
0.61653715
0.53862202
0.49111876
""
0.5079537
""
0.56714934
0.69498193
0.39237908
""
0.49300212
""
0.53297925
0.46202201
""
0.60693324
0.6842972
0.50632536
0.48870352
0.5868144
0.68229496
""
""
0.6251933
0.44557962
""
0.61937582
0.59195578
""
""
0.40086952
0.3813656
0.43529648
0.68365771
0.59850121
""
0.39529848
0.49051991
""
""
""
0.44671276
""
0.57235813
0.54431283
""
0.491173
""
""
0.55583113
0.331651
0.5610832
0.49763289
0.581765
0.4903802
0.34716931
0.49520808
0.65305769
""
""
""
0.54799581
0.60541773
0.51160139
0.59307152
0.51606554
0.53995711
0.57298857
""
0.52121383
0.49764097
0.48595202
0.54755533
0.48752162
0.54933441
0.46822295
0.53842163
0.63247025
0.53492534
0.54648471
0.58518052
0.4841643
0.50604266
0.49572644
""
0.43777749
0.54191142
0.49570894
0.50298744
0.49424824
0.50161785
0.50854319
0.43270558
0.43189067
0.51644665
0.42335895
0.41687867
0.54272532
0.42934853
0.38697007
0.41393241
0.39054683
0.48953798
0.43505365
0.63533962
0.44759431
0.40230927
0.51537019
0.36628222
0.43783909
""
0.3294943
0.34464666
0.43706942
""
""
""
""
""
""
0.568883
""
0.50412643
0.48700842
""
0.50057644
""
""
""
""
""
""
""
""
""
""
""
0.47982293
0.53510213
""
0.5792352
""
0.54565072
0.55499977
""
""
0.65847552
0.48367456
""
0.48511216
""
0.42026067
""
0.38647261
0.61801386
0.45992291
0.61358374
""
""
""
""
""
0.5684883
0.43119293
""
0.50893587
""
""
""
""
""
""
""
""
""
""
""
0.38798764
""
""
""
""
""
""
0.27978149
""
""
""
""
""
""
""
0.58913451
0.51311755
""
""
""
""
""
""
""
0.33708152
0.36327976
0.46859059
""
""
0.47819355
""
0.51203835
0.31254441
""
""
0.409022
""
0.42402622
""
""
0.47420007
""
0.5083583
""
0.49929827
0.40655848
0.58620036
""
0.4860425
""
0.30518016
0.43900853
0.39269933
""
""
0.54127514
0.57661361
0.40354481
0.43845099
""
""
0.51009399
0.51400679
""
""
0.41279787
""
0.45705783
0.43863809
0.5419625
""
0.47806972
0.46942842
0.50642776
0.4423483
""
""
0.40235642
0.46201453
""
""
0.4173924
0.44763801
0.45941058
""
0.57284534
0.4683722
""
""
""
""
0.41160566
0.37869552
""
0.52099735
0.45564082
0.48087674
""
""
0.52674919
0.45879927
0.35110453
0.4516277
0.42568246
""
0.3851009
0.48812157
""
0.56753761
0.54742712
""
""
""
""
""
""
0.56342214
""
""
0.37460291
""
""
""
""
0.46381178
""
""
""
""
""
""
0.40567493
""
""
0.56036526
0.37295502
""
0.42543244
0.5187102
0.4491761
0.43055859
""
0.51322258
""
""
0.60128558
""
""
""
""
""
""
""
""
""
""
""
0.40797898
""
0.58925843
""
""
0.37200117
""
0.47073206
0.51039064
""
""
""
0.5130344
""
""
0.50132912
""
""
""
""
""
""
""
""
""
""
""
""
""
""
""
""
""
""
0.46442991
""
""
0.38617933
""
""
0.35923618
0.31278491
0.40593851
0.55437458
0.50852168
0.44917434
0.40015751
0.50618654
""
""
0.39000309
0.55293727
""
""
""
""
""
0.49881998
0.53206086
""
0.47080231
0.37737468
0.39938271
""
0.5994398
0.4544698
""
""
""
""
""
""
""
""
""
""
""
""
""
""
0.37498373
""
""
""
""
""
""
""
""
""
0.54748702
""
""
""
""
""
""
""
""
""
""
""
""
""
0.54936296
""
""
0.54493654
0.55095756
0.44070524
""
0.40088046
""
""
""
""
""
0.38473389
0.37142161
0.32024801
""
0.53955722
0.56839931
""
0.48405272
""
0.46276647
""
0.43464765
0.38822457
""
0.4321686
""
""
""
0.33818951
0.36306858
""
""
0.47141585
0.42302063
0.39877555
0.4610911
0.46903694
0.45636129
""
""
""
""
""
""
""
0.45139495
""
""
0.45523399
0.59234214
""
0.36406118
0.51044667
0.43383431
0.4729735
0.5637511
0.49672693
""
0.51624829
0.64399594
0.54004538
0.51003444
0.37431815
""
0.48271468
0.43372196
0.43590003
0.48183295
0.42421013
0.54645866
0.35907191
""
0.62799996
""
""
""
0.42159784
""
""
""
""
0.51296175
0.53063172
0.53462619
""
""
0.48751831
""
""
0.67383122
""
0.55987608
0.36546794
""
0.55471778
""
""
""
""
""
""
""
""
""
""
""
""
""
0.38007921
0.50147426
0.51726562
""
0.4938361
""
""
""
""
""
0.489923
0.47766325
0.45136851
0.52630222
0.57313591
0.56694132
0.54100609
0.6174081
0.52368474
""
0.58232194
0.55914909
0.48714858
0.35351831
0.57457358
""
0.37060007
""
0.49715817
0.51047003
""
""
""
""
""
""
""
""
0.4969168
""
""
0.47590163
0.57811135
0.4905293
0.53263211
0.48383689
""
""
0.55957407
0.48805892
0.45071325
0.49174404
0.60718971
""
0.3987985
0.40893537
0.33440074
""
""
""
""
""
""
""
""
""
0.5369072
""
""
""
""
""
""
""
0.41876379
0.26066244
""
""
""
""
""
0.57550198
0.45782083
""
0.54651046
""
""
""
0.50095206
0.28980565
0.38779667
""
0.42413902
0.42112827
""
0.50347406
""
""
""
0.43957394
0.38907859
""
0.55526346
0.32001814
0.49575132
0.5630706
0.4694052
""
""
""
""
""
""
""
""
""
""
""
""
""
""
""
""
""
""
0.48548341
""
""
""
""
""
""
0.49966094
""
""
""
""
0.42861366
""
""
0.69422644
""
""
""
""
""
""
""
""
""
""
""
0.45095697
""
""
""
""
""
""
0.59955662
""
""
0.43374139
0.5053798
""
0.45654246
0.40999058
0.48031056
0.49165142
""
0.49722952
0.58063036
0.48330885
0.44777626
""
0.71620917
0.50922835
0.53324944
""
""
0.51114792
0.47093719
""
""
""
0.4762091
0.42119923
""
0.57243025
0.57154107
0.56591678
""
""
""
0.39561644
0.36423787
0.5642857
""
0.41483641
""
""
""
""
""
""
0.56102401
0.54785043
""
0.39232394
""
""
""
""
""
""
""
""
""
""
""
""
""
""
""
0.46073353
0.56205201
""
0.50347966
""
""
""
""
""
""
""
""
0.44691873
0.48778519
0.50410938
0.42382419
""
""
""
""
""
""
""
""
""
""
0.42445311
""
""
""
""
""
""
""
""
""
""
""
""
""
""
0.67455733
""
""
0.44427028
""
""
""
""
""
""
""
0.39881232
""
""
""
""
""
""
""
""
""
0.42828149
""
""
""
""
""
""
0.40439427
""
""
""
""
""
""
""
""
""
""
""
0.50373799
""
""
0.41793367
""
""
""
""
""
""
""
""
""
""
""
""
0.35414317
""
""
""
""
""
""
""
""
""
""
0.31331968
""
""
""
0.46680966
0.49836546
""
""
0.41674861
0.54427421
0.44728258
0.4823902
""
""
0.41076571
0.35381034
""
""
""
""
""
0.40809777
0.48785329
0.36396232
0.33623552
0.57159734
""
""
0.58128786
""
0.53405976
""
""
0.54799163
""
0.58695388
""
""
0.51643789
0.34509113
0.56900853
""
""
""
""
0.58071494
0.41876078
0.47563562
""
""
""
0.52838427
0.44523484
""
""
""
0.42064053
0.44441286
0.42625502
""
0.41780698
""
""
""
0.48988339
0.42501754
0.48961228
""
""
0.56326705
""
0.43619549
0.52876383
0.41552618
""
""
""
0.4943994
""
""
0.35780427
0.51041406
""
""
""
""
""
""
""
0.3325797
""
""
""
""
""
""
""
""
""
""
""
""
""
""
""
""
""
""
0.54176825
0.63796359
0.48741192
0.41104504
""
""
""
""
""
""
""
""
""
""
""
""
""
""
""
""
""
""
0.47488064
""
""
""
""
""
""
""
""
""
""
0.55834293
""
""
""
""
""
""
""
""
""
""
""
""
""
0.47252202
""
""
""
""
""
""
""
""
""
""
""
""
""
""
""
""
""
""
""
""
""
""
""
""
""
""
""
""
0.42902318
0.47016698
""
""
0.47143146
""
""
""
""
""
""
""
""
""
""
""
""
""
""
0.4737688
""
""
""
""
""
""
""
""
""
""
""
""
""
0.46669734
""
""
0.39100879
""
0.37850562
""
""
""
""
""
""
""
""
""
""
""
""
""
""
0.48538953
0.48543072
""
""
""
""
""
""
""
""
0.48486748
""
""
""
""
""
""
""
""
""
""
""
""
""
""
""
""
""
""
""
""
""
""
""
""
""
""
""
""
""
""
""
""
""
""
""
""
""
0.38980627
""
""
""
""
""
""
""
""
""
""
""
""
""
""
""
""
""
""
""
""
""
""
""
""
""
""
""
""
""
""
""
""
""
""
""
""
""
""
""
""
""
""
""
""
""
""
""
""
""
""
""
""
""
""
""
0.46710464
""
""
""
""
""
0.3624973
""
""
""
""
""
""
""
""
""
""
""
""
""
""
""
""
""
""
""
0.4954901
0.50439441
0.52407563
""
""
""
""
""
""
""
""
""
""
""
""
""
""
""
""
""
""
""
""
""
0.48110819
0.34094504
""
""
0.33895782
""
0.39555416
""
0.45372534
0.5111075
0.3197805
""
""
""
0.52745891
""
""
""
""
""
""
""
0.52005088
""
""
0.45326898
""
""
""
""
""
0.30189124
""
""
""
""
""
""
""
""
""
""
""
""
""
""
""
""
""
""
0.52622956
""
""
""
0.33497229
""
""
""
""
""
""
""
""
""
""
""
""
""
""
""
""
""
""
""
""
""
""
""
""
""
""
""
""
""
""
""
""
""
""
""
""
""
""
0.54398781
0.47116157
0.44057441
0.54453182
""
""
""
""
""
""
""
""
0.44194055
""
0.35210022
""
""
0.42745024
""
0.28798082
0.33043763
""
0.53304571
""
""
""
""
0.42008564
""
""
0.38641202
""
""
0.45836869
0.36818194
0.43343446
""
""
""
""
""
""
""
""
""
""
""
""
""
0.30526561
""
""
""
""
""
""
""
""
""
""
""
""
""
""
""
""
""
""
""
""
""
""
""
""
""
""
""
""
""
""
""
""
""
""
""
""
""
""
""
""
""
""
""
""
""
""
""
0.54026359
""
""
""
""
""
""
""
""
""
""
""
""
""
""
""
0.49621499
""
""
""
""
""
""
""
""
""
""
""
0.45085859
""
""
""
0.49185371
0.29925177
""
0.46339008
""
""
""
""
""
""
""
""
""
""
""
""
""
""
""
0.39823195
0.46078384
""
0.474343
""
""
""
0.41356573
0.64979881
""
""
""
0.53794467
""
""
""
0.38816872
""
""
0.38397869
""
""
""
""
""
""
0.55637866
0.41163266
""
""
""
""
""
""
""
""
""
""
""
""
""
0.33218637
0.55991942
""
0.57920426
""
""
0.47872791
0.52054983
0.43246517
""
""
""
""
0.46617708
0.50015688
""
0.45011768
""
""
""
""
""
0.47202292
0.45856589
0.57484233
0.43257377
0.42928779
0.45611057
0.60749424
0.53283221
0.43596968
""
""
0.5047031
""
0.49319509
""
0.4578608
0.3508749
""
""
""
""
""
""
""
""
""
0.37677151
0.49817407
""
""
0.38783124
""
""
""
0.49725896
0.41828078
0.48089969
0.47113773
""
""
0.39864278
0.45603949
0.54814255
""
0.46442685
0.40140268
""
0.48935571
""
0.55606413
0.57442904
0.56903243
0.43125615
0.49052623
0.4786182
0.45398551
0.50438672
0.43584648
""
0.42560056
0.51542544
0.48956221
0.52509165
""
0.47276238
""
""
""
0.47056699
0.42266566
""
""
0.61883122
0.30467737
0.41417062
0.40076938
""
0.44443819
0.37987077
0.55904335
0.46571082
0.57928914
""
0.46258292
""
0.45844784
""
0.56016278
0.55503035
""
""
0.54791957
0.48659536
0.38276741
""
""
""
0.5442456
""
""
0.41304535
0.50535929
0.54976207
0.45022905
0.45682803
""
""
""
""
""
0.44201291
""
""
0.49710453
""
""
""
""
""
0.5541302
""
0.47250247
0.41237885
""
0.5531944
0.51986212
""
""
""
""
""
""
""
""
""
""
0.5279966
""
""
0.49248874
""
""
0.53232282
0.43062094
0.60710573
0.53617108
0.47555977
0.58391309
""
0.53616577
0.63962626
0.46451578
0.38472408
""
0.4929722
""
0.57709855
0.34508005
0.47236109
0.61581421
""
""
""
0.44615537
""
""
""
""
""
""
0.51129776
""
0.5570398
""
0.46126914
""
""
""
0.5044331
0.46225664
""
""
""
0.54156995
0.43832582
""
0.51973158
0.48079818
0.49519569
0.46760753
0.45291746
0.42148143
0.53674424
0.49093029
0.58495885
0.49503165
0.5570364
0.56530237
0.58504587
0.47357056
""
""
0.5202629
""
0.48273697
""
0.46069974
""
0.45201477
0.44527563
0.53553075
0.45813519
0.49541411
""
0.55298805
""
""
""
""
""
""
""
0.55924094
""
""
""
""
""
0.40405807
""
0.36076772
""
""
""
""
""
""
""
""
""
""
""
""
""
0.51351076
""
""
0.5136925
""
""
0.61315477
""
""
""
0.5014199
0.54193062
0.39771616
""
""
""
0.48503032
0.63743156
""
0.48352432
0.42375889
0.61580563
""
""
""
""
""
""
0.48869169
""
""
""
""
""
""
""
""
0.58440894
""
""
0.58740377
0.44783047
""
0.48498377
""
0.4871304
""
0.41243118
""
0.46617386
""
""
""
""
""
0.54060227
0.46363139
""
""
""
0.59949547
0.50191778
0.46286511
0.66777176
0.43724144
""
0.45072192
""
0.60316694
0.499457
0.61346585
0.50693154
""
""
0.43257725
0.45778573
0.49684709
0.44643724
""
0.53947401
""
""
""
0.54381031
0.43709996
0.51311779
""
""
""
0.332647
0.42530933
0.44322804
0.60671151
0.45105684
0.50833136
""
""
""
0.52596217
0.54509866
0.39559028
0.47696635
0.42850354
0.34833276
""
0.52213556
0.45659798
""
""
""
0.57420498
""
0.50802094
0.46360141
0.4483338
0.43943807
0.39979813
0.48090297
""
0.4891265
""
""
""
0.38452885
0.30538175
0.33547255
""
""
""
0.37845093
""
""
0.4674302
""
""
0.36685145
""
""
""
""
""
""
""
""
""
0.45753562
0.52342916
""
""
""
""
""
""
""
""
0.42155391
0.46648076
0.45926341
0.40994975
0.44316408
""
0.59418231
0.46984088
0.41897342
0.56464362
""
0.45352015
0.35603118
0.47071368
0.54880118
0.33285046
0.32049161
0.61590624
0.48951599
""
""
""
""
0.56632626
""
0.53673697
""
""
""
""
0.39305618
0.41863257
""
0.33673933
0.38438648
0.42332077
""
""
""
""
""
0.40464273
""
""
""
""
""
""
""
0.47499701
0.57179725
0.61995471
""
0.58377916
""
0.34094456
""
""
""
0.47026691
0.54565209
0.39904386
0.48343503
0.54146618
0.39856026
0.53114396
0.42654601
""
""
0.56177801
0.61105692
""
""
0.47831887
0.50650817
0.50310904
0.37105376
0.51887608
""
0.41081536
""
0.48939449
0.45870948
0.59545398
0.63035566
0.57799804
0.47775471
0.4852939
0.37869605
0.43981895
0.47786677
""
""
0.52057397
""
""
0.45729718
0.58046716
""
""
0.39722326
0.51515955
0.50130665
0.60471803
0.37832725
0.50842613
""
0.50167483
0.57765615
0.43275052
0.50985259
""
""
""
""
""
""
""
""
""
""
""
""
""
""
""
""
""
""
""
""
""
0.40021324
""
""
""
""
""
""
""
""
""
""
""
""
""
""
""
""
""
""
""
0.41789651
""
""
""
""
""
""
""
""
""
""
""
""
0.41821989
""
""
0.37814489
0.55517995
""
""
""
""
0.52168059
""
0.48726422
""
0.46531725
""
0.6674403
0.55330181
""
""
""
0.48743668
""
""
""
""
""
""
""
""
""
""
""
""
""
""
""
""
""
""
""
""
""
""
""
""
""
""
""
""
""
""
""
""
""
""
""
""
""
""
""
""
""
""
""
""
""
""
""
""
""
""
""
""
""
""
""
""
""
""
""
""
""
""
""
""
""
""
""
""
""
""
""
""
""
""
""
""
""
""
""
""
""
""
""
""
""
""
""
""
""
""
""
""
""
""
""
""
""
""
""
""
""
""
""
""
""
""
""
""
""
""
""
""
""
""
""
""
""
""
""
""
""
""
""
""
""
""
""
""
""
""
0.42745706
""
""
""
""
""
""
""
""
""
""
""
""
""
0.48788053
""
0.40449873
0.44890985
""
""
""
""
""
""
""
0.47656968
""
0.53137517
""
""
0.41146937
""
0.47629359
""
""
0.37281397
""
""
""
0.47224203
""
0.41796559
""
0.26707
""
""
0.37796205
""
0.54571635
0.51113021
0.45106465
0.48267058
0.44924736
0.60790145
0.49114776
0.45474786
0.47694275
0.53508806
0.51183903
0.48268279
0.39321679
0.39876735
0.48779294
0.48282447
0.44463196
0.52440846
0.45583463
0.51422095
""
0.4146629
""
""
0.50729305
""
0.39480138
0.39001441
""
""
""
""
""
""
""
0.41684908
""
0.4187353
""
""
""
""
""
""
0.45967233
0.564843
""
""
""
0.37965736
0.54603118
0.39679357
""
""
""
0.54049236
0.38610885
0.53211975
0.57763809
0.47393155
0.52915084
0.50342196
""
""
""
""
0.41240507
0.3946808
""
""
""
0.45750207
0.40875888
0.62044632
0.46073151
0.52057856
0.44654387
0.54453957
""
""
0.50682747
0.60353953
0.3356438
""
0.45459384
0.44190544
0.41417646
0.51260769
0.51151299
0.5007183
0.57120115
0.45381135
0.52844524
0.46390235
0.49215126
0.43327561
0.39512652
0.51245171
0.4985947
0.49859163
0.43432772
0.50361371
""
""
0.44704369
0.43418089
0.47960037
0.46450293
0.49640229
0.58329844
0.36513627
""
""
""
0.46952206
""
0.54366606
0.5246731
0.4802171
0.41156539
0.41422984
0.34199563
0.44801801
0.42156833
0.38924825
0.44598871
0.44596931
0.52033091
0.53027385
0.45727164
0.46833199
0.43162704
0.46673116
0.4668594
0.62350404
0.46266666
""
0.50459176
0.47361097
0.4491978
0.52979505
0.45817906
0.49999595
0.4147251
0.56175721
0.45532635
""
0.42916727
0.52377802
0.43917847
0.48771983
0.49014997
0.46134946
0.45190522
""
0.45140952
0.59309292
0.40572971
0.56781578
""
0.30640501
0.41936526
0.42557624
0.5735482
0.46360442
0.39877206
0.43921179
0.42453718
0.45175228
0.43349364
0.37874785
0.41273442
""
0.39399186
""
0.52663845
0.39705616
0.50085014
""
0.39284229
""
0.4722614
""
0.46701989
""
0.60229844
""
""
""
""
""
""
0.51934415
0.56483001
0.43180972
0.40041927
0.44265476
0.35690254
0.50068629
0.4333511
0.40559256
0.38482764
""
""
0.51989317
""
""
0.41829017
""
0.43336847
0.46089271
""
0.46781775
0.53997546
0.4933534
""
0.4914287
0.60518539
0.41473565
0.35920686
""
0.35383227
0.31047639
0.47978652
0.49033189
0.47651136
0.44109079
0.32976732
0.52266079
""
""
""
""
""
0.32367983
""
""
""
0.47346544
""
0.39911082
""
""
""
0.47223321
""
""
""
""
""
""
""
""
""
0.38975313
0.52694219
0.39750355
""
0.45775673
0.34983426
""
""
""
""
0.45735976
0.50372273
0.3857812
0.43359336
""
0.34515205
0.44263953
""
0.38586083
""
0.39679694
0.48664731
""
0.39616898
0.49305239
0.46161202
""
0.35015503
0.4737078
0.48740265
0.55366731
0.47701555
0.53093541
0.49088901
0.4016977
""
0.26792166
0.35296884
0.43675944
""
0.42528084
""
""
""
""
0.36346459
""
0.49619609
0.50066227
0.44360277
0.428837
""
0.44497991
0.52408397
0.52280682
0.53118354
0.4219628
0.40403745
""
0.49089754
0.44372711
0.4408676
0.48197323
0.47844669
0.35723412
0.48446864
""
""
""
0.35077068
0.52185374
""
""
""
""
0.64566171
0.50270581
0.41481498
0.55039215
0.54368478
0.47707126
0.59703106
0.523067
0.53802049
""
""
""
""
""
""
""
0.42114025
""
0.39502573
""
""
0.53113455
0.4705615
0.50497466
0.56520844
0.48453063
0.47874919
0.42038137
0.45568246
0.42352778
0.34677207
""
0.37861481
0.43056804
0.5312252
0.47602868
""
0.56159616
0.51167566
0.42431787
0.52574182
0.41623914
0.59802902
0.48157269
0.62156099
0.54897022
0.61903137
0.50010997
0.67433274
""
""
0.49184337
""
0.51576686
0.53113443
0.57706475
0.5393973
""
0.55060804
0.54569787
0.43398628
""
""
""
0.45991269
0.45655006
0.60072792
0.51733786
""
0.53801394
0.45895824
0.36290777
""
""
""
""
""
""
""
0.45222163
""
0.46738857
0.34961125
0.49926791
0.44262037
""
""
""
""
""
""
""
""
""
0.46657112
""
0.6099878
""
0.35870209
0.50049567
""
""
0.38707128
""
""
0.4315185
0.53891999
0.4197804
0.40656951
0.53214389
0.4991343
0.44049817
""
""
0.46246955
0.40353438
0.4040885
0.45016825
0.49764085
""
0.46430507
""
0.5204441
0.58418727
0.520854
""
""
0.44684762
""
0.45879796
""
""
0.43923905
""
0.39397332
""
""
""
""
0.55102909
0.55202007
""
""
0.49912134
0.52649766
0.52596968
0.69223273
0.43892708
""
0.44159576
0.40917552
0.48615733
0.34026927
0.34685275
0.64179647
0.324074
0.52980042
0.48996633
""
0.4486137
""
0.47955921
""
""
""
0.58232188
""
0.51706868
0.55301511
0.62445486
0.57970971
0.49089932
0.54182887
0.4603036
""
""
""
""
""
""
""
0.61187536
""
""
0.46116415
0.56256324
0.52180582
0.53971648
0.50943059
0.45909873
0.58290851
""
""
0.44826025
0.46411905
""
0.51747507
""
0.53149545
0.51526755
0.54342389
0.45427173
""
0.52898252
""
""
""
0.60722995
""
0.43281937
""
0.39723647
0.37836421
""
0.45169964
""
""
""
""
""
""
""
""
""
""
""
""
0.52088648
0.42016757
""
0.57712185
""
""
""
0.46287754
0.50919002
""
""
""
""
0.53752315
""
0.43568963
""
""
""
""
0.53424901
""
""
""
0.47229785
""
""
""
""
""
""
0.52590376
0.57516038
""
""
0.58682799
""
""
""
0.34890327
0.51621866
""
""
0.52297425
""
0.56638241
0.63541591
0.48815018
""
0.51617831
""
0.55989426
""
""
""
""
""
""
""
""
""
""
""
""
""
""
""
""
""
""
""
""
""
""
""
""
""
""
""
""
""
""
""
""
0.43415737
0.61712652
0.56251818
""
""
""
""
""
0.40194777
""
0.62033856
0.49754468
0.58365136
""
""
""
""
0.44185227
""
""
""
""
0.57044333
""
0.50669229
0.49242735
0.43384987
0.40150383
0.60038793
0.50214612
0.43451515
""
0.586505
0.45990705
0.50609839
0.50095266
0.3844445
0.61770624
""
""
0.48687187
0.49696171
0.41665173
""
0.42475727
0.66049731
""
0.4570407
""
0.390991
""
""
""
0.45241466
""
""
0.38126534
0.43657988
0.53220552
""
""
0.64019871
""
0.42886263
""
0.55228937
0.46015343
0.40446562
""
""
0.38553318
""
""
""
""
""
""
""
0.6104973
""
""
""
""
""
0.49593219
0.42491537
0.341501
0.34289744
0.50441742
""
""
""
0.49913946
""
""
0.48171386
0.52744836
0.48224482
0.45337957
""
""
""
""
0.425733
0.50730228
""
0.45295089
""
0.44769418
""
""
0.50347
0.50868791
0.53060067
0.5026356
0.55004615
0.53447789
0.54740679
0.47694734
""
0.44078764
0.54478252
0.37156466
0.49853903
""
0.55434448
0.46530452
0.58037001
""
""
0.4453218
""
""
""
""
""
0.58779144
""
""
""
0.47188944
""
""
0.42251852
""
0.44624901
""
""
""
""
""
""
""
""
""
""
""
""
0.52323705
0.41633174
0.49220425
0.47642145
0.55713737
0.59634519
""
""
""
""
""
""
""
""
""
0.60383397
0.43916538
0.46884719
""
0.52490985
0.43634146
""
""
0.57137382
0.4942002
""
0.38114488
0.53955257
0.52792186
0.54990375
0.41054422
0.46282274
""
""
""
""
""
0.55864537
0.42868349
""
0.54611385
""
""
""
""
""
""
0.62520206
""
""
""
""
""
""
""
""
""
0.41888997
0.47775817
""
""
""
0.54075122
0.53949285
""
0.46367642
0.50821817
""
0.61957735
0.45138359
0.54966968
""
0.47531515
0.47292691
0.43815339
0.50742608
0.42281139
0.50257611
0.40777716
""
0.43782163
0.54287511
0.50612241
0.5297665
0.51620358
0.5193485
0.57030183
""
0.46343619
""
""
""
""
""
0.51546383
""
""
0.46588328
""
0.43009466
""
""
""
""
0.53831983
0.68911147
""
""
0.40620887
""
0.70029533
""
""
0.44248924
""
""
0.57492334
""
""
""
""
""
""
""
""
""
""
""
""
""
""
0.41537085
0.63027787
""
""
""
""
0.5171271
0.4430356
0.49106488
0.53698587
0.38562486
0.44470245
""
""
0.44817021
""
""
""
""
""
""
""
0.45882586
""
""
0.52474427
0.57234937
""
""
0.52010614
""
""
0.54818887
""
""
""
0.49611765
""
0.4495936
""
0.49716181
0.62201768
""
0.51708126
""
0.40464494
0.46672538
""
""
""
0.45761418
""
""
""
""
""
""
0.54385382
""
""
""
""
""
0.47928643
""
""
""
""
""
""
0.42727089
""
""
""
""
""
""
""
""
""
""
0.40321457
""
""
""
""
""
""
""
""
""
""
""
""
0.6072787
0.54583406
""
""
0.40173247
0.53093749
""
""
""
0.56511325
""
""
0.56176555
""
0.46705955
""
""
0.50463206
""
0.53149641
0.57579577
""
0.45852354
0.4026956
0.40508509
0.5575124
0.57281643
0.53816867
""
0.49322405
0.6149404
0.41009888
0.48710364
0.68250668
""
0.6125924
0.56602097
0.47211573
0.58548307
""
0.43657589
0.48127839
""
""
0.48753965
0.53745091
0.50253654
""
""
""
0.44022608
0.53831434
0.5212726
0.52383596
0.54905802
""
0.57407302
""
""
""
""
""
0.38850006
""
""
0.43692064
0.39961541
""
0.40069109
""
""
""
0.59691769
0.59162194
0.36109331
""
0.41440392
0.47808757
0.5626778
0.44580904
0.46464247
0.58031297
0.60923779
""
0.46877187
0.59234428
0.42628905
0.41503391
0.52410167
0.44792417
""
""
0.47949877
0.5081203
0.52875149
0.35878527
0.44650042
0.59114665
0.38691548
""
0.53070629
""
""
0.4607636
0.44458368
0.4920423
0.56830043
0.64399886
0.45104972
""
""
0.51406705
0.54914623
0.59766763
0.49724105
0.42456713
0.40654755
""
""
0.68183959
0.57956767
0.55141538
""
0.44237235
0.59202152
0.45890561
0.3248474
0.48104474
""
0.42597669
0.58287156
0.53378618
0.56980085
0.49002188
0.34678346
0.55104202
0.61944515
0.5337196
0.54333597
0.54127699
""
""
""
0.39502832
""
""
""
0.5469923
""
""
""
""
0.58205891
""
""
0.56975991
""
""
""
0.52292496
""
0.48032117
0.46867529
0.41735628
0.39664492
""
""
""
""
""
""
""
""
""
""
""
""
""
""
""
""
""
""
""
""
""
0.43311134
""
""
""
""
""
""
""
""
""
0.44432959
""
""
0.42111397
0.61828262
0.60751742
""
""
0.59416491
0.34182912
0.46869376
0.40363851
0.4075312
0.56068349
0.53670228
0.64017379
0.47697353
""
0.58903104
0.4780221
0.36283222
0.3511408
""
0.58282799
0.49611384
""
""
0.50917876
0.547153
""
""
""
""
""
""
""
0.61519659
0.47660944
""
""
""
""
""
""
0.53640586
""
""
""
""
""
""
""
""
""
""
0.47236067
""
""
""
0.60762775
""
""
0.44412991
""
""
""
0.5172599
""
""
0.4862079
""
0.41354725
0.58487779
""
""
0.55539316
""
""
0.52041233
""
""
""
""
""
""
""
0.48090848
""
""
""
""
0.56230092
""
0.50380665
""
0.63092011
0.58424348
0.50064611
""
""
""
0.47212681
""
0.53325301
0.43098694
""
""
0.51042193
""
0.42538449
""
0.47231969
""
""
0.35776305
0.43093479
0.60630655
0.55141246
""
0.58815789
0.46450651
0.48409128
0.41807598
0.54670191
0.38068447
0.41142955
0.36917281
0.59006965
0.58864403
""
0.51374763
0.45790294
0.5967623
""
""
""
0.40911099
""
0.48224518
""
0.46570909
0.54942316
0.59701043
0.63836956
0.43274817
0.43527293
0.56170678
0.50207132
0.44367611
0.50753534
""
0.45251274
0.45136738
""
0.43625206
""
""
0.4961547
0.47480452
""
""
0.46669358
0.44538537
0.55175263
0.34810182
0.59259182
0.56436664
0.55216652
""
""
0.54763347
0.41388565
""
0.48471704
""
0.46285111
""
0.45076895
0.52583748
0.52137446
0.4622677
0.44679269
0.46181086
""
""
""
""
0.4514814
0.42491615
0.4917073
0.41267848
0.42906371
""
0.39956993
0.48218647
""
0.49555165
0.51597226
0.36958608
0.57446522
0.45844883
0.41866714
0.58120042
0.41939196
0.51760578
0.58144188
0.47833982
0.46322921
""
0.50274915
""
0.49855745
""
0.57991207
0.57839745
0.66469651
""
""
""
0.4548648
""
0.61359119
""
""
0.53644437
0.66898859
0.64046454
""
0.63187861
""
""
""
0.47969186
0.41864982
0.55189109
0.52253795
""
0.49984765
0.53073907
0.47359684
""
0.58697212
0.45919505
0.55453014
""
""
""
""
""
""
""
""
""
""
0.6039288
0.45695683
0.37397465
0.44907913
""
0.48316494
0.35543737
0.44854918
0.50648695
0.60892713
0.49362588
0.46722752
0.56571448
0.45645502
0.53659505
0.42843196
0.42904419
0.40761206
""
0.60958403
""
""
""
0.65448403
0.60578203
0.50725961
0.46778786
0.57324076
0.44217679
0.43589658
0.4669399
0.57205188
""
0.41207936
0.48552951
0.54616344
""
0.46126863
0.48602304
0.45639247
0.57157761
""
0.49176136
0.45762253
0.53074986
0.57117528
0.58999813
0.51649344
0.47840834
0.51522392
0.36646378
0.58928084
0.42253229
0.47223169
0.4889608
0.5008828
""
""
""
""
""
""
0.55105478
0.52385521
""
""
""
""
0.56484079
0.53421044
0.50786829
0.53572017
0.49861643
0.6341247
0.5018484
0.60109848
""
0.52926481
0.50280249
0.39564317
0.60148716
0.53589272
""
0.61358255
0.56021124
""
0.62289631
""
0.59887946
""
""
""
""
""
0.53985626
0.55620766
""
""
0.51299298
""
0.63565218
0.63066536
0.51085275
""
0.53089851
0.54198468
""
0.53849304
0.62984753
""
""
0.62661219
0.51724082
""
0.55307162
""
""
0.58263355
""
""
""
""
""
""
""
""
""
""
""
""
""
0.49702469
""
""
""
""
""
""
""
""
""
""
0.52775556
""
""
""
""
""
""
""
""
""
0.58575428
0.47276902
""
0.48475906
""
""
0.57944298
""
""
0.47539544
0.55207986
""
0.47640887
0.47033787
0.50810826
0.59997654
""
0.44828361
0.48480275
0.53871042
0.35527751
0.55507362
0.43691
0.58456218
""
0.58313608
0.52095598
0.41762447
""
0.52794021
""
""
""
""
0.48745099
""
""
0.55063093
0.55127162
0.5475238
0.48359984
""
0.50793868
""
0.5637666
""
""
""
""
""
""
""
""
""
""
""
""
""
0.46859252
""
""
""
0.46253723
""
""
0.40622845
0.5007602
0.46329647
0.52413756
""
""
0.54968745
""
0.47649407
0.40670219
""
""
""
0.50179619
""
""
0.5181787
0.58280873
""
0.52172095
0.53195119
0.47964174
0.4528183
""
""
0.49324396
""
""
""
""
""
""
""
0.44234285
""
""
""
0.45284861
0.48233315
""
""
""
""
""
""
""
0.563667
0.61608225
0.54314399
""
0.50589681
""
""
0.55490541
0.46735811
""
0.60727096
0.52838546
0.52295417
0.41374213
0.50494158
""
0.49138075
0.66604626
0.49734917
""
0.49667948
0.61528504
0.5216257
""
0.59063798
0.61216605
""
0.46206912
0.50152159
0.48425284
0.52736366
0.52715558
0.4930962
0.58762687
0.50404799
""
0.39969811
0.4554204
0.54212785
0.42151576
0.57177609
0.49706742
0.50263029
0.46257541
0.49200726
0.39163372
0.44031778
""
0.46356171
""
0.52067184
0.47535661
0.46805474
0.46393597
0.64557421
""
0.54173195
""
""
""
0.54562336
0.54726404
""
""
""
0.58035916
0.4549965
""
""
""
""
""
""
""
0.4339053
""
""
0.58499968
""
""
0.41450077
""
""
""
""
""
""
""
0.30884829
0.49115914
""
0.52905709
""
""
0.4492054
0.49850833
0.42231128
0.5452196
""
""
0.54237169
0.54953587
0.50669575
0.44269657
""
0.53525853
0.5415433
""
0.47309893
0.48669344
0.56152493
""
0.49967891
""
0.59219187
0.53455579
0.60310411
0.52288634
""
0.48312816
""
0.50756866
0.52508062
""
0.51724201
0.49439257
0.47792146
0.41185936
""
0.56133157
""
""
""
""
""
""
0.42294487
0.53162754
""
""
""
""
""
""
""
""
""
""
""
0.59538776
0.5896678
""
""
""
""
""
""
""
""
0.47536188
""
""
""
""
""
""
""
""
""
0.46656099
""
""
""
""
""
""
""
""
""
""
""
""
""
""
""
""
0.46545243
""
0.37194991
0.4386099
""
""
""
""
""
""
""
0.47496754
""
""
""
0.36242461
""
""
""
""
""
""
""
""
""
""
""
""
""
""
""
""
""
0.38657114
""
""
""
""
""
""
""
""
""
""
""
""
""
""
""
""
""
0.47562593
""
""
""
""
""
""
""
""
""
""
""
""
""
""
""
""
""
""
""
""
""
""
""
""
""
""
""
""
""
""
""
""
""
""
""
""
""
""
""
""
""
""
""
""
""
""
""
""
""
0.56191993
""
""
0.46861222
""
""
0.48437411
0.50287515
""
""
""
""
0.46462283
""
""
0.50966746
""
0.44040862
0.39628744
0.5481565
0.45422429
""
""
""
""
0.61273456
""
0.49930361
0.52529782
0.53917521
0.42204225
""
""
0.46736404
0.62962061
""
""
""
""
""
""
""
""
""
""
""
""
""
""
0.42039195
""
""
""
""
0.48966038
""
""
""
""
""
""
""
""
""
0.54931968
0.42044932
0.31416315
0.46469355
""
""
0.53551441
""
0.5011887
""
""
0.40465835
0.42612115
0.45002306
0.48186004
0.59295851
0.57410872
0.45154834
0.53342569
0.47718009
0.5674358
0.58209491
""
""
0.61007088
0.4632782
0.53127909
0.47761297
0.46535265
0.52743661
0.40483406
0.47294518
0.62052315
0.51769829
0.46721533
0.51140219
0.5146817
0.46556333
0.53396344
0.57717919
0.47052738
0.46958369
0.51839274
0.47605187
0.47190958
0.43641046
0.51429373
0.56253356
0.50339448
0.47051179
0.55218458
0.60053003
0.52278298
0.50202894
0.48331141
0.49620938
0.52172458
0.47246173
0.46264291
0.43695968
""
""
0.58058792
0.34803301
""
""
""
0.46326503
0.30835733
0.54452217
0.46256375
0.43159124
""
0.38670668
0.49266809
0.38117135
0.5112794
0.34256297
0.38416544
0.49663255
0.51389301
0.36225319
0.46868393
0.56381524
0.42686239
0.3423239
0.50819016
""
0.56351501
0.51852518
0.52679384
0.46923995
0.53781772
0.3793641
0.46507394
0.42183343
0.49337
0.44369125
0.45862529
0.48274612
0.42462754
0.46866283
0.52951342
0.5072841
0.52072734
0.54480475
0.54812598
0.5035494
""
""
""
""
""
""
""
""
""
0.65139788
""
0.61752981
""
0.54760486
0.54162568
0.42387077
0.52751231
0.49897471
0.42778447
0.5162431
0.48372465
0.57874769
0.52489495
0.45738509
0.51474416
0.45566028
0.52912325
0.57711178
0.55429268
0.48401529
0.40175062
0.54233348
0.53162193
0.54138958
0.51413149
0.54438591
0.41341269
0.63443077
0.50434417
0.56382352
0.51155049
0.4913089
""
0.45589563
0.46888545
0.47932592
0.43141827
0.55376065
0.52308828
0.53432739
0.48529366
0.53754997
0.5188486
0.49456999
0.53184754
0.33458701
0.48657092
0.31799421
0.47282022
0.49711749
0.52518439
""
0.42224166
0.48962045
0.45083806
0.60971951
0.53813487
0.49475208
""
0.42884788
0.46294051
0.5779435
0.52645332
0.4504399
0.44956699
0.63619649
""
""
0.60872489
0.45583016
0.46202856
0.5539245
0.5505935
0.59953547
""
0.54870105
0.56846607
0.53404194
0.49172318
0.51359171
0.46779913
0.53826183
0.5928008
""
0.49072513
0.59120876
0.54612046
""
0.55977118
""
""
""
0.5720793
""
0.66895688
""
""
""
""
0.58612049
""
""
0.57344449
0.56355494
0.45380917
0.53356671
0.68185294
0.47966853
0.49160463
0.47118554
0.66986108
0.47002065
0.49088982
0.50374466
0.36012524
0.52304995
0.60355961
""
0.55993849
0.45247358
0.45953637
0.51730883
0.51472759
0.5514167
0.56655043
0.44506824
0.46343994
0.56714189
0.55038089
0.49287668
0.54230338
0.53685987
0.53540373
0.43660045
0.47500721
0.53187925
0.47959563
0.54242045
0.52505404
0.60138786
0.52702427
0.54262352
0.56611824
0.46758273
""
0.59182161
""
""
""
0.54734361
""
""
0.57616067
""
0.64140368
""
""
0.61182714
""
""
0.44597855
0.49996945
0.50693512
0.50035083
0.50244474
0.43920454
0.4612695
0.50728005
0.45247748
0.49364212
0.58067399
0.4710817
0.57602787
0.50198239
""
0.56451929
0.51504761
0.58832997
0.6206851
0.57198459
""
""
0.57923871
""
""
""
""
0.5058791
""
""
0.57340264
0.44326407
0.57264656
""
0.65807372
""
""
0.61353981
0.4941611
0.50835741
""
0.59789991
0.61364806
""
0.50293612
0.56508613
0.55490261
0.58249861
0.40345541
0.42094678
0.63116723
0.42514879
""
""
0.45488542
""
""
0.56549758
""
0.60459661
0.56615514
0.50703704
0.5500465
0.62276191
0.55157173
""
""
""
0.52516472
0.40361032
0.64811289
""
""
""
0.4679783
0.45201841
""
""
""
0.56175053
0.39923713
0.55045134
""
0.44373927
0.42977896
""
0.55706531
""
""
""
0.57319039
0.38289398
0.34100676
""
0.57272243
0.42999479
0.52129436
""
0.45270073
""
""
""
0.40660641
""
0.50677085
0.66377079
0.55148071
0.47869077
0.5141623
""
0.53075826
""
""
""
0.46080497
""
""
""
""
""
0.50458413
0.52920914
0.2866329
0.50965554
0.60837168
0.46553454
0.47514722
0.56360072
0.52572578
0.51959455
0.52560848
0.49892256
0.50280941
0.56652516
0.56747556
0.45413876
0.59828472
0.47240555
0.57671469
0.49718174
0.47961426
0.52266455
0.42857149
0.48046252
0.55181843
0.45660248
0.58934689
0.4858951
""
0.38689974
0.41838625
0.53661925
""
0.50083166
0.40945727
0.3987326
0.4470956
""
""
""
""
0.49184838
0.45668867
0.49544299
""
0.44996068
0.515248
0.52757567
0.50949252
""
0.49627605
""
""
""
""
""
""
0.53343511
0.30180168
0.43355528
0.619515
0.5310412
0.49019399
""
0.33403173
""
0.52798396
""
0.52430159
0.50059855
""
0.4470942
0.42896926
0.46811736
""
0.60190821
""
0.5164544
0.5472883
""
0.42024353
0.27149749
0.40097475
""
""
""
0.35535261
""
0.34924203
""
0.38325638
0.33581176
0.35687739
""
0.43534842
0.54665649
""
""
0.515297
0.63601673
0.59348148
0.45244464
0.61354971
0.5480572
0.37779042
0.45663813
""
""
""
0.51302975
""
0.53905958
0.41525069
0.49685401
0.29374087
""
""
0.4900659
0.49266902
0.36149701
0.36205015
0.46526727
0.46436581
""
0.46378061
0.40209806
""
""
""
""
""
""
""
0.40068638
""
""
0.66106582
0.38795134
0.44415301
0.46437031
0.4546831
0.4303714
0.47152328
0.46552351
0.55571353
""
0.54914302
0.5234952
0.44666523
0.41195926
0.64798856
0.5239113
0.54539996
0.65086877
0.60593724
0.5616588
0.5132485
0.44753358
0.4983044
0.38277596
0.36050102
""
0.52508545
0.5384987
0.41651636
0.43667018
0.52445704
0.48688176
""
0.49863338
0.43334162
0.32170179
0.54910398
""
""
""
""
""
""
""
""
0.46247169
0.50516725
0.45414591
0.41545254
""
0.52809328
""
""
""
""
0.45037925
0.42223373
0.55542237
""
0.40336367
0.5042699
0.53030479
0.45429823
0.51885688
0.61212867
0.44103768
0.52074164
0.60018891
""
0.49472618
0.39175338
0.60222656
0.42311171
0.48266342
0.50644672
""
0.48837209
""
0.58638388
0.51802039
0.58610028
0.47428539
0.62835246
""
""
0.40166962
0.64567977
""
""
0.62269104
0.69398552
""
0.49395224
0.47957584
0.4694764
0.51527339
""
""
0.52743626
""
0.55484086
0.54071999
0.53503549
0.49601531
""
""
""
""
0.49477866
""
""
""
""
""
""
""
""
""
""
""
""
""
""
""
""
""
""
""
""
""
""
""
""
0.45742384
0.52781743
0.52849644
0.39924559
0.50049001
""
""
""
""
""
0.56805187
0.54788405
""
""
""
0.52731824
""
""
""
""
""
""
""
""
""
0.38842699
""
""
0.52417129
0.43648115
0.40772197
0.45008746
0.46393901
0.54985482
0.48055598
""
""
""
0.55786091
0.38492522
0.4140386
0.48446965
0.38837314
0.47403648
0.41329461
0.34559873
0.42847425
0.47578108
0.5287807
0.46462417
0.46503788
0.45700133
0.47109377
0.51255715
0.36859989
0.35976875
""
0.39689156
""
0.43743294
""
0.36464787
0.41826966
""
""
0.45862255
0.58996958
0.38813025
0.30270725
0.51070887
0.41459247
0.59730417
0.53004539
0.48415515
0.37665761
0.49704784
0.54365873
0.51913369
0.4924714
0.50821501
0.39778677
0.64169437
0.5358994
0.50225675
0.51984119
0.57140136
0.51910377
0.50054932
0.50413227
0.42671317
""
0.50965834
0.42286468
0.46003917
0.55194747
0.41938514
""
0.65044367
""
""
""
""
""
""
0.40624717
0.39922661
""
""
""
""
""
""
""
""
""
""
""
0.47431344
""
""
""
""
""
""
""
""
""
""
0.43069845
""
0.51645958
0.36079296
""
""
""
""
""
0.43899727
""
""
""
""
""
0.50362009
""
""
""
""
""
""
""
""
""
""
""
""
""
""
""
0.55309111
0.58090377
""
""
""
""
0.40225029
""
""
0.5867278
""
0.43525544
0.52960688
""
0.47898814
""
0.47391543
""
0.62817448
0.66163921
""
0.42211804
0.50785732
0.54615456
0.47153667
0.50641406
0.57566339
0.59877491
0.49929667
0.4239026
0.56667274
0.54164517
0.55861861
0.52007091
0.50707054
0.5239085
""
""
""
""
""
0.52337509
0.55746537
0.55768609
0.53045225
0.45587245
0.44282341
0.55692911
0.46569356
0.46393314
0.51577628
0.35446313
0.44727769
""
0.45623478
0.5764094
0.58662856
0.51918596
0.51715928
""
0.42248604
0.61737305
0.59398991
""
""
""
""
0.51474118
0.60904974
0.42864785
0.55890238
0.48294532
0.50313002
0.5074439
0.53876764
0.57852578
0.43835992
0.48496047
0.51195079
0.43401098
0.55159783
0.57400912
0.56164098
""
""
0.5345993
0.47459975
""
0.49645716
0.53593707
0.58227021
0.33202499
0.5743441
""
0.51357633
0.45232973
0.50383765
0.55162698
""
0.47852939
0.50423229
""
""
0.59998751
""
0.56751108
0.5051226
0.61637753
0.55367124
0.52042329
0.51652163
""
0.53080362
0.50221205
0.49385145
""
0.48955861
""
0.4683269
""
""
""
""
""
""
0.58864391
""
0.53196216
""
0.40798065
0.55231786
0.50029206
0.4498347
""
0.41990829
""
""
0.32006842
0.38574496
""
0.50884259
""
0.48179051
0.4254801
0.49071744
""
""
0.59909564
0.5920859
""
0.46372449
0.55179244
""
""
0.39129651
0.56257498
0.5624544
0.40184829
0.51469058
0.45407405
0.4822005
0.54303813
0.49885845
0.472983
""
0.43974638
0.53136212
0.4437874
0.54862994
0.57724732
0.49775299
0.57993925
0.48095796
""
0.51780802
""
0.50329942
0.45373514
0.49458498
0.57218558
0.53025568
0.57248855
0.50981879
0.36684468
0.46501842
0.54513103
""
0.518475
""
0.51569551
0.67590761
0.43559673
0.41619536
0.58793819
0.45729065
0.43240654
0.47357756
0.4623082
0.56872332
0.49003261
0.57051557
0.55456704
0.41806629
0.45495123
0.39860106
0.48142484
0.40550923
0.44406888
0.56717414
0.49143428
0.63950229
0.5949983
""
0.4458867
""
0.5389291
0.52037835
""
0.6755951
0.46358141
""
0.52035123
0.49568915
""
0.55068302
""
0.59679121
""
0.54020631
0.46862629
0.54340124
0.59514493
0.557953
0.55138123
0.50493056
0.43622246
0.48030952
0.53928709
0.55962974
0.47087571
0.49010971
0.62467605
0.50757927
0.56018186
0.59182614
0.48202068
0.43629387
0.59394604
0.53456134
0.60177416
0.49089035
0.50379646
0.6249823
""
0.54571974
0.58753884
0.4543415
""
0.51299584
0.57679254
0.46343818
0.60495037
0.556467
0.53379691
0.5525254
""
0.50143188
0.50357527
""
""
0.48457152
""
""
0.46379617
0.53441578
0.57790971
""
0.52478677
0.46733028
""
0.56784773
0.5022186
0.54138303
0.45511991
0.52961129
0.50630319
0.50828612
0.44758627
0.54890466
0.58821625
0.49815178
0.4816485
0.40981376
0.40944189
""
0.50029838
""
0.52080089
0.41851097
""
0.46006432
0.48721012
0.53328848
0.49825981
0.54542768
0.50492102
0.47782412
""
""
0.51839107
0.60725754
""
""
""
""
""
""
""
0.55770695
0.53133088
""
""
""
""
""
""
""
0.46094695
""
""
""
""
""
0.55075657
""
0.49196365
0.4029724
""
0.50190437
0.51105309
0.60455549
0.48580977
0.43759292
0.50583953
""
0.50763249
0.52253801
0.52326715
0.45172456
0.45455617
0.52292049
0.53907293
0.59806788
0.42391044
0.44244537
0.55872107
0.54694152
0.5204736
0.55631119
0.48935658
0.5208199
0.58343887
""
0.69555736
""
""
0.48128328
0.51607674
0.35909653
0.48090106
""
0.61037385
""
""
0.46766347
""
""
0.61759418
0.57152241
0.49513653
""
0.55117023
0.51341993
0.50498939
0.52269375
0.56983334
0.39218098
0.50038809
0.52023625
0.44807172
0.64813495
0.54411155
0.49993998
0.54469776
0.59297931
""
""
0.59860027
0.50229681
""
0.56898248
0.4865866
0.45761234
0.50710398
""
0.48371097
0.50509357
""
0.61827976
""
""
""
0.53961688
""
0.56116533
0.5546881
""
0.54662949
""
""
""
""
0.55692208
""
""
""
0.49463776
0.57838058
0.59691507
0.71038479
0.47059274
""
0.54847842
0.54481715
0.51973945
""
""
0.541924
0.46648943
0.50564361
0.57442135
0.48025873
0.58448058
""
""
0.67009372
""
""
0.3619796
0.44649744
""
0.45528302
""
""
0.45256084
""
0.45609134
""
0.49068913
""
0.62791938
0.49093273
""
""
""
""
""
0.48975158
""
0.63022536
0.51080459
""
""
0.54241455
""
0.6164341
0.46962979
0.49046484
""
""
0.54524606
0.52433616
""
""
""
""
""
""
""
""
""
0.59023511
""
""
""
0.35014534
""
""
""
""
""
0.47102976
""
""
""
0.34373277
""
""
""
""
""
""
""
""
""
""
""
""
""
""
""
""
""
""
""
""
""
""
0.44643456
""
0.55254567
0.50858164
""
0.34165123
""
""
""
""
""
""
""
""
""
""
""
""
""
""
""
""
0.4016557
""
0.41383141
""
""
""
""
""
""
""
0.51555032
""
""
""
""
""
""
0.6500836
0.46091011
0.35405213
0.59871173
""
""
""
""
""
""
""
""
""
0.50980604
0.53944165
0.36413851
0.3616159
0.46556202
""
0.42194358
""
0.4871985
""
0.54775286
0.58155924
0.38394135
0.50457191
0.41206163
0.43858841
0.47480729
0.4856683
0.47993398
0.43075153
0.61167568
0.46364293
0.55940557
0.53401035
0.53917521
0.48490751
0.56992859
0.56537485
0.39232552
0.44480872
0.52588952
0.40870452
0.47373673
0.45617691
0.48852912
0.43633592
0.39944261
""
0.52858835
""
""
0.58696222
0.44652051
0.47313824
0.51260841
0.55395472
0.5471161
0.51246494
0.48400569
0.45722643
0.39307848
0.48414978
0.2898064
0.48000196
0.5301767
""
0.51010066
0.40297499
0.53621984
""
""
0.43241939
0.39636132
0.54088116
0.53198558
0.37625915
0.53125459
0.51218998
0.40188736
0.43422732
0.48888972
""
0.51615685
""
0.39386332
0.53792161
0.43363965
0.59114206
0.5300054
0.4582648
0.5722459
0.49246553
0.5553329
0.50508285
""
0.40747294
""
""
""
0.45726737
0.39189509
0.31325009
""
""
""
""
""
0.38508967
""
0.49692008
0.39202124
""
""
0.34520817
0.43498382
0.46530962
0.45144692
0.54643983
0.4921788
0.46889156
0.52297723
""
0.54433191
""
""
""
0.53137928
""
0.27024576
""
""
0.42242828
0.54019028
""
0.47736999
0.4554891
0.44389173
""
0.48015124
0.58165908
0.4638831
0.51861781
0.55412054
0.53295761
0.47319567
0.41901818
0.46275946
0.50034773
0.52951831
0.48240399
0.4173305
0.50376463
0.55880195
0.52459168
0.45968318
0.38993061
0.45234132
0.47511891
0.53036082
0.55993962
""
0.37613404
0.41308156
0.30657101
0.31958959
0.52708507
0.47980499
0.54695243
0.46138564
""
0.52328956
0.5944562
0.51362604
0.45045859
""
""
0.55450189
0.46854532
""
""
""
0.47709727
0.45661831
""
0.51403707
""
0.48354182
""
0.47679526
""
0.58530021
0.44291222
0.62036347
0.53593665
0.58943659
0.48202437
""
""
""
""
""
""
""
0.53435463
""
0.5910849
""
0.57533044
""
0.5583775
0.50134283
0.5266009
0.43156168
0.45063314
0.5913167
0.43537986
""
""
0.43802643
0.26678389
""
0.46552667
0.56279737
0.46142462
0.52247012
0.50696152
""
0.47441787
0.5456714
""
0.57300764
0.42929512
0.43920767
0.62174565
0.58490336
0.57454711
0.45470861
0.57720715
0.51780075
0.52557534
0.54281652
0.56598347
0.41044828
""
""
""
""
""
""
0.44036213
0.5659017
""
0.37303105
0.36102849
0.45840698
""
""
""
""
""
""
0.48544395
0.34559333
0.5446313
""
""
0.30796298
""
0.43599531
0.38488829
""
0.44717881
0.519247
""
""
""
""
""
""
0.58510476
""
0.46836427
0.46739405
0.56345481
0.48709226
0.6218152
0.6378417
0.54790199
0.558792
0.53231257
0.39926982
0.41944236
0.43298829
""
0.57197088
""
""
""
0.62125337
0.46961123
0.41326073
0.40002716
0.5047558
0.55281615
0.48014531
0.52926636
0.49448487
0.54846412
0.54104131
0.48336253
0.51674747
0.48576152
0.52059329
0.5373624
0.44243646
""
0.54538095
0.59519917
0.52695644
0.57331413
0.51865482
0.52246839
0.5715645
0.60456014
0.49566552
0.42311427
0.53428441
0.50918579
0.59738415
0.55968541
0.49302721
0.44222376
0.49029055
0.49055815
""
0.48295623
0.62018096
0.48851028
0.5761897
""
0.55128288
0.51622468
0.51353097
0.56632364
""
0.44230601
0.49327591
0.48323458
""
""
0.50475907
""
0.5173775
0.59079272
""
0.46066225
0.59207928
""
0.52771807
0.48478311
""
0.48964
0.46027514
0.54742008
0.38700077
0.42850956
""
""
0.50448167
""
0.5420202
""
0.47550628
0.6488381
0.43894258
0.5292781
0.43829989
""
0.43128344
0.52180725
0.50010377
0.46931359
""
""
0.5079605
0.55093813
0.55349606
0.50046414
0.48103979
0.546345
0.5576241
0.47310838
0.43398976
0.7050913
0.54980081
0.56826425
0.51241398
0.49275634
""
""
""
0.44576314
""
""
0.55047548
0.59213567
""
0.50125641
""
""
""
0.44903654
""
0.54631412
""
0.48915237
""
0.58881891
0.60029167
0.48697674
0.57279456
0.42330024
0.43988699
0.48485583
0.46332964
0.49438089
0.52252394
0.62218714
""
""
""
""
""
0.43950158
0.47946781
0.386181
0.3986398
0.45847568
0.35767412
""
""
""
0.56914514
""
0.51195759
""
""
0.48747557
""
""
""
""
0.57421774
0.51169127
""
0.55008525
""
0.53456599
""
""
""
""
0.68784881
""
""
""
""
""
0.57731932
""
""
""
0.3642455
""
0.48819274
""
""
""
0.42329457
""
""
""
""
0.54284668
0.56967318
""
""
0.5510838
""
0.57198542
0.51832771
0.39013922
0.58952314
0.59234732
0.40246081
""
""
""
0.52607501
0.43483892
""
""
0.54649258
0.73539567
""
""
0.42446142
0.62349254
""
""
""
""
""
0.54097497
0.42890629
0.52430195
0.48520038
0.46477756
0.57021773
""
0.57445723
0.6234163
0.58535188
0.40549201
""
""
0.44936618
""
""
""
""
""
""
""
0.3598164
""
""
0.55716246
""
""
0.46144742
""
0.40260389
0.38898379
""
""
""
""
""
""
""
""
""
""
""
""
""
""
""
""
0.40025666
""
""
""
0.57023966
""
0.55805552
0.48261437
0.51055706
""
0.48986781
""
0.63906121
0.48504072
""
""
0.43423152
0.59975773
0.54562986
0.61076188
0.54376137
0.55621302
0.56325632
0.53275442
0.47660172
0.61058521
0.62384796
""
""
""
0.53395951
""
0.49323937
0.55777001
0.46574911
""
""
""
""
""
0.55027568
""
""
""
0.54363382
0.45765722
0.57441062
0.55298883
0.52341402
0.48896769
0.5132072
0.51860708
0.48138404
""
0.51760292
0.52993655
0.54955524
0.55334276
0.54606235
0.57458127
0.55248505
0.48747709
0.56594849
0.45314556
0.59918535
0.54384416
0.54843765
0.29259607
0.50927842
0.55724478
""
0.62313145
0.53356069
0.48348597
0.46436721
0.56459612
0.4083935
0.49112746
0.53237987
0.60047942
0.48411155
0.63655478
0.72755885
0.51897377
0.57259393
""
0.61612004
0.52567255
0.4179714
0.56816775
""
""
0.4793722
""
0.50449026
0.57088929
0.50593019
0.53093749
""
0.48909333
0.49720585
0.52661031
0.42321542
0.57561153
0.61735827
0.57383901
0.49548045
0.41750622
0.54653436
0.5355832
0.46223614
0.53001058
0.49753788
0.55994731
0.49590021
0.41737834
""
0.59793437
0.56946272
0.50734431
0.52286005
""
0.58106577
0.45608044
0.58268678
""
0.52220732
0.50165468
0.50511897
0.52134359
0.50967795
0.46965802
0.49995399
0.55102837
0.60002846
0.55380493
""
""
0.50960791
0.53105384
0.60491043
0.47719193
""
0.44420472
""
0.56467664
""
0.54416287
0.64564538
0.51019198
""
0.5072757
0.47319651
0.5495441
0.52816516
0.6104548
0.44149634
""
0.62133646
""
0.39995062
0.60453296
""
0.46755695
0.68031615
0.56357008
0.45699516
0.50096232
0.62886709
0.44473428
0.40133333
0.36439356
0.67312568
0.55856586
0.52920669
0.54703736
0.43632907
0.5093537
0.54158759
0.53181666
0.56619436
0.54194015
0.47703916
0.52480358
0.49846584
0.43259934
0.54569513
""
0.38698214
0.47783488
0.45157465
""
0.56111711
0.40908808
""
""
""
""
""
0.46957076
""
0.47859317
0.55175477
0.51338571
0.57380068
0.53070325
0.50532824
0.61245185
0.66677976
0.60428423
0.56101978
0.4535684
0.62195373
0.53647393
0.46536303
0.50384706
0.52666217
0.50922787
0.57023948
0.50124544
""
0.5528608
0.52806705
0.59451282
0.51409805
""
0.51610309
0.44535655
""
0.58884215
0.37367129
0.41848421
0.60583073
""
0.59815758
0.5057987
""
0.50778514
0.61682194
""
0.47861254
0.60881609
""
0.45388407
0.51021826
0.5687685
0.44327649
0.59367943
0.4942072
0.45807078
0.4986994
0.43608597
0.53295201
""
0.54442906
0.46854162
""
""
0.51406902
""
""
""
0.5236575
""
""
""
""
""
""
0.42086852
0.60004032
0.6531921
0.47507796
""
""
0.40837178
0.49454102
0.48453069
0.56817204
""
""
0.48076752
0.51538652
""
""
0.62031651
""
0.56328136
""
""
""
""
0.5808419
0.60425943
""
0.5742718
0.47417697
0.53171819
0.58956677
0.65153742
0.44973588
0.5286569
0.48180422
0.51975858
0.5618763
0.5555501
0.5340659
0.53689182
0.47585937
0.53575999
0.45540902
0.52106291
0.46160638
0.41411465
0.48860016
0.47406474
0.51205236
0.50469208
0.47645074
0.51312166
""
0.63283402
0.531699
0.49902108
0.44811836
0.37860686
0.54292774
0.43865028
0.4704572
0.49742341
""
""
0.59369749
0.52705395
0.4935655
0.4641045
""
""
""
""
0.56830597
0.40482491
0.43737996
0.45565736
0.40187141
""
0.55390716
0.54888386
0.53690451
""
""
""
""
""
""
0.27562201
""
""
""
""
""
0.41847804
""
""
0.43909213
""
""
""
""
""
""
""
0.33173531
""
""
0.54838198
""
0.64789826
""
0.52791494
""
0.50036383
0.53003931
""
""
0.52833235
""
""
""
0.5212459
0.37281403
0.47945735
0.48644432
0.46359518
0.50443614
""
0.52123189
""
0.43767458
""
0.51325452
""
0.42188066
0.52783644
""
""
""
""
0.57021642
0.49325067
0.44613701
""
0.57306749
""
""
0.51109427
0.45994923
""
""
0.41796929
0.58291477
""
0.41407165
""
0.45729125
""
0.56180781
0.50276548
0.48475349
""
""
0.45286313
""
""
0.51099068
0.39449275
""
""
""
0.60197872
0.34529573
0.25349045
""
0.41936639
""
0.52379298
""
""
""
0.35781318
0.5006631
""
""
""
""
""
""
0.48859504
""
""
""
""
0.49316296
0.42642879
""
0.48476312
0.47694743
""
""
0.55265534
0.49082416
0.4804365
0.5146094
0.47523963
0.37412757
0.48653731
0.5076409
0.48714873
0.45034823
0.51266199
0.60595709
0.54225022
0.59252137
0.43545863
0.51646441
0.42730424
0.62348902
0.5366354
0.47107205
0.46564344
0.42526773
0.53368497
0.51087832
""
0.4952895
0.48424888
0.56175089
0.57670212
0.52550894
0.49608859
0.63127214
0.46055669
0.53553253
0.54196221
0.52175778
0.57669026
0.48677304
0.51257563
0.58034569
0.51673472
0.5110867
""
0.58411562
0.46795818
0.55292201
0.55053973
0.5579651
0.56624967
0.51229441
0.40155324
0.51547563
0.46592298
""
0.42311913
0.51048505
0.53910613
0.46583372
0.4690074
0.58323491
0.48148549
0.51815003
0.45275515
0.4955163
0.4887931
0.55758488
0.54598939
0.48816061
0.48074207
0.61895281
0.42389736
0.49886566
0.54102844
0.63678521
0.57429338
0.5471465
0.5232259
0.56198841
0.57400763
0.45392439
0.44826767
0.6044789
0.55102473
0.54113626
0.46351117
0.57838309
0.42465803
0.48812523
""
""
0.58614534
0.52746302
0.53926343
0.670995
""
""
""
""
""
""
0.55985278
0.44829807
""
""
0.4827207
0.47450975
0.57771134
0.52507079
0.50323486
0.54670244
""
0.58796227
0.57842767
""
0.54814684
0.34343964
0.31004649
""
0.55247259
0.41377085
0.6436727
0.5232659
0.47280741
0.60628659
0.53394538
0.51882535
0.52255654
0.46705508
0.49452123
0.60631549
0.49029917
0.44948971
0.44270569
""
0.49833602
""
""
0.50416988
0.52471894
0.46678132
""
""
0.44945735
0.51996905
0.58672416
""
0.51207107
0.45837098
0.50716811
0.58536035
0.42797631
0.67096305
0.52731395
0.48674628
0.50439107
0.51462382
0.53497112
""
0.46284163
0.46706218
0.51606846
0.55198818
0.48954841
0.55469435
0.57483691
0.41149202
0.5365808
0.46084246
0.45113325
0.29323697
0.60749954
0.54406792
""
0.47924376
""
""
0.33999884
0.40710133
0.48825139
""
""
""
""
""
0.57714617
0.48308936
""
""
""
0.3218345
""
""
""
""
0.51396382
""
0.49863052
""
0.48363549
""
""
0.43140516
""
0.62560505
0.60743278
0.4930445
0.48460567
0.46796805
0.54630578
0.37073219
0.58197773
0.5590263
0.51934797
""
0.38717431
0.55559188
0.4949123
0.49689075
0.47715351
0.45224512
0.51117909
""
0.52445871
0.5161773
0.5107013
0.51946145
0.540703
0.4606891
0.30651918
0.42913371
0.49243811
0.549981
0.44606036
0.50226903
0.38468888
0.37958807
0.34300011
""
""
0.50433397
""
0.54532033
0.50184548
0.47027096
""
0.36697766
0.35293812
""
0.39724395
""
""
""
0.55451167
0.59494591
0.5409199
""
0.47054553
""
0.51699769
""
0.46692079
0.60682529
""
""
0.50131875
""
""
0.47432867
0.46133906
""
""
0.50775552
""
0.47253987
0.58585221
0.46187505
0.52459723
0.42997605
""
0.57904565
""
0.45824435
0.39059016
0.41282848
0.54389846
""
0.57406944
""
0.4485797
0.486826
0.37691224
0.43198913
0.57494533
0.48997557
0.50376797
0.63007367
""
0.40478611
0.55987805
0.5638352
0.42074233
0.27193844
0.43513048
0.44763702
""
""
""
""
""
""
0.29907313
""
""
0.38717857
0.49457097
0.42479962
""
""
0.43393219
0.40735579
""
""
""
""
""
""
""
""
""
""
""
""
""
""
""
""
""
""
0.4650315
0.4907307
0.39136901
""
0.49796841
""
""
0.48821267
0.46162429
""
""
""
""
""
0.49092147
0.62267864
0.37799087
0.46218181
0.5705446
0.63142985
""
0.49224523
""
0.58065999
""
""
0.46478984
""
""
""
0.54613447
""
0.51108408
""
0.55598068
""
""
""
""
""
""
0.5467605
""
""
""
""
""
""
""
""
0.35110438
0.42304882
0.47337875
""
""
""
0.28141057
""
""
""
""
""
""
""
""
""
0.38932329
""
0.45902023
""
""
0.48190275
""
0.49412039
""
""
""
""
""
""
""
""
""
""
""
0.52926266
""
""
0.58728004
""
0.51624244
""
""
""
0.59839356
""
""
0.54053229
""
0.65770066
0.4477447
0.5371511
0.48004904
0.58360201
0.54512221
""
""
0.4482848
0.4687691
""
""
""
0.41514483
0.48385805
""
0.52183771
""
0.5210076
0.46374416
0.55162418
0.58054549
""
""
""
""
0.55272043
""
0.45206723
0.48924163
0.50109738
0.54692262
0.55920184
""
""
""
""
0.59687871
0.46916875
0.61138636
0.56330794
0.53801417
0.52844787
""
0.493099
""
0.58988756
0.48770127
""
0.55861801
0.49937385
0.55310035
0.58573389
0.60238421
0.59394962
""
""
""
""
""
""
0.47158888
""
0.52832001
0.57252133
0.36935237
0.62890089
0.59361589
0.57156819
""
0.54559016
0.46726775
0.50774187
0.54757792
0.56052601
""
""
0.52236164
0.56862223
0.59158361
""
""
""
""
0.48175773
0.57402861
0.45810643
""
0.5136292
""
0.53425902
""
""
""
""
""
""
0.46943617
""
""
""
0.53975821
""
0.41695243
""
0.46308592
0.51004517
0.49137577
0.51015651
0.65471083
0.56027669
""
""
""
0.64378029
""
0.54099327
0.52012026
0.5610323
""
0.66229063
""
0.451222
0.54098165
""
0.61115575
""
0.45606542
""
0.38267294
0.67817563
""
""
0.52916247
0.58092636
0.57078153
0.64487654
0.44008014
""
0.58628714
0.6649968
""
0.53114688
0.45262119
0.38285813
0.46290788
0.36159521
""
0.44480985
0.57644725
""
0.53782958
0.6277619
0.44954786
""
0.54970634
""
""
""
""
""
""
0.40920839
""
""
""
""
""
0.5774883
""
""
""
""
""
""
0.55467981
0.46358913
0.59522736
""
""
0.48751095
""
0.4458991
0.46640149
""
""
0.59100187
""
""
0.50542092
0.46410242
""
0.31230053
0.38280562
0.38235614
0.26566279
0.30446675
0.55139476
0.60390133
0.49523747
0.57309455
0.46622491
""
0.31803307
0.34156117
0.44450125
0.55232978
""
0.49267319
0.46584845
0.43645898
0.43553901
""
""
0.50239903
0.59306872
0.35410088
0.65538037
""
""
0.68420804
0.53131586
0.58459896
0.54734349
""
""
""
""
""
""
""
""
""
""
""
""
""
""
""
0.56042528
""
""
""
""
""
""
0.58620781
0.39930773
0.48703629
""
""
""
0.61751294
""
""
""
0.56638938
0.63899541
0.54075319
""
""
""
""
""
""
""
0.46452424
""
""
""
""
""
""
""
0.456734
""
""
""
""
""
""
""
""
""
""
""
""
""
""
""
0.59758151
""
0.50658643
""
""
""
""
""
""
""
""
""
""
""
""
""
""
""
""
""
""
""
""
""
""
""
""
""
""
""
0.58495688
""
""
""
""
""
""
""
""
""
""
""
""
""
""
""
""
""
""
""
0.45438933
""
""
""
""
""
0.40941471
""
""
""
""
""
""
""
""
0.53869498
""
""
""
""
""
""
""
""
""
0.44750842
0.45103946
0.42179573
0.40500617
0.412853
0.56948644
0.51653373
0.52931082
0.53438497
0.48528698
""
""
""
0.70806962
0.64953464
0.41458112
0.52165216
0.6373859
""
0.58209795
0.5854733
0.55296826
0.53372574
0.43602774
0.49437776
0.55939728
0.33030954
0.59590691
""
0.54353261
0.68542528
0.41768089
0.45937136
""
0.5266782
0.5424912
0.44804648
0.47192028
""
0.40761405
0.39072132
0.48844168
0.54230654
""
""
0.55130368
0.45728302
0.63796216
0.55123234
0.53248972
""
""
""
0.69079947
0.60673916
0.51744235
0.54422313
0.38662341
""
0.52798009
0.45387602
0.56836385
0.66686577
""
""
""
""
0.56464297
0.57329661
""
0.52055544
""
""
""
0.46684292
0.512887
""
""
""
""
""
0.58423638
""
""
""
""
0.57502651
""
""
""
""
""
""
""
""
0.52399409
""
""
""
""
""
""
""
""
""
""
""
""
""
""
""
""
""
""
""
""
""
""
""
0.52697951
""
""
""
""
""
""
""
""
0.52877814
""
0.61321491
""
""
""
""
0.58197099
""
""
""
""
""
0.6422711
""
0.63430321
""
""
""
""
""
""
""
""
""
""
""
""
0.36617619
""
0.51857549
""
""
""
""
""
""
""
""
0.49362534
""
0.59808785
""
""
""
""
""
""
""
""
""
""
""
""
""
""
""
""
""
""
""
""
""
""
""
""
""
""
""
""
""
""
""
""
""
""
""
""
""
""
""
""
0.53072661
""
""
""
""
""
""
""
""
""
""
""
""
""
""
""
""
""
""
""
""
""
""
""
""
""
""
""
""
""
""
""
""
""
""
""
""
""
""
""
""
""
""
""
""
""
""
""
""
""
""
""
0.57564259
0.49534467
0.41472363
""
""
""
""
""
""
""
""
""
""
""
""
0.37198105
0.45173091
0.51717985
""
""
0.60950774
0.45314118
""
""
""
0.4611007
""
0.55076283
0.40705457
""
""
""
""
0.40275389
""
0.58404398
""
""
""
""
0.38872126
""
""
""
""
""
""
""
""
0.42520466
0.39388481
0.607072
""
""
""
""
""
""
""
""
""
0.35535726
0.42803988
0.46378502
0.46265045
0.51207513
0.49484247
""
""
0.48438862
0.59301877
""
""
""
""
0.40766799
""
""
""
""
0.48619446
""
""
""
""
""
""
""
""
""
""
""
""
""
""
""
""
""
""
""
""
""
""
""
""
""
""
""
""
""
""
""
""
""
""
""
""
""
""
""
""
""
""
""
""
""
""
""
""
""
""
""
""
""
""
""
""
""
""
""
0.5374912
""
""
""
""
""
""
""
""
""
""
""
""
""
""
""
""
""
""
""
""
""
""
""
""
""
""
0.52544749
""
0.37893859
0.48021659
""
""
""
""
""
0.49684545
""
""
""
""
0.45280948
""
0.44201967
""
""
""
""
""
0.36784336
0.4931916
0.64561403
0.47625768
0.38325691
""
0.43301958
""
""
0.36966103
0.42862633
0.52090281
0.44645283
""
0.43171072
0.58049232
0.60867792
0.47917145
0.53379053
""
""
0.45778623
0.49477786
0.49141791
0.463669
""
0.36816618
0.51763213
""
0.559008
0.57558197
0.59810531
0.40023243
0.58797431
0.45237848
0.44293782
0.47794762
0.53001082
""
""
""
0.41142043
0.48955759
0.50998503
0.5375163
0.47262239
0.54767513
0.48380956
0.4986712
0.48137093
0.40887719
0.52800244
0.48392209
""
0.47001764
0.56218243
""
0.58625001
0.48635808
0.5820117
0.41148621
""
0.57514596
""
""
0.54206169
0.60398966
0.56474519
0.44252402
0.4475061
0.3785603
0.48131791
0.49002478
0.56937337
0.49308237
0.55117643
0.46510637
0.38724801
0.63935167
0.50234878
0.49884301
0.44209689
0.47821775
0.46890947
0.47322133
0.45063394
0.59597921
0.51196736
""
0.45780951
0.5390386
0.60436243
0.44136897
0.55782747
""
""
0.5067538
""
0.44247881
0.67985535
0.65919799
0.53086513
""
""
0.50922322
0.55698985
""
0.48170504
0.50208282
""
""
""
""
""
""
""
""
""
""
""
""
""
""
""
""
""
""
""
0.46957719
""
""
""
""
""
""
""
""
""
""
""
""
""
""
""
""
""
0.52273715
0.46026248
""
0.49092475
""
""
""
""
0.60346353
""
""
""
""
""
""
""
""
""
""
""
""
""
""
0.5711984
""
""
""
""
""
""
""
""
0.55363488
0.64817876
""
""
0.45824984
""
""
""
0.45345783
""
""
""
""
0.5162307
""
""
""
0.5806964
""
""
""
""
0.40082937
""
""
""
0.51878738
0.41915321
""
""
""
0.36723575
0.4830355
0.53238231
0.47456545
""
""
""
""
""
""
""
0.64037073
""
""
""
""
""
""
""
""
""
""
0.44700497
""
0.38325816
""
""
0.60160112
""
""
""
""
""
""
""
""
""
""
""
""
""
""
""
""
0.50603044
0.59391475
""
""
""
0.64330423
""
""
""
""
""
""
""
""
""
""
""
""
""
""
""
""
""
""
""
""
""
""
""
""
""
""
""
""
""
""
""
""
""
""
""
""
""
""
""
""
""
""
""
""
""
""
""
""
""
""
""
""
""
""
""
""
""
0.62793416
""
""
0.56437075
""
""
""
""
""
""
""
""
""
""
""
""
""
""
""
""
""
""
""
""
""
0.61768931
""
""
""
""
""
""
0.45285779
""
""
""
""
""
""
""
""
""
""
""
""
""
""
""
""
""
""
""
""
""
""
""
""
""
""
""
""
""
""
0.53977162
""
""
""
""
""
""
""
""
""
""
0.35997987
""
0.59356195
""
0.4380329
""
""
""
""
""
""
""
""
""
""
""
""
""
""
""
""
""
""
""
""
""
""
""
""
""
""
0.39223948
0.51799786
""
""
""
""
0.58463085
0.63614744
""
""
""
""
""
""
""
""
""
""
""
""
""
""
""
""
""
""
""
""
""
""
""
""
""
""
""
""
""
""
""
""
""
""
""
""
""
""
""
""
""
""
""
""
""
""
""
""
""
""
""
""
""
""
""
""
""
""
""
""
""
""
""
0.38569084
0.46465376
""
""
""
""
""
""
""
""
""
""
""
""
""
""
""
""
""
""
""
""
""
""
""
""
""
""
""
""
""
""
""
""
""
""
""
""
""
""
""
""
""
""
""
""
""
""
""
""
""
""
""
0.45880187
""
""
""
""
""
""
""
""
""
""
""
""
""
""
""
""
""
""
""
""
""
0.50348037
""
""
""
""
""
""
""
""
""
""
""
""
""
""
""
""
""
""
""
""
0.48816615
""
""
""
""
""
""
""
""
""
""
""
""
""
""
""
""
""
""
""
""
""
""
""
""
""
""
""
""
""
""
""
""
""
""
""
""
""
""
""
""
""
""
""
""
""
""
""
""
""
""
""
""
""
""
""
""
""
""
""
""
""
""
""
""
""
""
""
""
""
""
""
""
""
""
""
""
""
""
""
""
""
""
""
""
""
""
""
""
""
""
""
""
""
""
""
""
""
""
""
""
""
""
""
""
""
""
""
""
""
""
""
""
""
""
""
""
""
""
""
""
""
""
""
""
""
0.50041437
""
""
""
""
""
""
""
""
""
""
""
""
""
""
""
""
""
""
""
""
""
""
""
""
0.32864809
""
0.45438716
""
0.38027486
""
""
0.39631626
""
""
0.38390934
""
""
""
""
0.4279049
0.43995523
""
0.54143989
""
""
""
""
""
0.30454817
""
""
""
0.37027058
""
""
""
0.54500318
""
""
""
""
""
""
""
""
""
""
""
""
""
""
""
""
""
""
""
""
""
""
""
""
""
""
""
""
""
""
""
""
""
""
""
""
0.52046287
0.44963625
0.49562347
0.5759204
""
0.45374995
0.35964742
0.4813605
""
0.59179997
""
""
""
""
""
""
""
""
""
""
""
""
""
""
""
""
""
""
""
""
""
""
""
0.47187603
""
""
""
""
""
""
""
""
""
""
0.530402
""
""
""
""
""
""
""
""
""
0.42902449
""
""
""
""
""
""
""
""
""
""
0.37911955
""
0.52784199
""
""
""
""
""
""
""
0.5508672
""
""
""
""
""
""
""
""
""
""
""
""
""
""
""
""
""
""
""
""
""
""
""
""
""
""
""
""
""
""
""
""
""
0.43317884
""
0.5091331
""
""
0.46710283
""
""
""
""
""
0.43430218
""
""
""
""
""
""
""
""
""
""
""
""
""
""
""
""
""
""
""
""
""
""
""
""
""
""
""
""
""
""
""
""
""
""
""
""
""
""
""
""
""
""
""
""
""
""
""
""
""
""
""
""
""
""
""
""
""
""
""
""
""
""
""
""
""
""
""
""
""
""
""
""
""
0.3534328
""
""
""
""
""
""
0.32805672
""
""
0.56260276
""
0.4700695
0.40260315
""
""
""
""
""
""
""
""
0.52305198
""
""
0.41570106
0.44683921
""
""
""
""
""
""
""
""
""
""
""
""
""
0.46186787
0.39420265
""
""
""
""
""
""
""
""
""
""
""
""
""
""
""
""
""
""
""
0.4263891
""
""
""
""
""
""
""
""
""
""
""
""
""
""
""
""
""
""
""
""
""
""
""
""
""
""
""
""
""
""
""
""
""
""
""
""
""
""
""
""
""
""
""
""
""
""
""
""
""
""
""
""
""
""
""
""
0.31396759
""
""
""
""
""
""
""
""
""
""
""
""
""
""
""
""
""
""
""
""
""
""
""
""
""
""
""
""
""
""
""
""
""
""
""
""
""
""
""
0.54569459
""
""
""
""
""
""
""
""
""
""
""
0.53868663
""
0.51591551
0.45691761
""
""
""
""
""
""
""
""
0.51945484
0.56647295
""
""
""
""
""
""
""
""
""
""
""
""
""
""
""
""
0.46246234
0.48963735
""
""
""
""
""
""
""
""
""
""
""
""
0.47855651
""
""
""
""
""
""
""
""
""
""
""
""
""
""
""
""
""
""
""
""
""
""
""
""
""
""
""
""
""
""
""
""
""
""
""
""
""
""
""
""
""
""
""
""
""
""
""
""
""
""
""
""
""
""
""
""
""
""
""
""
""
""
""
""
""
""
""
""
""
""
""
""
""
""
""
""
""
0.57737887
""
""
0.58660758
""
""
""
""
""
""
""
""
""
""
""
""
""
""
0.3871465
""
0.38763759
""
0.39232358
0.49065819
""
""
""
""
""
""
""
""
""
""
""
""
""
""
""
0.40559605
""
""
""
""
""
""
0.62686938
""
""
""
0.41278437
""
""
""
0.50871378
0.42265815
""
0.53703994
""
""
""
0.56889683
0.5586884
0.44256705
0.61115998
""
0.53297698
""
0.46055534
0.51547045
0.50380248
0.4831613
""
0.5345521
0.57095164
""
0.51897424
0.61291677
0.43566826
""
0.47678357
0.58334476
""
""
""
""
""
""
""
""
""
""
0.41111544
""
""
""
""
""
""
""
""
""
""
""
0.52853292
0.40338883
0.56773347
""
""
""
""
""
""
""
""
""
""
0.53229165
""
""
""
""
""
""
""
""
""
""
""
""
""
""
""
""
""
""
""
""
""
""
""
""
""
""
""
""
""
""
""
""
""
""
""
""
0.41824824
""
""
""
0.58325917
""
""
""
""
""
""
""
""
""
""
0.51898795
""
""
""
0.456397
0.56762195
0.49015903
""
0.44128218
0.50466681
""
0.52922583
0.56435758
0.59278512
""
""
""
""
0.47410557
0.59429526
""
""
""
""
""
""
""
""
0.43612781
""
""
""
""
""
""
""
""
""
""
""
""
""
""
""
""
""
""
""
""
""
""
""
0.4638055
""
""
0.40228882
""
""
0.35329872
""
""
""
""
""
""
""
""
""
""
""
""
""
""
""
""
""
""
""
""
""
""
""
""
""
""
""
""
""
""
""
""
""
""
""
""
""
""
""
""
""
""
""
""
""
0.40558976
0.5911569
""
0.54262948
0.52419662
0.46928674
""
""
""
""
""
""
""
""
""
0.50240672
""
""
""
""
0.55770546
""
0.5975135
0.50956029
""
""
""
""
0.5514434
0.43093419
""
""
""
""
""
""
""
""
""
""
""
0.51365989
0.54343033
""
""
""
""
""
""
""
""
""
""
""
""
""
""
""
""
""
""
""
""
""
""
""
""
""
""
""
""
""
""
""
""
""
""
""
""
""
""
""
""
""
""
""
""
""
""
""
""
""
""
""
""
""
""
""
""
""
""
""
""
""
""
""
""
""
""
""
""
""
""
""
""
""
""
""
""
""
0.52128112
""
""
""
""
""
""
""
0.4595063
""
""
""
0.47232413
0.45541066
""
""
""
0.41333249
""
""
0.46170491
""
""
""
""
""
""
""
""
""
""
""
""
""
""
""
""
""
""
""
""
""
""
""
""
""
""
""
""
""
""
""
""
""
""
""
""
""
""
""
""
""
""
""
""
""
""
""
""
""
""
""
""
""
""
""
""
0.45272091
""
""
""
""
""
""
""
""
""
""
""
""
""
""
""
""
""
""
""
""
""
""
""
""
""
""
""
""
""
""
""
""
""
""
""
""
""
""
""
""
""
""
""
""
""
""
""
""
""
""
""
""
""
""
""
""
""
""
""
""
""
""
""
""
""
""
""
""
""
""
""
""
""
""
""
""
""
""
""
""
""
""
""
""
""
""
""
""
""
""
0.42181313
""
""
""
""
""
""
""
""
""
""
""
0.42146447
""
""
""
""
""
""
""
""
""
""
""
0.57565325
0.49993718
""
""
""
""
""
""
""
""
""
""
""
""
""
""
""
""
""
""
""
""
""
""
0.41713709
""
0.33211619
""
""
""
""
""
""
""
""
""
0.51136303
0.45075014
""
0.55232173
0.49975261
0.49822152
0.50180221
0.52941281
0.47897884
""
0.44448724
""
""
0.42661479
0.47401905
""
0.42527607
""
0.34125632
""
""
""
0.50218475
""
""
0.44993234
0.30527493
""
""
""
0.43594992
""
""
""
""
""
""
""
""
""
""
""
""
""
""
""
""
""
""
0.51594335
0.34142801
""
""
""
""
""
""
0.67967796
0.50008851
0.48479137
""
0.57742447
0.54070526
""
""
0.41210556
""
""
""
0.49213475
""
""
""
0.58918417
""
0.40475985
0.55308235
0.51916522
0.44653392
""
""
0.53038293
0.4976587
""
""
0.42253202
0.463411
0.59391928
""
0.38232169
""
""
""
""
""
""
""
""
0.473021
0.37828544
""
""
""
""
0.40550932
""
""
""
""
""
""
""
""
""
""
""
0.48137116
0.39092827
0.40864742
0.49493408
0.4624767
""
""
""
""
""
""
""
""
""
""
""
""
""
""
""
""
""
""
""
""
""
""
0.5420168
0.51796746
0.52722442
""
0.46864194
0.37027189
0.55763507
""
0.53650039
""
""
""
""
""
""
""
0.5092259
0.30697465
""
""
""
""
""
""
""
""
""
""
""
""
""
""
""
""
""
""
0.48224723
""
""
""
""
0.41558087
0.35053036
0.40695125
""
""
""
0.44119793
0.41433713
""
""
0.40740907
""
""
""
""
""
""
0.48261282
0.53486514
0.48712933
""
0.5331881
0.50099009
""
""
0.51278144
""
0.51081586
0.58962035
0.47174153
""
""
0.47190538
0.37839705
""
0.42295721
0.48585123
0.53629923
0.50587422
0.5714274
""
""
0.57986832
0.45893371
""
""
0.45374063
0.41276488
""
""
""
""
0.51562327
0.32692206
""
0.35554722
""
""
""
""
""
""
0.40942383
""
""
""
""
""
""
""
""
""
""
""
""
""
""
""
""
""
""
""
""
""
""
""
""
""
""
""
""
0.42567298
0.43525103
0.37871468
0.30195987
""
""
""
0.38592577
""
""
0.31992987
0.43562895
""
""
""
""
""
""
""
""
""
""
0.37748328
0.34001383
0.37318572
0.4612602
""
""
""
""
""
""
0.38733843
""
""
""
""
0.38430128
0.4304817
0.49532431
""
""
""
""
""
""
""
""
""
""
""
0.56939173
0.52461225
""
0.34985501
""
""
0.41108829
""
""
""
""
0.35084301
0.40352914
0.39508864
0.4453859
0.40883455
""
0.43412873
0.43244666
""
0.42702699
""
""
""
0.38081485
""
0.48059708
0.48483807
0.51771128
""
0.36382177
0.46443167
""
""
""
""
0.40192959
0.34850097
""
""
""
""
0.48225522
0.41919431
0.3778151
""
""
""
""
""
0.41991538
""
0.42742035
""
""
""
0.63140661
""
0.45839721
0.52316195
0.41464239
0.34821334
""
""
""
""
""
""
""
""
0.44064736
0.39050317
""
""
""
""
""
""
""
""
""
""
""
""
""
""
""
""
""
""
0.53876501
""
0.47947314
0.4538874
""
""
""
""
""
""
""
""
""
""
""
""
""
""
0.35086372
""
""
""
""
""
""
""
0.55652642
0.49744001
""
""
""
""
0.47916543
0.43269998
""
0.49304476
0.34219414
0.46163291
""
""
""
0.27979037
""
""
""
""
""
""
""
""
""
""
""
""
""
""
0.58357078
0.39434329
""
0.44530767
0.37594551
""
0.44834286
""
""
0.34260958
0.39856187
0.42171684
0.41845271
""
0.44859743
0.45139262
""
""
0.51108915
0.46954763
0.4410795
""
""
""
""
0.45451799
""
""
""
""
0.47271433
0.42578766
""
""
0.38365069
""
0.38874507
""
0.54408985
0.36913753
0.4069019
0.49311233
0.45388114
""
""
""
""
""
""
""
""
""
""
""
""
""
""
""
""
""
""
0.57330281
0.51811135
""
""
""
""
""
""
""
""
""
""
""
""
""
""
""
""
""
""
""
""
""
""
""
""
""
""
""
""
0.33136636
""
""
""
""
""
""
""
""
""
""
""
""
""
""
""
""
""
""
""
""
""
0.53142178
""
""
0.62187886
""
0.55764389
0.54970819
""
0.43840912
0.52709234
""
""
0.59238654
0.62171465
0.54880923
0.50289363
0.41847175
0.46674129
0.63360918
0.46219295
""
""
""
""
""
""
0.56385946
""
""
""
""
""
""
""
""
""
""
""
""
""
""
""
""
""
""
""
""
""
""
""
""
""
""
""
""
""
""
""
""
0.49288085
""
""
""
""
""
""
""
""
""
""
""
""
""
""
""
""
""
""
""
""
""
""
""
""
""
""
""
""
""
""
""
""
""
""
""
""
""
""
""
""
""
""
""
""
""
""
""
""
""
""
""
""
""
""
""
""
""
""
""
""
""
""
""
""
""
""
""
""
""
""
""
""
""
""
""
""
""
""
""
""
""
""
""
""
""
""
""
""
""
""
""
""
""
""
""
""
""
""
""
""
""
0.47405696
""
""
0.37134334
""
""
""
""
""
""
""
""
""
""
""
""
""
""
0.48480082
0.65105224
0.44331357
""
0.39989191
""
""
""
""
0.6185472
""
0.56364852
0.38105053
0.57052743
""
""
""
""
0.51749599
0.45959252
""
0.45059222
""
0.50915504
0.48681322
0.53845441
""
0.39752066
""
0.49777019
0.49831524
0.64744425
0.47265133
0.47178155
0.47479862
""
""
""
""
""
""
""
""
""
0.55458754
0.56444299
0.47394475
0.50949681
""
""
0.55076635
0.49162185
""
0.57767999
0.57162094
0.63523185
0.53479552
0.55291754
0.42383555
0.57802993
""
""
""
""
""
""
0.50545108
""
""
0.41362816
0.5053519
0.35815957
""
""
0.54680276
0.5962773
0.41752076
0.58822405
0.40702441
""
""
""
0.51970237
0.36285529
""
""
0.37534812
0.57391107
""
""
""
0.55740666
""
0.54287732
0.36426574
""
""
""
""
0.38447627
""
0.59267867
""
0.4695639
0.40482399
""
""
""
""
""
""
0.4827936
0.52745092
""
0.56922829
""
""
0.41097784
""
0.46626052
""
""
""
""
""
""
""
""
0.53639603
""
0.42223167
""
0.40154496
0.41975018
""
""
""
0.3876659
""
""
""
""
""
""
0.38338348
0.41496539
""
""
""
0.50276351
""
0.57500374
""
0.48358959
0.49269468
0.44737536
0.52928048
""
0.49509141
0.33963656
0.47492367
0.43572533
0.37917602
0.40064937
0.36916053
""
0.48266557
""
""
0.45467907
0.51609313
""
0.50781631
0.46273023
0.44275191
0.46639347
0.41776586
""
0.43759677
0.57849216
""
0.35498518
""
0.48708308
""
""
""
""
""
""
""
""
""
""
""
""
""
""
0.45608807
""
""
""
""
""
""
""
""
""
""
""
""
""
""
""
""
""
""
""
""
""
""
""
""
""
""
""
""
""
""
""
""
""
""
""
""
""
""
""
""
""
""
""
""
""
""
""
""
""
""
""
""
""
""
""
""
""
""
""
""
""
""
""
""
""
""
""
""
""
""
""
""
""
""
""
""
""
""
""
""
""
""
""
""
""
""
""
""
""
""
""
""
""
""
""
""
""
""
""
""
""
""
""
""
""
""
""
""
""
""
""
""
""
""
""
""
""
""
""
""
""
""
""
""
""
0.46475217
0.3846159
""
""
""
""
""
""
""
""
""
""
""
""
""
""
""
""
""
""
""
""
""
""
""
""
""
""
""
""
""
""
""
""
""
""
""
""
""
""
""
""
""
""
""
""
""
""
""
""
""
""
""
""
""
""
""
""
""
""
""
""
""
""
""
""
""
""
""
""
0.56248182
""
""
""
0.40625069
0.52114332
""
""
0.46361923
0.31869805
0.3949751
""
""
""
""
""
""
0.59790868
""
""
""
""
""
""
""
""
""
""
0.48184854
""
0.30130184
""
""
0.39940083
""
""
""
""
""
""
""
""
""
""
""
""
""
""
""
""
""
""
""
""
""
""
""
""
""
""
""
0.54772997
""
""
""
""
""
""
""
""
""
""
""
""
""
""
""
0.42410493
""
""
0.4190914
""
0.56857306
""
0.34793615
""
""
""
""
0.50555402
""
""
""
""
""
""
""
""
""
0.40004522
""
0.47101951
""
""
""
""
""
0.42017868
0.60407555
0.57946789
""
0.51561427
""
""
0.45564729
""
""
0.51902872
0.49073413
""
""
""
""
""
""
""
""
0.43800005
""
0.50217503
""
0.41116059
0.44355485
0.39933279
""
""
""
""
""
0.57051235
""
0.37915495
""
""
""
""
""
""
""
""
""
""
""
""
""
""
""
""
""
""
0.48389834
""
""
""
""
""
0.49576846
""
""
""
""
""
""
""
""
""
""
0.48747268
0.54039901
""
0.51098055
""
""
""
""
""
0.36695829
""
""
0.48073995
""
0.38710296
""
""
""
""
""
""
""
""
""
""
""
""
""
""
""
""
""
""
""
""
""
0.6159386
""
""
""
""
""
""
""
""
""
""
""
""
""
""
""
""
""
""
""
""
""
""
""
""
""
""
""
""
""
""
""
""
""
""
""
""
""
""
""
""
""
""
""
""
""
""
""
""
""
0.44413781
""
""
""
""
""
""
""
""
""
""
""
""
""
""
""
""
""
""
""
""
""
""
""
""
""
""
""
""
""
""
""
""
""
""
""
""
""
""
""
""
""
""
""
""
""
""
""
""
""
""
""
""
""
""
""
""
""
""
""
""
""
""
""
""
""
""
""
""
""
""
""
""
""
""
""
""
""
""
0.4228754
""
0.5607959
""
""
0.54920661
0.34222311
""
""
""
""
""
""
""
""
""
""
""
""
0.48045039
""
""
""
""
""
""
""
0.45770767
""
""
""
""
""
""
""
""
""
""
""
""
""
""
""
""
""
""
""
""
""
""
""
""
""
""
""
""
""
""
""
""
""
0.61309737
""
""
""
0.50712949
""
""
""
""
""
""
""
""
""
""
""
""
""
""
""
""
""
""
""
""
""
""
""
""
0.4358547
""
""
""
""
""
""
""
""
""
""
""
""
""
""
""
""
""
""
""
""
""
""
""
""
""
""
""
""
""
""
""
""
""
""
""
""
""
""
""
""
""
""
""
""
""
""
""
""
""
""
""
""
""
""
""
""
""
""
""
""
""
""
""
""
""
""
""
""
""
""
""
""
""
""
""
""
""
""
""
""
""
""
""
""
""
""
""
""
""
""
""
""
""
""
""
""
""
""
""
""
""
""
""
""
""
""
""
""
""
""
""
""
""
""
""
""
""
""
""
""
""
""
""
""
""
""
""
""
""
""
""
""
""
""
""
""
""
""
""
""
""
""
""
""
""
""
""
""
""
""
""
""
""
""
""
""
""
""
""
""
""
""
""
""
""
""
""
""
""
""
""
""
""
""
""
""
""
""
""
""
""
""
""
""
""
""
""
""
""
""
""
""
0.39145139
""
""
""
""
""
""
""
""
""
""
""
""
""
""
""
""
0.5854395
""
""
""
""
""
""
""
""
""
""
""
""
""
""
""
""
""
""
""
""
""
""
""
""
""
""
""
""
""
""
""
""
""
""
""
""
""
""
""
""
""
""
""
""
""
""
""
""
""
""
""
""
""
""
""
""
""
""
""
""
""
""
""
0.36086574
""
""
""
""
""
""
""
""
""
""
""
""
""
""
""
""
""
""
""
""
""
""
""
""
""
""
""
""
""
""
""
""
""
""
""
""
""
""
""
""
""
""
""
""
""
""
""
""
""
""
""
""
""
""
""
""
""
""
""
""
""
""
""
""
""
""
""
""
""
""
""
""
""
""
""
""
""
""
""
""
""
""
""
""
""
""
""
0.50882971
0.38745004
0.42668119
0.38694513
""
0.33109581
0.49054575
0.40224281
0.37364614
0.36082712
0.51013243
0.34025267
0.54408586
0.40908155
0.389469
""
0.41726676
0.36635271
0.33813491
0.45712739
""
""
0.46794373
0.40755767
0.41745627
0.29264203
0.43946829
0.3808744
0.34251162
0.48316386
""
""
""
""
""
""
""
""
""
""
""
""
""
""
""
""
""
""
""
""
""
""
""
""
""
""
""
""
0.40160677
""
""
""
0.46759242
0.2952615
0.47825959
0.33256048
""
0.34289339
""
""
""
0.36343563
0.49692681
0.43550497
0.34859136
""
""
""
""
""
""
""
""
""
""
""
""
""
""
""
0.51972377
0.32449627
0.47960123
""
0.33419806
0.31247357
""
""
""
""
""
""
""
""
""
""
""
""
""
""
""
""
""
""
""
""
""
""
""
""
""
""
""
""
""
""
""
""
""
""
""
""
0.48406896
0.40081453
""
""
""
""
""
""
""
""
""
""
""
""
""
""
""
""
""
""
""
""
""
""
""
""
""
""
""
""
""
""
""
""
""
""
""
""
""
""
""
""
""
""
""
""
""
""
""
""
""
""
""
""
""
""
""
""
""
""
""
""
""
""
""
""
""
""
""
""
""
""
""
""
""
""
""
""
""
""
""
""
""
""
""
""
""
""
""
""
""
""
""
""
""
""
""
""
""
""
""
""
""
""
""
""
""
""
""
""
""
""
""
""
""
""
""
""
""
""
0.42519999
""
""
0.37401339
""
0.4137677
0.38774976
0.44563311
0.33847001
""
0.57426757
""
""
0.51368576
""
0.52051437
""
""
0.56009513
""
""
""
""
""
""
""
""
""
""
""
""
""
""
""
""
""
""
""
""
""
""
""
""
""
""
""
""
""
""
""
""
""
""
""
""
""
""
""
""
""
""
""
""
""
""
""
""
""
""
""
""
""
""
""
0.41408539
""
0.43707472
0.33626014
""
""
""
""
0.49797535
""
""
0.3529368
0.40717408
0.521703
""
""
0.53311908
0.30107918
""
0.50926346
0.44719625
""
""
""
0.41592282
""
""
""
""
""
""
0.57845634
0.45308366
""
""
0.47996056
0.44433177
""
""
""
0.41898018
0.45226145
0.60528368
0.52834511
""
0.38823661
""
""
""
0.52197045
0.45285714
""
""
""
""
""
""
""
""
""
""
0.49385375
""
0.49933949
0.30525106
""
""
""
""
""
0.45027405
""
""
""
""
""
""
""
""
""
""
""
""
""
""
""
""
""
""
""
""
""
""
""
""
""
""
""
""
""
""
""
""
""
""
""
""
""
""
""
""
""
""
""
""
""
""
""
""
""
""
""
""
""
""
""
""
""
""
""
""
""
""
""
0.38933569
""
""
""
""
""
""
0.44515523
0.39112282
""
""
0.37843522
0.36371544
""
""
""
""
""
0.51676679
""
""
""
""
""
""
""
""
""
""
""
""
""
""
""
""
""
""
""
""
""
""
""
""
""
""
""
""
""
""
""
""
""
""
0.55781019
""
""
""
""
""
""
0.59635526
""
""
""
""
""
""
""
""
""
""
""
""
""
0.51494628
""
0.6127243
0.41447937
0.51971519
0.54987818
0.54666382
0.57158595
0.4750444
0.48519111
0.51512063
0.51411575
0.51444334
0.50713211
0.54633826
0.53304708
0.51131654
""
0.51157373
0.58305371
0.61990702
""
0.54638994
0.57462019
""
0.48112234
0.47755527
""
0.46439609
""
0.59524453
0.52502406
""
""
""
""
""
""
""
""
""
""
""
""
""
""
""
""
""
""
""
""
""
""
""
""
""
""
""
0.46320674
""
""
0.39519989
0.5040924
0.43715566
0.47187352
0.48669767
0.4214749
0.43928656
0.50298864
0.38969901
0.44889528
0.36525908
0.38624138
""
""
""
""
""
""
""
0.45958996
""
""
""
""
""
""
0.37197354
""
""
""
""
""
""
""
0.63726187
""
0.42340428
""
0.47194964
""
""
""
""
""
""
0.51268137
""
0.44726154
""
0.42086262
""
""
0.46169737
""
0.48467955
0.48369959
0.37435988
0.44980729
0.54804593
0.4979606
""
0.4447799
0.41019675
0.42821944
""
0.46849695
0.53120184
""
0.55767244
0.47191241
0.532085
""
""
0.58201081
0.45499581
0.4405736
""
0.43712798
0.36686245
0.46765384
0.39542824
0.4818086
""
0.60166675
0.37983143
0.64122581
""
""
0.47565684
""
""
""
""
""
""
""
""
""
""
""
0.4887813
""
""
""
""
""
""
""
0.49892068
""
0.67799419
""
""
""
""
0.47364843
""
""
""
0.31967416
0.50416321
""
0.5348016
""
""
0.58480108
""
0.55895519
""
""
0.59945321
""
0.4727641
0.55429679
0.60549605
0.49704328
""
0.52914929
""
""
""
""
""
0.47860283
0.49981841
0.48383674
0.45018777
0.44602031
""
0.51667964
""
""
""
0.51323491
0.52322239
""
0.5008862
0.40828013
""
""
""
""
0.54371285
""
0.3733305
""
""
""
0.29830611
0.45485204
""
""
0.5198366
""
""
""
""
""
""
""
""
""
""
""
""
""
""
""
""
""
""
""
""
""
""
""
""
""
""
""
""
""
0.53493387
0.52243418
0.41110238
""
0.55794817
""
0.4660292
0.5099588
0.56622863
0.56021994
0.5730508
0.51849711
0.4911516
""
0.42663369
""
""
""
0.5062753
""
""
""
""
""
""
""
""
""
""
""
""
""
""
""
""
""
""
""
""
""
""
""
""
""
""
""
""
""
""
""
""
""
""
""
""
""
""
""
""
""
""
""
""
""
""
""
""
""
""
""
0.45542744
0.51873893
""
0.48815882
""
""
""
""
""
""
""
0.3919507
""
""
""
""
""
""
""
""
""
""
""
""
""
0.43758276
""
""
""
""
""
""
""
""
""
""
""
""
0.43438628
""
0.45776692
""
""
""
""
""
""
""
""
""
""
""
""
""
""
""
""
""
""
""
""
""
0.50867575
""
""
""
""
""
""
""
""
""
""
""
""
""
""
""
0.46109536
""
0.55365098
""
""
""
""
""
""
""
""
""
0.45759505
""
""
""
""
""
""
""
""
""
""
""
""
""
""
""
""
""
""
""
""
""
""
""
""
""
""
""
""
""
""
""
""
""
""
""
""
""
""
""
""
""
""
""
""
""
""
""
""
""
""
""
""
""
""
""
""
""
""
""
""
""
""
""
""
""
""
""
""
""
""
""
""
""
0.42870656
""
""
""
""
""
0.41573983
""
""
""
""
""
""
""
""
""
""
""
""
""
""
""
""
""
""
""
0.49445766
""
""
""
""
""
""
""
""
""
""
""
""
0.43373013
""
""
""
""
""
""
""
""
""
""
""
""
""
""
""
0.42437243
""
""
""
""
""
""
""
""
""
""
""
""
""
""
""
""
""
""
""
""
""
""
""
""
""
""
""
""
""
""
""
""
""
""
""
""
""
""
""
""
""
""
""
""
0.62723136
""
""
""
""
""
""
""
""
""
""
""
""
""
""
""
""
0.55436337
""
""
""
""
""
""
""
0.46471503
""
""
""
""
""
""
""
""
""
""
""
""
""
""
""
""
""
""
""
""
""
""
""
""
""
""
""
""
""
""
""
""
""
""
""
""
""
""
""
""
""
""
""
""
""
""
""
""
""
""
""
""
""
""
""
""
""
""
""
""
""
""
""
""
""
""
""
""
""
""
""
""
""
""
""
""
""
""
""
""
""
""
""
""
""
""
""
""
""
""
""
""
""
0.54163629
""
""
""
""
""
""
""
""
""
""
""
""
""
""
""
""
""
""
""
""
""
""
""
""
""
""
""
""
""
""
""
""
""
""
""
""
""
""
""
""
""
""
""
""
0.43428364
""
""
""
""
0.44261199
""
0.37715665
""
""
""
""
""
""
""
""
""
""
""
""
""
0.28453919
""
""
0.37419432
""
""
""
""
""
""
""
""
""
""
""
""
""
""
""
""
""
""
""
""
""
""
""
""
""
""
""
""
""
0.44727892
""
""
""
""
0.43267089
""
""
""
""
""
""
""
""
""
""
""
""
""
""
""
""
0.36149058
""
""
""
""
""
""
""
""
""
""
0.51948988
""
""
""
""
""
""
""
""
0.43071878
""
""
""
""
""
""
""
""
""
""
""
""
""
""
""
""
""
""
""
""
""
""
""
""
0.49426648
""
""
""
""
""
""
""
""
""
""
""
""
""
""
""
""
""
""
""
""
""
""
""
""
""
""
""
""
""
""
""
""
""
""
0.45819178
0.3596763
""
""
""
""
0.55985332
""
""
""
""
""
""
""
""
""
""
""
""
""
""
""
""
""
""
""
""
""
""
""
""
""
""
""
""
""
""
""
""
""
""
""
""
""
""
""
""
0.66708499
""
""
""
""
""
""
""
""
""
""
""
0.45191079
""
""
""
""
""
""
""
""
""
""
""
""
""
""
""
""
""
""
""
""
""
""
0.50265443
""
""
""
""
""
""
""
""
""
""
""
""
""
""
""
""
""
""
""
""
""
""
""
""
""
""
""
""
""
""
""
""
""
""
""
""
""
""
""
""
""
""
""
""
""
""
""
""
""
""
""
""
""
""
""
""
""
""
""
""
""
""
""
""
""
""
""
""
""
""
""
""
""
""
""
""
""
""
""
""
""
""
0.57194716
""
""
""
""
""
""
""
""
""
""
""
""
""
""
""
""
""
""
""
""
""
0.41990706
""
""
""
""
""
""
""
""
""
""
""
""
""
""
""
""
""
""
""
""
""
""
""
""
""
""
""
""
""
""
""
""
""
""
""
""
""
""
""
""
""
""
""
""
""
""
""
""
""
""
""
""
""
""
""
""
""
""
""
""
""
""
""
""
""
""
""
""
""
""
""
""
""
""
""
""
""
""
""
""
""
""
""
""
""
""
""
""
""
""
""
""
""
""
""
""
""
""
""
""
""
""
""
""
""
""
""
""
""
""
0.36270201
0.48777369
""
""
""
""
""
0.40809754
""
""
""
""
""
""
""
""
0.40093973
""
""
""
""
""
""
""
""
""
0.47859982
""
0.41368186
""
""
""
""
0.5196867
""
""
""
""
""
0.43885341
""
""
""
""
0.42033014
""
0.43664658
0.47848764
0.46060854
0.40634772
""
""
""
0.59922892
""
""
""
""
0.52322346
0.57067502
""
""
""
""
""
0.50329274
""
""
""
""
""
""
""
""
""
""
""
""
""
""
""
""
""
""
""
""
""
""
""
""
""
""
""
""
""
""
""
""
""
""
""
""
""
""
""
""
""
""
""
""
""
""
""
""
""
""
""
""
""
""
""
""
""
""
""
""
""
""
""
""
""
""
""
""
""
""
""
""
""
""
""
""
""
""
""
""
""
""
""
0.54161561
""
""
""
""
""
""
""
""
""
""
""
""
""
""
""
""
""
""
""
""
0.36844948
""
""
""
""
""
""
""
0.50846475
""
""
0.51306713
""
0.42858642
""
0.4275105
""
""
""
""
""
""
0.466537
""
""
""
""
""
""
0.4037028
""
""
""
""
0.47032997
0.46855047
0.38471931
0.4742465
""
""
""
""
""
0.48007798
0.47643957
""
""
""
""
0.44835931
""
""
""
0.49911198
""
0.59344286
0.57842773
0.43664527
""
""
""
""
""
""
""
""
0.49387807
0.4165557
0.42869928
""
0.56871831
0.4648093
""
""
""
""
""
""
""
""
""
""
""
""
""
""
""
""
""
""
""
""
""
""
""
""
""
""
""
""
""
""
""
""
""
""
""
""
""
""
""
""
""
""
""
""
""
""
""
""
""
""
""
""
""
""
""
""
""
""
0.43984047
""
""
""
""
0.52478713
""
""
0.40816191
""
""
""
""
""
""
""
""
""
""
""
0.34974501
""
""
""
""
""
""
""
""
""
""
""
""
""
""
""
""
""
""
""
""
""
""
""
""
""
""
""
""
""
""
""
""
""
""
""
""
""
""
""
""
""
""
""
""
""
""
""
""
""
""
""
""
""
""
""
""
""
0.45842734
""
""
""
""
""
0.49072939
""
0.42372176
""
""
""
""
""
""
""
""
""
""
""
""
""
""
""
""
""
""
""
""
""
""
""
""
""
""
""
""
""
""
""
""
""
""
""
""
""
""
""
""
""
""
""
""
""
""
""
""
""
""
""
""
""
""
""
""
""
""
""
""
""
""
""
""
""
""
""
""
""
""
""
""
""
""
""
""
""
""
""
""
""
""
""
""
""
""
""
""
""
""
""
""
""
""
""
""
""
""
""
""
""
""
""
""
""
""
""
""
""
""
""
""
""
""
""
""
""
""
""
""
""
""
""
""
""
""
""
""
""
""
""
""
""
""
""
""
""
""
""
""
""
""
""
""
""
""
""
""
""
""
""
""
""
""
""
""
""
""
""
""
""
""
""
""
""
""
""
""
""
""
""
""
""
""
""
""
""
""
""
""
""
""
""
""
0.46561909
""
0.44032124
0.48316309
""
""
0.42848524
""
""
""
""
""
""
""
""
""
""
""
""
""
""
""
""
""
""
""
""
""
""
""
""
""
""
""
""
""
""
""
""
""
""
""
""
""
""
""
""
""
""
""
""
""
""
""
""
""
""
""
""
""
""
""
""
""
""
""
""
""
""
""
""
0.37024182
0.33719751
0.46440828
0.60109925
0.29527825
0.5854556
""
""
""
""
""
""
""
0.52400512
""
""
""
""
""
0.50091696
""
""
""
""
""
""
""
""
""
0.48201039
""
""
""
""
""
""
""
""
""
""
""
0.43288422
0.51358479
0.56867462
""
""
""
""
""
""
""
""
""
""
""
""
""
""
""
""
""
""
""
""
""
0.53624415
0.51221102
""
""
0.47919473
""
""
""
""
""
""
""
""
""
""
""
""
""
""
""
""
""
""
""
""
""
""
""
""
""
""
""
""
""
""
""
""
""
""
""
""
""
""
0.52554566
""
""
""
""
""
0.43553957
""
""
0.49109012
0.48938504
""
0.5862577
0.54791415
0.45715892
""
0.44565314
""
0.31951857
""
""
0.4527314
0.39095148
0.34832984
0.42112494
""
""
""
""
""
0.49605477
""
0.50522792
""
""
""
0.5988636
0.35109034
0.29581335
""
0.51719481
""
""
0.53263885
""
""
""
0.44650847
0.46847343
""
""
""
""
""
""
""
""
""
""
""
""
""
""
""
""
""
""
""
""
""
""
""
""
""
""
""
""
""
""
""
""
""
0.41700989
0.41550124
""
""
""
""
""
""
""
""
""
0.43791679
""
0.44469133
""
""
""
""
""
""
""
""
""
""
""
""
""
""
""
""
""
""
""
""
0.42767656
""
""
""
0.51117218
""
""
""
""
""
""
""
""
""
""
""
""
""
""
""
""
""
""
""
""
""
0.53508478
""
""
""
""
""
""
""
""
""
""
""
""
""
""
""
""
""
""
""
""
""
""
""
""
""
""
""
""
""
""
""
""
""
""
""
""
""
""
""
""
""
""
""
""
""
""
""
""
""
0.60762805
""
0.44887355
""
0.51408887
""
0.53833544
0.46585706
""
""
0.51704693
""
""
""
""
""
""
0.58512193
0.45074466
0.52771848
""
""
""
""
""
""
""
""
0.44137689
""
""
""
""
""
""
""
""
""
""
""
""
""
""
""
""
""
""
""
""
""
""
""
""
""
""
""
""
""
""
""
""
""
""
""
""
""
""
""
""
""
""
""
""
""
""
""
""
""
""
""
""
""
0.64197886
""
""
""
""
""
""
""
0.50714922
""
0.4976787
""
""
""
""
""
""
""
""
""
""
""
""
""
""
""
""
""
""
""
""
""
""
""
""
""
0.29596701
0.50075084
0.46574286
""
""
""
""
0.37708127
0.4099682
0.42058572
0.43265259
0.52461976
""
0.50255388
""
0.35344633
""
0.51556653
0.45259276
0.40686744
0.4776696
0.41893706
""
""
""
0.33317077
""
""
""
""
""
""
""
""
""
""
""
""
""
0.48107415
0.39430928
""
""
0.34135005
""
""
0.5052231
0.52357841
0.39645809
0.43077081
0.38842291
""
0.35376105
""
""
""
""
0.48834264
0.4366605
0.44373202
0.49032104
0.3759608
0.58681846
""
0.40233263
""
""
0.53191352
""
0.43776298
0.48842606
0.39329657
""
""
""
""
""
""
""
0.39388636
0.38094696
""
""
""
0.44623634
""
""
""
""
""
""
""
""
""
""
""
""
""
""
""
""
""
""
""
""
""
""
""
""
""
""
""
""
""
""
""
""
""
""
""
""
""
""
""
""
""
""
""
""
""
""
""
""
""
""
""
""
""
""
""
""
""
""
""
""
""
""
""
""
""
""
""
""
""
""
""
""
""
""
""
""
""
""
""
""
""
""
""
""
""
""
""
""
""
""
""
""
""
""
""
""
""
""
""
""
0.43951106
""
""
""
""
""
0.55969328
0.39829329
0.57833332
""
0.64072931
""
0.38309872
""
""
""
""
""
""
""
""
""
""
""
""
""
""
""
""
""
""
""
""
""
""
""
""
""
""
""
""
""
""
""
""
""
""
""
""
""
""
""
""
""
""
""
""
""
""
""
""
""
""
""
""
""
""
""
""
""
""
""
""
""
""
""
""
""
""
""
""
""
""
""
""
""
""
""
""
""
""
""
""
""
""
""
""
""
""
""
""
""
""
""
""
""
""
""
""
""
""
""
""
""
""
""
""
""
""
""
""
""
""
""
""
""
""
""
""
""
""
""
""
""
""
""
""
""
""
""
""
""
""
""
""
""
""
""
""
""
""
""
""
""
""
""
""
""
""
""
""
""
""
""
""
""
""
""
""
""
""
""
""
""
""
""
""
""
""
""
""
""
""
""
""
""
""
""
""
""
""
""
""
""
""
""
""
""
""
""
""
""
""
""
""
""
""
""
""
""
""
""
""
""
""
""
""
""
""
""
""
""
""
0.60184097
""
""
""
""
""
""
0.41501981
""
0.43700442
""
0.31443906
0.25924742
""
""
""
""
0.26605159
0.32787439
0.45367008
""
""
""
""
""
""
0.25598115
""
""
""
0.44031087
0.4989408
""
""
""
""
""
""
""
""
""
""
""
""
0.43200129
""
""
""
""
""
""
""
""
""
""
""
""
""
""
""
""
""
0.51444978
""
""
""
""
""
""
""
""
""
""
""
""
""
""
""
""
""
""
""
""
""
""
""
""
""
""
""
""
""
""
""
""
""
""
""
""
""
""
""
""
""
""
""
""
""
""
""
""
""
""
""
""
""
""
""
""
""
""
""
""
""
""
""
0.64883518
""
""
""
""
""
""
""
""
""
""
0.44228679
""
0.54145783
""
0.51538354
""
""
""
""
""
""
0.42441565
""
""
0.37676316
0.442691
0.46834674
0.37734503
""
0.36918092
0.39025947
""
0.36152205
""
""
""
""
""
""
""
0.3265579
""
""
0.43933657
""
""
""
""
""
""
""
""
""
""
""
""
""
""
""
""
""
""
""
""
""
""
""
""
0.54027581
""
0.5575074
""
""
""
0.57058364
0.54181099
""
""
""
""
0.4410904
0.54727346
""
""
""
0.58843935
""
""
""
""
""
""
""
""
""
0.43027017
""
""
""
""
""
""
""
""
""
""
""
""
""
""
""
""
""
""
""
""
""
""
""
""
""
""
""
""
""
""
""
""
""
""
""
""
""
""
""
""
""
""
""
""
""
""
""
""
""
""
""
""
""
""
""
""
""
""
""
""
""
""
""
""
""
""
""
0.37663585
""
""
""
""
""
0.38476402
""
""
""
""
""
""
""
""
""
""
""
""
""
""
""
""
""
""
0.62545037
""
""
""
0.47300056
0.4053674
""
0.60273039
""
0.60067725
""
0.4763751
0.52273858
0.53805053
0.5324617
0.50155938
""
0.50616711
""
""
""
""
""
""
""
""
""
""
""
""
""
""
""
""
""
""
""
""
""
""
""
""
""
""
""
""
""
""
""
""
""
""
""
""
""
""
""
""
""
""
""
""
""
""
""
""
""
""
""
""
""
""
""
""
""
""
""
""
""
""
""
""
""
0.50864708
""
0.40271053
""
0.46963325
0.51229835
0.46479556
0.47898513
""
""
""
""
""
""
""
""
""
""
""
""
""
""
""
0.4675597
""
""
""
""
""
""
""
""
""
""
""
""
""
""
""
""
""
""
""
""
""
""
""
""
""
""
""
""
""
""
""
""
""
""
""
""
""
""
""
""
""
""
""
""
""
""
""
""
""
""
""
""
""
""
""
""
""
""
""
""
""
""
""
""
""
""
""
""
""
""
""
""
""
""
""
""
""
""
""
""
""
""
""
""
""
""
""
""
""
""
""
""
""
""
0.56047404
""
""
0.55474657
""
0.48991004
0.46511874
0.51285821
0.63910979
""
""
0.47395313
""
""
0.50067359
0.40861687
""
0.45446956
""
0.47074643
""
""
0.39521423
0.44048315
0.43235993
0.40381151
0.55827701
0.41226453
0.49079916
""
""
""
0.48591155
""
""
""
""
""
""
""
""
""
""
""
""
""
""
""
""
""
""
""
""
""
""
""
""
""
""
""
""
""
""
""
""
""
""
""
""
""
""
""
""
""
""
""
""
""
""
""
""
""
""
""
""
""
""
""
""
""
""
""
""
""
""
""
""
""
""
""
""
""
""
""
""
""
""
""
""
""
""
""
""
""
""
""
""
""
""
""
""
""
""
""
""
""
""
""
""
""
0.49108228
""
0.4062928
""
""
""
""
""
0.51029527
0.48095864
""
""
0.44378424
0.44391289
""
0.50854361
0.48197141
""
""
0.30364314
""
0.4324677
""
0.45165214
0.35812709
0.47618958
0.46632901
0.48848674
0.47917712
0.46839377
""
0.3655152
0.48517671
0.44802371
""
""
""
""
""
""
""
""
""
""
""
""
""
""
""
""
""
""
""
""
""
""
""
""
""
""
""
""
""
""
""
""
""
""
""
""
""
""
""
""
""
""
""
""
""
""
""
""
""
""
""
""
""
""
""
""
""
""
""
""
""
""
""
""
""
""
""
""
""
""
""
""
""
""
""
""
""
""
""
""
""
""
""
""
""
""
""
""
""
""
""
""
""
""
""
""
""
""
""
""
""
""
""
""
""
""
""
""
""
""
""
""
""
""
""
""
""
""
""
""
""
""
""
""
""
""
""
""
""
""
""
""
""
""
""
""
""
""
""
""
""
""
""
""
""
""
""
""
""
""
""
""
""
""
""
""
""
""
""
""
""
""
""
""
""
""
""
""
""
""
""
""
""
""
""
""
""
""
""
""
""
""
""
""
""
""
""
""
""
""
""
""
""
""
""
""
""
""
""
""
""
""
""
""
""
""
""
""
""
""
""
""
""
""
""
""
""
""
""
""
""
""
""
""
""
""
""
0.44289425
0.50051433
0.48647198
0.41642535
0.44042271
0.42624903
0.50887829
0.49917576
0.51623315
0.5165385
0.49829385
0.5525912
0.46695977
0.44553286
0.46063825
0.44543076
0.47738066
0.50835806
0.46951422
0.56738782
0.49652308
0.57085019
0.53568751
0.53483516
0.51182491
0.5340296
0.54511261
0.51246154
0.54630446
0.51794738
0.45751828
0.5362224
0.5112201
0.4995749
0.52171797
0.556665
0.59835428
0.53546578
0.52421409
0.47575885
0.50268221
0.54597491
0.5011636
0.53516269
0.52287936
0.45444635
0.47991955
0.49615058
0.46904275
0.54934591
0.47793317
0.51960111
0.48220637
0.45201424
0.50079697
0.48240021
0.48617652
0.53923458
0.55505621
0.52551579
0.60043913
0.56865543
0.37865698
0.43209377
""
0.39832559
0.3620348
0.44291869
0.53826499
0.50439847
0.39592949
0.49344304
0.47009385
0.41861856
0.51033068
0.47040471
0.45363879
0.43878019
0.4503004
0.48550314
0.48860824
0.53305966
0.54064012
0.47908306
0.5106436
0.51609904
0.48522955
0.39924884
0.47735539
0.49412435
0.49646032
0.4730638
0.53070164
0.50989026
0.47595376
0.42601508
0.58399415
0.45849663
0.48275656
0.54527491
0.41533625
0.58536273
0.47618538
0.48610264
0.48800036
0.47374108
0.50995606
0.50053811
0.52730381
0.49167633
0.50467509
0.51265442
0.52985525
0.44441462
0.48642087
0.34250033
0.44072828
0.47668603
0.44384071
0.47948495
0.49075809
0.47761071
0.54712069
0.45724392
0.450129
0.54365224
0.48713902
0.56547999
0.50218731
0.50119776
0.54789233
0.54380071
0.52622676
0.48805359
0.50960302
0.49847889
0.58737504
0.50550699
0.50400847
0.51229227
0.55165833
0.52149624
0.51374662
""
0.5977906
0.46181929
0.53953379
0.50892109
0.53148693
0.47126189
0.46074924
0.53795308
0.5753414
0.53799582
0.51097411
0.46559039
0.52776152
0.5531078
0.49770325
0.48046955
0.530209
0.51298702
0.51448619
0.49676177
0.51214015
0.55743676
0.48096669
0.53036106
0.56461501
0.55550009
0.55513686
0.65131801
0.51825035
0.5443911
0.49751386
0.48480633
0.5147652
0.54593331
""
""
0.54122519
0.55075943
0.52002412
0.49562523
0.49082601
0.50921887
0.47817311
0.48026711
0.50034356
0.50457984
0.51829475
0.55512518
0.54850131
0.49834433
0.51113379
0.47907269
0.51899236
0.53445274
0.51621336
0.52752167
0.53586364
0.58072335
0.55919307
0.52659309
0.52231526
0.57584208
0.61078733
0.50676799
0.60774529
0.5417105
""
0.48571271
0.52151978
0.53314668
0.48460957
0.45564088
0.53863049
0.50431663
""
0.58705485
0.55418283
0.49765572
0.48766932
0.50058085
0.50970668
0.50878918
0.46319327
0.53248024
0.51952904
0.51626694
0.44692212
0.45971861
0.45989585
0.46992791
0.53914028
0.51587003
0.5371356
0.49782345
0.52816856
0.5356977
0.5026527
0.52670491
0.54962212
0.54466885
0.51946253
0.47700983
0.52187616
0.53261274
0.52572358
0.47623035
0.50115126
0.51022744
0.55325699
0.46094289
0.51441813
0.50314081
0.46916193
0.53519225
0.502747
0.42731085
0.48438847
0.52651048
0.57230288
0.45521688
0.49466622
""
""
""
""
""
""
0.45201585
""
0.52502573
0.51090354
0.52162153
0.5322091
0.55960852
0.43242291
0.5272969
0.44428304
0.5440886
0.5118317
0.50779152
0.59001261
0.46892729
0.54001725
0.56683594
0.59419203
0.51623607
0.54601669
0.51764971
0.53137285
0.51544946
0.49652043
0.54986447
0.50339538
0.49626625
0.60480964
0.53515834
0.49584168
0.54783422
0.5385021
0.53650999
0.50711817
0.56842154
0.51766992
0.55019355
0.48587301
0.56603175
0.49314356
0.57192343
0.46443954
""
0.45167363
0.50104791
0.50988841
""
""
""
""
""
""
0.53651601
""
""
""
""
""
0.47277197
0.49819073
""
""
""
0.60005689
0.3011592
""
0.45828038
0.38302726
""
""
0.45963368
""
0.44251168
""
""
0.46480337
""
""
0.52037239
0.47821951
0.57269377
""
0.43840489
0.57731533
0.50315428
""
0.62299734
""
""
""
""
""
""
0.6263209
0.48908159
0.58132166
0.39190179
""
""
""
0.62019545
0.37020811
0.58381015
""
""
""
""
""
""
0.52314228
""
""
""
""
""
""
""
0.49560714
""
""
""
""
""
""
""
""
0.54525524
""
""
""
""
""
""
""
""
""
""
""
""
""
""
""
""
""
""
""
0.4666639
""
""
0.48168737
0.35461897
""
""
""
""
""
""
""
""
""
""
""
""
""
""
0.3938207
""
""
""
0.51891845
""
""
""
0.51128441
""
""
""
""
""
""
""
""
""
0.63375449
0.40030202
""
""
""
0.59057671
""
0.5719884
""
0.56007826
0.55243504
""
""
0.43499935
0.43179673
""
0.44460097
0.54107064
0.42454544
""
""
""
""
""
""
""
""
""
""
""
""
""
""
0.72449261
""
""
""
""
""
""
0.42992228
""
0.59945238
0.56431478
""
""
""
""
""
""
0.53885466
""
""
""
""
""
""
""
""
""
""
""
""
""
""
""
""
""
""
""
""
""
""
""
0.42984936
""
0.4919796
0.5080657
""
""
""
""
""
""
""
""
""
""
""
0.48606986
""
""
""
0.490805
0.46362355
""
""
""
""
""
""
""
""
""
""
""
""
""
""
""
""
""
""
""
""
""
""
""
""
""
0.43581361
""
""
0.49781376
""
""
""
0.64215183
""
""
""
""
0.47449359
""
""
""
""
""
""
""
""
""
""
""
""
""
""
0.44037879
0.5267309
""
0.3729713
""
0.4685787
""
""
""
""
""
""
""
0.34045187
""
""
""
""
0.28702679
0.2891182
""
""
""
""
""
""
""
""
""
""
""
""
""
""
""
""
""
""
""
""
""
""
""
""
""
0.57895511
""
""
""
""
""
""
""
""
""
""
""
""
""
""
""
""
""
""
""
""
""
""
""
""
""
""
""
""
""
""
""
""
""
0.39913455
""
0.45570514
""
""
""
0.46881622
0.46331999
""
""
""
0.52836782
""
""
""
""
""
""
""
0.29100898
""
""
""
""
0.57376361
0.48016331
0.37346861
""
""
""
""
""
""
""
""
""
""
""
""
""
""
""
""
""
""
""
""
""
""
""
""
""
""
""
""
""
""
""
""
""
""
""
""
""
""
""
""
""
""
""
""
""
""
""
""
0.34917134
0.386821
""
0.51296818
""
""
""
""
0.38608411
""
0.5026145
""
0.4606522
""
0.2894038
""
0.43960768
0.4507286
""
""
0.44925147
0.37635356
0.46301612
0.50922137
""
""
""
""
""
0.50962126
""
""
0.54406661
""
""
""
""
""
""
""
""
""
""
0.57123363
0.42773017
0.59099382
""
""
""
""
""
""
""
""
0.49970737
0.65384686
""
""
""
""
""
""
""
""
""
""
""
""
""
""
""
""
""
""
""
""
""
""
""
""
""
""
""
""
""
""
""
""
""
""
""
""
""
""
""
""
""
""
""
""
""
""
""
""
""
""
""
""
""
""
""
""
""
""
""
""
""
""
""
""
""
""
""
""
""
""
""
""
""
""
""
""
""
""
""
""
""
""
""
""
""
""
""
""
""
""
""
""
""
""
""
""
""
""
""
""
""
""
""
""
""
""
""
""
""
0.48921314
0.37313411
0.35124156
""
0.59788311
0.54320705
""
""
0.47279355
0.39385933
""
0.41131839
""
""
""
""
""
""
""
""
""
""
""
""
""
""
""
""
""
""
""
""
""
""
0.48928329
""
""
""
""
""
""
""
""
""
""
""
""
""
""
""
""
""
""
""
""
""
""
""
""
""
""
""
""
""
""
""
""
""
""
""
""
""
""
""
""
""
""
""
""
""
""
""
""
""
""
""
""
""
""
""
""
""
""
""
""
""
""
""
""
""
""
""
""
""
""
""
""
""
""
""
""
""
""
""
""
""
""
""
""
""
""
""
""
""
""
""
""
""
""
""
""
""
""
""
""
""
""
""
""
""
""
""
""
""
""
""
""
""
0.4456808
0.45953414
""
""
""
""
""
""
""
""
""
""
""
""
""
""
""
""
""
""
""
""
""
""
""
""
""
""
""
""
""
""
""
""
""
""
""
""
""
""
""
""
""
""
""
""
""
""
""
""
""
""
""
""
""
""
""
""
""
""
""
""
""
""
""
""
""
""
""
""
""
""
""
""
""
""
""
""
""
""
""
""
""
""
""
""
""
""
""
""
""
""
""
""
""
""
""
""
""
""
""
""
""
""
""
""
""
""
""
""
""
""
""
""
""
0.39915964
""
""
""
""
""
""
""
""
""
""
""
""
""
""
""
""
""
""
""
""
""
""
""
""
""
""
0.32778558
""
""
""
""
""
""
""
""
""
""
""
""
""
""
""
""
""
""
""
""
""
""
""
""
""
""
""
""
""
""
""
""
""
""
""
""
""
""
""
""
""
""
""
""
""
""
""
""
""
""
""
""
""
""
""
""
0.36122525
""
""
""
""
""
""
""
""
""
""
""
""
""
""
""
""
""
""
""
""
""
""
""
""
""
""
""
""
""
""
""
""
""
""
""
""
""
""
""
""
""
""
""
""
""
""
""
""
""
""
""
""
""
""
""
""
""
""
""
""
""
""
""
""
""
""
""
""
""
""
""
""
""
""
""
""
""
""
""
""
""
""
""
""
""
""
""
""
""
""
""
""
""
""
""
""
""
""
""
""
""
""
""
""
""
""
""
""
""
""
""
""
""
""
""
""
""
""
""
""
0.43458399
""
""
""
""
""
0.34622386
""
""
""
""
""
""
""
""
""
""
""
""
""
""
""
""
""
0.44989294
""
""
""
""
""
""
""
""
""
""
""
""
""
""
""
""
""
""
""
""
""
0.4381831
""
""
""
""
0.58037025
""
0.57160616
""
""
""
""
""
""
""
""
""
""
""
""
""
""
""
""
0.51836169
""
""
""
""
""
""
""
""
""
""
""
0.67398113
""
""
""
""
""
""
""
""
""
""
""
""
""
0.39191219
""
""
""
""
""
""
""
""
""
""
""
""
""
""
""
""
""
""
""
""
""
""
""
""
""
""
""
""
""
""
""
""
""
""
0.55840534
""
""
""
""
""
""
""
""
""
""
""
""
""
""
""
0.53709918
""
0.57613945
""
""
""
0.67465782
""
""
""
""
""
""
""
""
""
""
""
""
0.43121886
""
""
""
""
""
""
""
""
""
""
""
0.60472941
0.40004906
""
""
""
0.58179766
0.38600037
0.57306409
0.44469571
""
""
""
""
""
""
""
""
""
""
""
0.50304556
""
""
""
0.46156141
""
""
""
""
""
""
""
""
""
""
""
""
""
""
""
""
0.62715918
0.61159515
0.54679519
""
""
""
""
""
""
""
""
""
""
""
0.60944235
0.38839671
""
""
0.42893037
""
0.58272648
""
0.45019609
""
0.58582568
0.47870103
""
""
""
0.28930041
""
""
""
""
0.5113886
""
""
""
""
""
""
""
0.50135303
""
""
""
0.42245749
0.33351171
""
""
""
0.41623527
0.46765468
0.49652907
0.4432278
""
""
""
""
""
""
""
""
""
""
""
""
""
""
""
""
""
""
""
""
""
""
0.47346193
""
""
""
""
""
""
""
""
""
""
0.51961291
0.39542478
""
""
""
""
""
""
""
""
""
""
""
""
""
""
""
""
""
""
""
""
""
""
""
""
""
""
""
""
""
""
""
""
""
0.53840619
""
""
""
""
""
""
""
""
0.43681937
""
""
""
0.49814102
""
""
""
""
0.53170836
""
""
""
""
""
""
""
""
""
""
""
""
""
""
""
""
""
""
""
""
""
""
""
""
""
""
""
""
""
""
""
""
""
""
""
""
""
""
""
""
""
""
""
""
""
""
""
""
""
""
""
""
""
""
""
""
""
""
""
""
0.55420935
""
""
""
""
""
""
""
""
""
""
""
""
""
""
""
""
""
""
""
""
""
""
0.42521888
0.34010869
""
""
""
""
""
""
""
""
""
""
""
""
""
""
""
""
""
""
""
""
""
""
""
""
""
""
""
""
""
""
""
""
""
""
""
""
""
""
""
""
""
""
""
""
""
""
0.46247399
""
""
0.4194636
""
""
0.41997868
""
""
""
""
""
""
""
""
""
""
0.43328375
""
""
""
""
""
""
""
""
""
""
""
""
""
""
""
""
""
""
""
""
""
""
""
""
""
""
""
""
""
""
0.36031428
""
""
""
""
""
""
""
""
""
""
""
""
""
0.426236
""
""
""
0.47616097
0.39432669
0.38266134
""
0.44633535
""
""
""
""
0.39671341
0.3974053
""
""
0.42162395
""
""
0.47794238
""
""
""
""
""
""
""
""
""
""
""
0.39074439
""
""
""
""
""
""
""
""
""
""
""
""
""
""
""
0.4637621
""
""
""
""
""
""
""
""
""
""
""
""
""
""
""
""
""
""
""
""
""
""
""
""
""
""
""
""
""
""
""
""
""
""
""
""
""
""
""
""
""
""
""
""
""
""
""
""
""
""
""
""
""
""
""
""
""
""
""
""
""
""
""
""
""
""
""
""
""
""
""
""
""
""
""
""
""
""
""
""
""
""
""
""
""
""
""
""
""
""
""
""
""
""
""
""
""
""
""
0.21155554
""
""
""
""
""
""
""
""
""
""
""
""
""
""
""
""
""
""
""
""
""
""
""
""
""
""
""
""
""
""
""
""
""
""
""
""
""
""
""
0.4966979
""
""
0.52098119
0.62464589
""
""
""
""
""
""
""
""
""
""
""
""
""
""
0.54312056
""
""
""
0.46261594
""
""
""
""
""
""
""
""
""
""
""
""
""
""
""
""
""
""
""
""
""
""
""
""
""
""
""
""
""
""
0.53709197
""
""
0.52818143
""
""
""
""
""
""
""
""
""
""
""
""
""
""
""
""
""
""
""
""
""
""
""
""
""
""
""
""
""
""
""
""
""
""
""
""
""
""
""
""
""
""
""
""
""
""
""
""
0.59744525
""
""
""
""
""
""
""
""
""
""
""
""
""
""
""
""
""
0.39743295
""
""
""
""
""
""
""
""
""
""
""
""
0.47013998
""
""
""
""
""
""
""
""
""
""
""
0.40235403
""
""
""
""
0.47991616
""
""
""
""
""
""
""
0.55611825
0.44368675
""
""
0.5135588
0.56917793
""
""
""
""
""
""
""
""
""
""
""
""
0.58330953
""
""
""
""
""
""
0.5729565
""
""
""
""
""
""
""
""
""
""
""
""
""
""
""
""
""
""
""
""
""
""
""
""
""
""
""
""
""
""
""
""
""
""
""
""
""
""
""
""
""
""
""
""
""
""
""
""
""
""
""
""
""
""
""
""
""
""
""
""
""
""
""
""
""
""
""
""
""
""
""
""
""
""
""
""
""
""
""
""
""
""
""
""
""
""
""
""
""
""
""
""
""
""
""
""
""
""
""
""
""
""
""
""
""
""
""
""
""
""
""
""
""
""
""
""
""
""
""
""
""
""
""
""
""
0.45931426
""
""
""
""
""
""
""
""
""
""
""
""
""
""
""
""
""
""
""
""
""
""
""
""
""
""
""
""
""
""
""
""
""
""
""
""
""
""
""
""
0.49393988
0.61065346
""
""
""
""
""
""
""
0.42385769
0.56057823
""
""
""
""
0.62946743
""
""
0.5813663
0.46800384
""
""
0.53273708
""
""
""
0.73834413
""
""
""
""
""
""
""
""
""
""
""
""
""
""
""
""
""
""
0.49069616
""
""
""
""
""
""
0.56353229
""
0.42513636
""
""
""
""
""
""
0.43259567
""
""
""
""
""
""
""
0.53716481
""
""
""
""
""
""
0.6853146
""
""
""
""
""
""
""
""
""
""
0.63201767
""
""
""
""
""
""
""
""
""
""
""
""
""
""
""
""
0.50168127
""
""
""
""
""
""
""
""
""
""
""
""
""
""
""
""
""
""
""
""
""
""
""
""
""
""
""
""
0.55836779
""
""
0.53168601
0.48378572
0.57305723
0.53440928
0.53894031
0.58652139
""
""
""
""
""
""
""
""
""
""
""
""
""
""
""
""
""
""
""
""
""
""
""
""
""
""
""
""
""
""
""
0.55292028
""
""
""
""
""
""
""
""
""
""
0.45052257
""
""
""
""
0.60606569
""
""
""
0.44098681
0.43709326
""
""
""
""
""
""
0.49257872
0.56872874
""
""
""
""
""
""
0.56195611
""
""
""
""
""
""
""
""
""
""
""
""
""
""
""
""
""
""
""
""
""
""
""
""
""
""
""
""
""
""
""
""
""
""
""
0.40634766
""
""
""
""
""
""
""
""
0.55167037
""
""
""
""
0.45836681
""
""
""
""
""
""
""
""
""
""
""
""
""
""
""
""
""
""
""
""
""
""
""
0.43157929
""
""
""
""
""
""
""
""
""
""
""
""
""
""
""
""
""
""
""
""
""
""
""
""
""
""
""
""
""
""
""
""
""
""
""
""
""
""
""
""
""
""
""
""
""
""
""
""
""
""
""
""
""
""
""
""
""
""
""
""
""
""
""
""
""
""
""
""
""
""
""
""
""
""
""
""
""
""
""
""
""
""
""
""
""
""
""
""
""
""
""
""
""
""
""
""
""
""
""
""
""
""
""
""
""
""
""
""
""
""
""
""
""
""
""
""
""
""
""
""
""
""
""
""
""
""
""
0.38936457
0.45047161
""
""
""
""
""
""
0.37250814
""
""
""
""
""
""
""
""
""
""
0.3575649
0.48047787
0.32042754
0.24700102
""
""
""
""
""
""
""
""
""
""
""
""
""
""
""
""
""
""
0.35702899
""
0.44467524
0.357853
""
""
""
""
""
""
""
""
""
""
""
""
""
""
""
""
""
""
""
""
""
""
""
""
""
""
""
""
""
""
""
""
""
""
""
""
""
""
""
""
""
""
""
0.5652141
""
""
""
""
""
""
""
""
""
""
""
""
""
""
""
""
""
""
""
""
""
""
""
""
""
""
""
""
""
""
""
""
""
""
""
""
""
""
""
0.56612998
""
""
""
""
""
""
""
""
""
""
""
""
""
""
""
""
""
""
""
""
""
""
""
""
""
""
""
""
""
""
""
""
""
""
""
""
""
""
""
""
""
""
""
""
""
""
""
""
""
""
""
""
""
""
""
""
""
""
""
""
""
""
""
""
""
""
""
""
""
""
""
""
""
""
""
""
""
""
""
""
""
""
""
""
""
""
""
""
""
""
""
""
""
""
""
""
0.21696873
""
""
""
""
0.38292509
""
""
""
0.44398701
""
""
0.46664974
0.38814878
""
""
""
""
""
0.60042447
0.44376925
""
""
""
""
""
""
""
""
""
""
""
""
""
""
""
""
""
""
""
""
""
""
""
""
""
""
""
""
""
""
""
""
""
""
""
""
""
""
""
""
""
""
""
""
""
""
""
""
""
""
""
""
""
""
""
""
""
""
""
""
0.396824
""
0.32156318
""
""
0.41874754
""
""
""
""
""
""
""
""
""
""
""
""
""
""
""
0.53806728
""
""
""
""
""
""
""
""
""
""
""
""
""
""
""
""
""
""
""
""
""
""
""
""
""
""
""
""
""
""
0.46312511
""
""
""
""
""
""
""
""
""
""
""
""
""
""
""
""
""
""
""
""
0.55482167
0.49274334
0.4605841
0.45879373
""
""
""
0.54893589
""
0.56958193
""
0.48738819
""
""
""
""
0.49622306
0.44068024
""
0.46424744
""
0.54517412
0.556135
""
""
""
""
""
""
""
""
""
""
""
""
""
0.4871605
""
""
""
""
""
""
""
""
""
""
""
""
""
""
""
""
""
""
""
""
""
""
""
""
0.2426326
0.40055919
""
""
""
""
""
""
""
""
""
""
""
""
""
""
""
""
""
""
""
""
""
""
""
""
""
""
""
""
""
""
""
""
""
""
""
""
""
""
""
""
""
""
""
""
0.47162002
""
""
""
0.38672811
""
""
""
""
""
""
""
""
""
""
""
""
""
""
""
""
""
""
""
""
""
""
""
""
""
""
""
""
""
""
""
""
""
""
""
""
""
""
""
""
""
""
""
""
""
""
""
""
""
""
""
""
""
""
""
""
""
""
""
""
""
""
""
""
""
""
""
""
""
""
""
""
""
""
""
""
""
""
""
""
""
""
""
""
""
""
""
""
""
""
""
""
""
""
""
""
""
""
""
""
""
0.59812653
""
0.52685714
0.45360899
""
""
""
""
""
""
0.55574602
""
0.42839038
0.47640887
""
""
""
""
""
""
""
""
""
""
""
""
""
""
""
""
""
""
""
""
""
""
""
""
""
""
""
""
""
""
""
""
""
""
""
""
""
""
""
""
""
""
""
""
""
""
""
""
""
""
""
""
""
""
""
""
""
""
""
""
""
""
""
""
""
""
""
""
""
""
""
0.51994288
""
""
0.3838186
""
""
""
""
""
""
""
""
0.4158648
""
""
""
""
""
""
""
""
""
""
""
""
""
""
""
""
""
""
""
""
""
""
""
""
""
""
""
""
""
""
""
""
""
""
""
""
0.36796719
""
""
""
""
""
""
""
""
""
""
""
""
""
""
""
""
""
""
""
""
""
""
""
""
""
""
""
""
""
""
""
""
""
""
""
""
""
""
""
""
""
""
""
""
""
""
""
""
""
""
""
""
""
""
""
""
""
""
""
0.51817799
""
""
""
""
0.45866305
""
""
""
""
0.3059963
""
""
""
""
""
0.32037988
0.62032694
""
""
""
""
""
""
""
""
""
""
""
""
""
""
""
""
""
""
""
""
""
""
""
""
""
""
""
""
""
""
""
""
""
""
""
""
""
""
""
""
""
""
""
""
""
""
""
""
""
0.37013739
""
""
""
""
""
""
""
""
""
""
0.50612575
""
0.35847893
""
0.36748716
0.41894951
""
0.40472063
0.42061231
0.42577213
0.40966219
""
0.42006043
""
""
""
""
0.45248541
""
""
""
""
0.38700289
""
0.45114914
""
0.38096765
""
""
""
""
""
""
""
""
""
""
""
""
""
""
0.51298094
""
""
0.49113509
""
""
""
0.59384668
""
""
""
""
""
""
""
""
""
""
""
""
""
""
""
0.54079682
""
0.39243093
""
""
""
""
""
""
""
""
""
""
""
""
""
""
""
""
0.40311593
""
""
""
0.54704803
""
0.43764362
""
""
""
""
""
""
""
""
""
""
""
""
""
""
""
""
""
""
""
""
""
""
""
""
""
""
""
""
""
""
""
""
""
""
""
""
""
""
""
""
""
""
""
""
""
""
""
""
""
""
0.34491441
""
""
""
""
""
""
""
""
0.46165651
0.4567315
""
""
""
""
""
""
""
""
""
""
""
""
""
""
""
""
""
""
""
""
""
""
""
""
""
""
""
""
""
""
""
""
""
""
""
""
""
""
""
""
""
""
""
""
""
""
""
""
""
""
""
""
""
""
""
""
""
""
""
""
""
""
0.41340518
""
""
""
""
""
""
""
""
""
""
""
""
""
""
""
""
""
""
""
""
""
""
""
""
""
""
""
""
""
""
""
""
""
""
""
""
""
""
""
""
""
""
""
""
""
""
""
""
""
""
""
""
0.61511511
""
""
""
""
""
""
""
""
0.34884021
""
""
""
""
0.5206778
""
0.5184626
0.41510636
0.27237269
0.25234258
""
""
""
""
""
""
""
""
""
""
""
""
""
""
""
""
""
""
""
""
""
""
""
""
""
""
""
""
""
""
""
""
""
""
""
""
""
""
""
""
""
""
""
""
""
""
""
""
""
""
""
0.37713268
""
""
""
""
0.39899623
""
""
""
""
""
""
""
""
""
""
""
""
""
""
""
""
""
""
""
""
""
""
""
""
""
""
""
""
""
""
""
""
""
""
""
""
""
""
""
""
""
""
""
""
""
""
""
""
""
""
""
""
""
""
""
""
""
""
""
""
""
""
""
""
""
""
""
""
""
""
""
""
""
""
""
""
""
""
""
""
""
""
""
""
""
""
""
""
""
""
""
""
""
""
""
""
""
""
""
""
""
""
""
""
""
""
""
0.38338715
""
""
""
""
""
""
""
""
0.45859694
""
""
""
""
""
""
""
""
""
""
""
""
""
""
""
""
""
""
""
""
""
""
""
""
""
""
""
""
""
""
""
""
""
""
""
""
""
""
""
""
""
""
""
""
""
""
""
""
""
""
""
""
""
""
""
""
""
""
""
""
""
""
""
""
""
""
""
""
""
""
""
""
""
""
""
""
""
""
""
""
""
""
""
""
""
""
""
""
""
""
""
""
""
""
""
""
""
""
""
""
""
""
""
""
""
""
""
""
""
""
""
""
""
""
""
""
""
0.46951526
""
""
""
""
""
""
""
""
""
""
""
""
""
""
""
""
""
""
""
""
""
0.24733831
0.3836436
""
""
""
""
""
""
""
""
""
""
0.41638443
""
""
""
""
""
""
""
""
""
""
""
""
""
""
""
""
""
""
""
""
""
""
""
""
""
""
""
""
""
""
""
""
""
""
""
""
""
""
""
""
""
""
""
0.48038584
""
""
""
""
""
""
0.60618716
""
""
""
""
""
""
""
""
""
""
""
""
""
""
""
""
""
""
""
""
""
""
""
""
""
""
""
""
""
""
""
""
""
""
0.48779926
""
""
0.36659166
""
""
""
0.41404325
""
""
""
""
""
""
0.4910816
""
""
""
""
""
""
""
""
""
""
""
""
""
""
""
""
""
""
""
""
""
0.18683514
""
""
""
""
""
""
""
""
""
""
""
""
""
""
""
""
""
""
""
""
""
""
""
""
""
""
""
""
""
""
""
""
""
""
""
""
""
""
""
""
""
""
0.41163898
0.45045543
0.43377984
0.42357513
0.37262708
0.49669006
0.57695431
""
0.403312
""
""
""
0.4667941
""
""
""
""
""
""
""
0.54378694
""
""
""
""
0.55830979
0.41190794
0.41288647
""
""
""
""
""
0.50054771
""
""
""
""
0.47970483
""
""
""
""
""
""
""
""
0.5381617
""
0.49156055
""
0.42875358
0.5577535
""
""
""
""
0.75234765
0.51113814
0.50101358
0.46717286
""
""
""
""
0.39149234
0.35657787
""
0.42412716
0.40739888
""
""
0.38681769
""
""
""
""
""
""
0.44715393
""
""
0.46807203
""
""
""
0.60285038
""
""
""
""
0.34200814
0.52398169
""
""
""
0.47176898
""
""
""
""
""
""
""
""
""
0.4726415
""
""
""
""
""
""
""
""
""
""
""
""
""
0.39335024
0.39500648
""
""
""
""
""
""
""
""
""
""
0.41623041
""
""
""
""
""
""
""
""
""
""
""
""
""
""
""
""
0.36478111
""
""
""
""
""
""
""
0.39138785
0.52428937
0.52004683
0.43436155
""
0.52091062
0.563012
0.52571934
""
""
""
""
""
""
""
""
""
""
0.47183424
""
""
""
""
""
0.44999632
""
""
""
""
""
""
""
""
""
""
""
""
""
""
""
""
""
""
""
""
""
""
""
""
""
""
""
""
""
0.46378592
""
""
""
""
""
""
""
""
""
""
""
""
""
""
""
""
""
""
""
""
""
""
""
""
""
""
""
""
""
""
""
""
""
""
""
""
""
""
""
""
""
""
""
0.46148953
""
""
""
""
""
""
""
""
""
""
""
""
""
""
""
""
""
""
""
""
""
""
""
""
""
""
""
""
""
""
""
""
""
""
""
""
""
""
""
""
""
""
""
""
""
""
""
""
""
""
""
""
""
""
""
""
""
""
""
""
""
""
""
""
""
""
""
""
""
""
""
""
""
""
""
""
""
""
""
""
""
""
""
""
""
""
0.64418805
""
""
""
""
""
""
""
""
""
""
""
""
""
""
""
""
""
""
""
""
""
""
""
""
""
""
""
""
""
""
""
""
""
""
""
""
""
""
""
""
""
""
""
""
""
""
""
""
""
""
""
""
""
""
""
""
""
""
""
""
0.38694206
""
""
""
""
0.35822362
""
""
""
""
""
""
""
""
""
""
""
""
""
""
""
""
""
""
""
""
""
""
""
""
""
""
0.31785548
""
""
""
""
""
""
""
""
""
""
""
0.47244957
""
""
""
0.355652
""
""
""
""
""
""
""
""
""
""
""
""
""
0.49213409
""
""
""
""
""
""
""
""
""
""
""
""
""
""
""
""
""
""
""
""
""
""
""
""
""
""
""
""
""
""
""
""
""
""
""
""
""
""
""
""
""
""
""
""
""
""
""
""
""
""
""
""
""
""
""
""
""
""
""
""
""
""
""
""
""
""
""
""
""
""
""
""
""
""
""
""
""
""
""
""
""
""
""
""
""
""
""
""
""
""
""
""
""
""
""
""
""
""
""
""
""
""
""
""
""
""
""
0.40335226
""
""
""
""
""
""
""
""
""
""
""
""
""
""
""
""
""
""
""
""
""
""
""
""
""
""
0.36546567
""
""
""
""
""
""
""
""
""
""
""
""
""
""
""
""
""
""
""
""
""
""
""
""
""
""
""
""
""
0.37819672
""
""
""
""
""
""
""
""
""
""
""
""
""
""
""
""
""
""
""
""
""
""
""
""
""
""
""
""
""
""
""
""
""
""
""
""
""
""
""
""
""
0.37664151
""
0.32790712
""
""
""
0.36186305
0.37702456
""
""
""
""
""
""
""
""
""
""
""
""
""
""
""
""
""
""
""
""
""
""
""
""
""
""
""
""
""
""
""
""
""
""
""
""
""
""
""
""
""
""
""
""
""
""
""
""
""
""
""
""
""
""
""
""
""
""
""
""
""
""
""
""
""
""
""
""
""
""
""
""
""
""
""
""
""
""
""
""
""
""
""
""
""
""
""
""
""
""
""
""
""
""
""
""
""
""
""
""
""
""
""
""
""
""
""
""
""
""
""
""
""
""
""
""
""
""
""
""
""
""
""
""
""
""
""
""
""
""
""
""
""
""
""
""
""
""
""
""
""
""
""
""
""
""
""
""
""
""
""
""
""
""
""
""
""
""
""
""
""
""
""
""
""
""
""
""
""
""
""
""
""
""
""
""
""
""
""
""
""
""
""
""
""
""
""
""
""
""
""
""
""
""
""
""
""
""
""
""
""
""
""
""
""
""
""
""
""
""
""
""
""
""
""
""
""
""
""
""
""
0.33670324
""
""
""
""
""
""
""
""
""
""
""
""
""
""
""
""
""
""
""
""
""
""
""
""
""
""
""
""
""
""
""
""
""
""
""
""
""
""
""
""
""
""
""
""
""
""
""
""
""
""
""
""
""
""
""
""
""
""
""
""
""
""
""
""
""
""
""
""
""
""
""
""
""
""
""
""
""
""
""
""
""
""
""
""
""
""
""
""
""
""
""
""
""
""
""
""
""
""
""
""
""
""
""
""
""
""
""
""
""
""
""
""
""
""
""
""
""
""
""
""
""
""
""
""
""
""
""
""
""
""
""
""
""
""
0.44441131
0.41961417
""
""
""
""
""
""
""
""
""
""
""
""
""
""
""
""
""
""
""
""
""
""
""
""
""
""
""
""
""
""
""
""
""
""
0.3924208
""
""
""
""
""
""
""
""
""
""
""
0.44688061
""
""
""
""
""
""
""
""
""
""
""
""
""
0.49133077
""
""
""
""
""
""
""
0.4098205
""
""
""
""
""
""
""
""
0.43547586
""
""
""
""
""
""
""
""
""
""
""
""
""
""
""
""
""
""
""
""
""
""
""
""
""
""
""
""
""
""
""
""
""
""
""
""
""
""
""
""
""
""
""
""
""
""
""
""
""
""
""
""
""
""
""
""
""
""
""
""
""
""
""
""
""
""
""
""
""
""
""
""
""
""
""
""
""
""
""
""
""
""
""
""
""
""
""
""
""
""
""
""
""
""
""
""
""
""
""
""
""
""
""
""
""
""
""
""
""
""
0.51565093
""
""
""
""
""
0.53184158
""
""
""
""
""
0.38307023
0.44730511
""
""
""
""
""
""
""
""
""
""
""
""
""
""
""
""
""
""
""
""
""
""
""
0.45685279
""
""
""
0.49036592
""
0.43206394
""
""
""
""
""
""
""
""
""
""
""
""
""
""
""
""
""
""
""
""
""
""
""
""
""
""
""
""
""
""
""
""
""
""
""
""
""
""
""
""
""
""
""
""
""
""
""
""
""
""
""
""
""
""
""
""
""
""
""
""
""
""
""
""
""
""
""
""
""
""
""
""
""
""
""
""
""
""
""
""
""
""
""
""
""
""
""
""
""
""
""
""
""
""
""
0.3578496
0.41963595
0.37268257
""
""
""
""
""
0.42662808
0.35269228
""
""
""
""
""
""
""
""
""
""
""
""
0.34333718
""
""
0.32521164
0.45308989
""
""
""
""
""
""
""
""
""
""
""
""
""
""
""
""
""
""
""
""
""
""
""
""
0.55032289
""
""
""
""
""
""
""
""
""
""
""
""
""
""
""
""
""
""
""
""
""
""
""
""
""
""
""
""
""
""
""
""
""
""
""
""
""
""
""
""
""
""
""
""
""
""
""
""
""
""
""
""
""
""
""
""
""
""
""
""
""
""
""
""
""
""
""
""
""
""
""
""
""
""
""
""
""
""
""
""
""
""
""
""
""
0.47155207
""
""
""
""
""
""
0.41339988
""
""
0.43592304
""
""
0.38215947
""
""
""
""
""
0.42972878
""
""
""
""
""
""
""
""
""
""
""
""
""
""
""
""
""
""
""
""
""
""
""
""
""
""
""
""
""
""
""
""
""
""
""
""
""
""
""
""
""
""
""
""
""
0.43152076
""
""
""
0.56541926
""
""
""
""
0.50015843
""
""
""
""
""
""
""
""
0.46693212
""
""
""
""
""
""
""
""
""
""
""
""
""
""
""
0.54108453
0.59811306
0.576105
""
""
""
""
""
""
""
""
""
""
""
""
""
""
""
""
""
""
""
""
""
""
""
""
""
""
""
""
0.39705592
""
""
0.41905841
0.47058955
""
""
0.36047229
0.49695805
0.38708171
0.51824975
0.37073547
""
""
0.40754694
""
""
""
""
""
0.56332523
""
""
""
""
""
""
""
""
""
""
""
""
0.47040197
""
""
""
""
""
""
""
""
""
""
""
""
0.49941507
0.57865649
""
""
""
""
""
""
""
""
0.42686826
0.46299282
0.45066071
0.49904293
0.44862086
0.51052868
""
0.51090342
""
""
""
""
""
""
""
""
""
""
""
""
""
""
""
""
0.44059998
""
0.44214016
""
""
""
""
""
""
""
0.47389507
""
""
""
""
""
""
""
""
""
""
""
0.39517102
""
""
""
""
""
""
""
""
""
""
""
""
""
""
""
""
""
""
""
""
""
""
""
""
""
0.47899863
""
0.35942417
""
""
""
""
""
0.50239313
""
""
""
0.50417292
0.46532983
""
""
""
""
""
""
""
""
""
""
""
""
""
""
""
""
""
""
""
""
""
0.62458444
""
""
""
""
""
""
""
""
""
""
""
""
""
0.40856004
""
""
""
""
""
""
""
""
""
""
""
""
""
""
""
""
""
""
""
""
""
""
""
""
""
""
""
""
0.49448511
""
""
""
""
""
""
0.4793475
""
""
""
""
""
""
""
0.53265089
""
""
""
""
""
""
""
""
""
""
""
""
""
""
""
""
""
""
""
""
""
0.51089346
0.50839543
0.50104088
0.46457255
""
""
0.5438602
""
""
""
""
""
""
0.52298397
""
""
""
""
""
""
0.45149711
""
0.51376492
""
""
""
""
""
""
""
""
""
""
""
""
""
""
""
""
""
""
""
""
""
""
""
""
""
0.65048879
""
""
""
""
""
""
0.51599944
""
""
0.43319902
0.49206606
0.55194449
0.3703208
""
0.59361136
0.3211759
""
""
""
""
""
""
""
""
""
""
""
""
""
""
""
""
""
""
""
""
""
""
""
""
""
""
""
""
0.45757025
""
""
""
""
""
""
""
""
""
""
""
0.37238017
""
0.520316
""
""
""
""
""
""
""
""
""
""
""
""
""
""
""
""
0.51590973
""
0.46515369
""
0.42936951
""
""
""
0.53736103
0.45511302
0.45066604
""
""
""
""
""
""
""
""
0.37972689
""
0.44460142
0.4553059
0.4400233
0.41163722
""
""
0.44228181
""
""
""
""
""
""
0.51494384
""
""
0.3185429
""
""
0.49363613
""
""
""
0.49547386
""
""
""
""
""
""
""
""
""
""
0.41169953
0.45214918
0.33420396
""
""
0.3948639
""
""
0.43700382
0.52933466
0.38390899
0.41790804
""
0.54240537
0.51494801
""
""
""
0.47932574
0.51677293
0.4441781
""
""
""
""
""
0.55357999
""
0.4195835
0.45559421
""
0.50644708
""
0.56047362
0.55890626
0.35970944
0.47725859
""
""
""
0.43843433
""
0.42990422
""
""
0.32446107
""
""
""
""
""
0.53775698
0.44094947
""
""
0.51455206
""
""
0.52800494
""
""
""
""
""
""
""
""
""
""
""
0.51459438
""
""
""
""
""
0.45456678
0.53153056
0.49806592
""
""
0.66884369
""
""
""
""
""
""
""
0.55921847
""
""
""
""
""
""
""
""
""
""
""
""
""
0.55963558
0.52178746
""
0.30229801
0.3675068
""
""
""
""
""
0.34724531
0.30209056
0.46301484
""
""
""
""
""
""
""
""
""
""
0.48678488
""
""
0.48793602
0.32923961
0.46760535
0.52209359
0.50015646
0.44335878
""
""
""
""
""
""
""
""
""
0.44413549
0.49601668
""
""
""
""
""
""
""
""
""
""
""
""
""
""
0.52323884
""
""
""
""
""
""
""
""
""
""
""
""
""
""
""
""
""
""
""
""
""
""
""
""
""
""
""
""
""
""
""
""
""
0.33381936
""
""
""
""
""
""
""
""
""
""
""
""
""
""
""
0.52069569
""
""
""
""
0.57665229
""
""
""
""
""
0.43454772
""
0.46470055
0.46309218
""
""
""
""
""
""
""
""
""
""
0.40976343
""
""
""
""
""
""
""
""
""
""
0.57639724
""
""
""
""
""
""
""
""
""
""
""
""
""
""
""
""
""
""
""
""
""
""
""
""
""
""
""
""
""
""
""
""
""
""
""
""
""
""
""
""
""
""
""
""
""
""
""
""
""
""
""
""
""
""
""
""
""
""
""
""
""
""
""
""
""
""
""
""
""
""
""
""
""
""
""
""
""
""
""
""
""
""
""
""
""
""
""
""
""
""
""
""
""
""
""
""
""
""
""
""
""
""
""
""
""
""
""
""
""
""
""
""
""
""
""
""
""
""
""
""
""
""
""
""
""
""
""
""
""
""
""
""
""
""
""
""
""
""
""
""
""
""
""
""
""
""
""
""
""
""
""
""
""
""
""
""
""
""
""
""
""
""
""
""
""
""
""
""
""
""
""
""
""
""
""
""
""
""
""
""
""
""
""
""
""
""
""
""
""
""
""
""
""
""
""
""
""
""
""
""
0.58880901
""
0.43078947
""
""
""
""
""
""
""
""
""
""
""
""
""
""
""
""
""
""
""
""
""
""
""
""
""
""
""
""
0.35999903
""
0.3962864
""
""
""
""
""
""
""
""
""
""
""
""
""
""
""
""
""
""
""
""
""
""
""
""
""
""
""
""
""
""
0.25393146
""
""
""
""
""
""
""
""
""
""
""
""
""
""
""
""
""
0.42226613
""
""
""
""
""
""
""
""
""
""
""
""
""
""
""
0.34559086
""
0.41558293
""
0.43776771
0.46701592
""
""
""
""
""
""
""
""
""
""
""
0.4323169
""
""
""
""
""
""
""
""
""
""
""
""
0.42612651
""
""
""
""
""
""
""
""
""
""
""
""
""
""
""
""
""
""
""
""
""
""
""
""
""
""
""
""
""
0.42957458
""
0.38858154
""
""
""
""
""
""
""
""
""
""
""
""
""
""
""
""
""
""
""
""
""
""
""
""
""
""
""
""
""
""
""
""
""
""
""
""
""
""
""
""
""
""
""
""
""
""
""
""
""
""
""
""
""
""
0.51611048
0.4678888
0.5206058
0.44011319
0.48908785
0.48659983
0.51068741
0.50521171
0.50717419
0.4737097
""
""
0.50118971
0.38858306
""
0.41292346
""
""
""
""
""
""
""
""
""
""
""
""
""
""
""
""
""
""
""
""
""
""
""
""
""
""
""
""
""
""
""
""
""
""
""
""
""
""
""
""
""
""
""
""
0.3878192
""
""
""
""
""
""
""
""
""
""
""
""
""
""
0.46526581
""
""
""
""
""
""
""
""
""
""
""
""
""
""
""
""
""
""
""
""
""
""
""
""
""
0.34039259
""
""
""
""
""
""
""
""
""
""
""
""
""
""
""
""
""
""
""
""
""
""
""
""
""
""
""
""
""
""
""
""
""
""
""
""
""
0.47793078
""
""
""
""
""
""
""
""
""
""
""
""
""
""
0.54549098
""
""
""
""
""
0.41137826
""
""
""
""
""
""
""
""
""
""
""
""
0.43259066
""
""
""
""
""
""
""
""
""
""
0.44147971
""
""
""
""
0.39107564
""
""
""
""
""
""
0.37326509
""
0.35409337
""
""
0.47393209
""
""
""
""
""
""
""
""
""
""
""
""
""
""
""
""
""
""
""
""
""
""
""
""
""
""
""
""
""
""
""
""
""
""
""
""
""
0.39650017
""
""
""
""
""
""
""
""
""
""
""
""
""
""
""
""
""
0.42975855
""
""
""
""
""
""
""
""
""
""
""
""
""
""
""
""
""
""
""
""
""
""
""
0.43181857
""
""
""
""
""
""
""
""
""
""
""
""
""
""
""
""
""
""
""
""
""
""
""
""
""
""
""
""
""
""
0.42564285
""
""
""
""
""
""
""
""
""
""
""
""
""
""
""
""
""
""
""
""
""
""
""
""
""
""
""
""
""
""
""
""
""
""
""
""
""
""
""
""
""
""
""
""
""
""
""
""
""
""
""
""
""
""
""
""
""
""
""
""
""
""
""
""
""
""
""
""
""
""
""
""
""
""
""
""
""
""
""
""
""
""
""
""
""
""
""
""
""
""
""
""
""
""
""
""
""
""
""
""
""
""
""
""
""
""
""
""
""
""
""
""
""
""
""
""
""
""
""
""
""
""
""
""
""
""
""
""
""
""
""
""
""
""
""
""
""
""
""
""
""
""
""
""
0.46303144
""
""
""
""
""
""
""
""
""
""
""
""
""
""
""
""
""
""
""
""
""
""
""
""
""
""
""
""
""
""
""
""
""
""
""
""
""
""
""
""
""
""
""
""
""
""
""
""
""
""
""
""
""
""
""
""
""
""
""
""
""
""
""
""
""
""
""
""
""
""
""
""
""
""
""
""
""
""
""
""
""
""
""
""
""
""
""
""
""
""
""
""
""
""
""
""
""
""
""
""
""
""
""
""
""
""
""
""
""
""
""
""
""
""
""
""
""
""
""
""
""
""
""
""
""
""
""
""
""
""
""
""
""
""
""
""
""
""
""
""
""
""
""
""
""
""
""
""
""
""
""
""
""
""
""
""
""
""
""
""
""
""
""
""
""
""
""
""
""
""
""
""
""
""
""
""
""
""
""
""
""
""
""
""
""
""
""
""
""
""
""
""
""
""
""
""
""
""
""
""
""
""
""
""
""
""
""
""
""
""
""
""
""
""
""
""
""
""
""
""
""
""
""
""
""
""
""
""
""
""
""
""
""
""
""
""
""
""
""
""
""
""
""
""
""
""
""
""
""
""
""
""
""
""
""
""
""
""
""
""
""
""
""
""
""
""
""
""
""
""
""
""
""
""
""
""
""
""
""
""
""
""
""
""
""
""
""
""
""
""
""
""
""
""
""
""
""
""
""
""
0.48098609
""
0.52503818
""
""
0.49412003
""
0.60071552
0.48871106
0.43565077
""
""
0.45505995
""
""
""
""
""
""
""
""
""
""
""
""
""
""
""
""
""
""
""
""
""
""
""
""
""
""
""
""
""
""
""
""
""
""
""
""
""
""
""
""
""
""
""
""
""
0.37685007
0.59521604
""
""
""
""
""
""
0.40889114
0.37861392
""
""
""
""
""
""
""
""
""
""
""
""
""
""
""
""
""
""
""
""
""
0.48129165
""
""
""
""
""
""
""
""
""
""
""
0.59702706
""
""
""
""
""
""
0.46223146
""
""
""
""
""
""
""
""
""
""
""
""
""
""
""
""
""
""
""
""
""
""
""
""
""
""
""
""
""
""
""
""
""
""
""
""
""
""
""
""
""
""
""
""
0.46071103
""
""
""
""
""
""
""
""
""
""
""
""
""
""
""
""
""
""
""
""
""
""
""
""
""
""
""
""
""
""
""
""
""
""
""
""
""
""
""
""
""
""
""
""
""
""
""
""
""
0.48617309
""
""
""
""
""
""
""
""
""
""
""
""
""
""
""
""
""
""
""
""
""
""
""
""
""
""
""
""
""
""
""
""
""
""
""
""
""
""
""
""
""
""
""
""
""
""
""
""
""
""
""
""
""
""
""
""
""
""
""
""
""
""
""
""
""
""
""
""
""
""
""
""
""
""
""
""
""
""
""
""
""
""
""
""
""
""
""
""
""
""
""
""
""
""
""
""
""
""
""
""
""
""
""
0.49194366
""
""
""
0.57245755
""
""
""
""
""
""
""
""
""
""
""
""
""
""
""
""
""
""
""
""
""
""
""
""
""
""
""
""
""
""
""
""
""
""
""
""
""
""
""
""
""
""
""
""
""
""
""
""
""
""
""
""
""
""
""
""
""
""
""
""
""
""
0.33494356
""
""
""
""
0.45348129
""
""
""
""
""
""
""
""
""
""
""
""
""
""
""
""
""
""
""
""
""
""
0.55829501
""
""
""
""
""
0.40784943
0.38877565
""
0.39603782
""
0.49744582
""
""
0.35251069
""
""
""
""
""
""
""
""
""
""
""
""
""
""
""
""
""
""
0.48235315
""
""
""
""
""
""
""
0.3518469
""
0.60079509
""
""
""
""
""
""
0.38721284
""
""
""
""
""
""
""
""
""
""
""
""
""
""
""
""
""
""
""
""
""
""
""
""
""
""
""
""
""
""
""
""
""
""
""
""
""
""
""
""
""
""
""
""
""
""
""
""
""
""
""
""
""
""
""
""
""
""
""
""
""
""
""
""
""
""
""
""
""
""
""
""
""
""
""
""
""
""
""
""
""
""
""
""
""
""
""
""
""
""
""
""
""
""
""
""
""
""
""
""
""
""
""
0.4550381
""
""
""
""
""
""
0.39829174
""
""
""
""
""
""
""
""
""
""
""
""
""
""
""
""
""
""
""
0.52257687
""
0.29794115
0.40095779
0.31763321
""
""
""
""
0.47730717
""
""
""
""
""
0.43310994
""
0.34422132
0.41487429
""
0.41120443
""
""
""
""
""
""
""
""
""
""
""
""
""
""
""
""
""
""
""
""
""
""
""
""
""
""
""
""
""
""
""
""
""
""
""
""
""
""
""
""
""
""
""
""
""
""
""
""
""
""
""
""
""
""
""
""
""
""
""
""
""
""
""
""
""
""
""
""
""
""
""
""
""
""
""
""
""
""
""
""
""
""
""
""
""
""
""
""
""
""
""
""
""
""
""
""
""
""
""
""
""
""
""
""
""
""
""
""
""
""
""
""
""
""
""
""
""
""
""
""
""
""
""
""
""
""
""
""
""
""
""
""
""
""
""
""
""
""
""
""
""
""
0.3005853
""
""
""
""
""
""
""
""
""
""
""
""
""
""
""
""
""
""
""
""
""
""
""
""
""
""
""
""
""
""
""
""
""
0.39435494
""
""
""
""
0.3382386
""
""
""
""
""
""
""
""
0.35586298
""
""
""
""
""
""
""
""
""
""
""
""
0.47544098
""
""
""
""
""
""
""
""
""
""
""
""
""
""
""
""
""
""
""
""
""
""
""
""
""
""
""
""
""
""
""
""
""
""
""
""
""
""
""
""
""
""
""
""
""
""
""
""
""
""
""
""
""
""
""
""
""
""
""
0.68601751
""
""
""
""
""
""
""
""
""
""
""
""
""
""
""
""
""
""
""
""
""
""
""
""
""
""
""
""
""
""
""
""
""
""
""
""
""
""
""
""
""
""
""
""
""
""
""
""
""
""
""
""
""
""
""
""
""
""
""
""
""
""
""
""
""
""
""
""
""
0.40915248
""
0.46316504
""
""
""
0.42741939
""
0.35526991
0.36772978
""
""
0.51735592
""
""
0.50276208
""
""
""
0.50175172
""
""
""
""
""
""
0.57402551
""
""
""
""
""
""
""
""
""
""
""
""
""
""
""
""
""
""
""
""
""
""
""
""
""
""
""
""
""
""
""
0.45118007
0.44310185
0.46701697
""
""
""
""
""
0.46815482
""
""
""
""
""
""
""
""
""
""
""
""
""
""
""
""
""
""
""
""
""
""
""
""
""
0.41756004
0.54469115
0.34899715
""
0.52051377
0.42440489
0.54419869
""
""
""
""
""
""
""
""
""
""
""
""
""
""
""
""
""
""
""
""
""
""
""
""
""
""
""
""
""
""
""
""
""
""
""
""
""
""
""
""
0.47344744
""
""
""
""
""
""
""
""
""
""
""
""
""
0.47309476
""
""
""
""
""
""
""
""
""
""
""
""
""
""
""
""
""
""
""
""
""
""
""
""
""
""
""
""
""
""
""
""
""
""
""
""
""
""
""
""
""
""
""
""
""
""
""
""
""
""
""
""
""
""
""
""
""
""
""
""
""
""
0.41575062
""
""
""
""
""
""
""
""
""
""
""
""
""
""
""
""
""
""
""
""
""
""
0.58087373
""
""
""
""
""
""
""
""
""
""
""
""
""
""
""
""
""
""
""
""
""
""
""
""
""
""
""
""
""
""
""
""
""
""
""
""
""
""
""
""
""
""
""
""
""
""
""
""
""
""
""
""
""
""
""
""
""
""
""
""
""
""
""
""
""
""
""
""
""
""
""
""
""
""
""
""
""
""
""
""
""
""
""
""
""
""
""
""
""
""
""
""
""
""
""
""
""
""
""
""
""
""
""
""
""
""
""
""
""
""
""
""
""
""
""
0.43037707
""
""
""
""
""
""
""
""
""
""
""
""
""
""
""
""
""
""
""
""
""
""
""
""
""
""
""
""
""
""
""
""
""
""
""
""
""
""
""
""
""
""
""
""
""
""
""
""
""
""
""
""
""
""
""
""
""
""
""
""
""
""
""
""
""
""
""
""
""
""
""
""
""
""
""
""
""
""
""
""
""
""
""
""
""
""
""
""
""
""
""
""
""
""
""
""
""
""
""
""
""
""
""
""
""
""
""
""
""
""
""
""
""
""
""
""
""
""
""
""
""
""
""
""
""
""
""
""
""
""
""
""
""
""
""
""
""
""
""
""
""
""
""
""
""
""
""
""
""
""
""
""
""
""
""
""
""
0.40148726
""
""
""
""
""
""
0.49325445
0.54512292
""
""
""
""
""
""
""
""
""
""
""
""
""
""
""
""
""
""
""
""
""
""
0.56231046
""
""
0.46799469
0.59181708
0.49888912
0.42194217
0.5525378
""
""
""
""
""
""
""
""
""
""
0.54041499
""
""
""
""
""
""
""
""
""
""
""
""
""
0.62934601
""
0.60147625
0.51418525
0.57755405
0.53657156
0.52383244
0.57135588
0.61881793
0.52679461
""
""
0.53831863
0.49940568
0.6178112
""
0.66784793
""
0.55787498
""
""
""
""
""
""
""
""
""
0.44116464
""
""
""
""
""
""
""
0.4941121
""
""
""
""
""
""
""
""
""
""
""
""
""
0.4866282
""
""
""
""
""
""
0.5424723
""
""
0.55283779
""
""
""
0.42432427
""
""
""
0.29983655
""
0.52394527
""
""
""
""
0.52579671
""
0.55496305
0.21712975
""
""
0.46626043
""
""
""
""
""
""
""
""
""
0.58172655
""
""
""
""
""
""
0.54507941
0.42056769
""
""
""
""
0.61578566
""
""
""
""
""
""
""
""
""
""
""
""
""
0.55025119
""
""
""
0.55526704
""
""
""
""
""
""
""
""
""
""
""
""
""
""
""
""
""
""
""
0.58834994
""
0.37812942
""
""
""
""
""
""
""
""
0.47080427
""
""
""
""
""
""
""
""
""
""
""
""
""
""
""
""
""
""
""
""
0.4248575
""
""
""
""
""
""
0.45663306
""
""
""
0.39477351
""
""
""
""
""
""
""
0.50893408
0.45549315
0.49077448
""
""
""
""
""
""
0.33320332
0.36500466
""
""
""
""
""
""
""
""
""
""
""
""
""
""
""
""
""
""
""
""
""
""
""
""
""
""
""
""
""
""
""
0.53845268
""
""
""
""
""
""
""
""
""
""
""
0.59141731
""
""
""
""
""
""
""
""
""
""
""
""
""
""
""
""
""
""
""
""
""
0.55601442
""
""
""
""
""
""
""
""
""
""
""
""
""
""
""
""
""
""
""
""
""
""
""
""
""
""
""
""
""
""
""
""
""
""
""
""
""
""
""
""
""
""
""
""
""
""
""
""
""
""
""
""
""
""
""
""
""
""
""
""
""
""
""
""
""
""
""
""
""
0.64955294
""
""
""
""
""
0.56697929
0.58952743
0.56938505
0.60495496
0.53790623
0.74090832
0.53124267
0.47774687
0.5507946
0.40736628
""
0.60526675
0.44830298
""
0.52565771
""
""
""
""
""
0.550731
""
""
""
""
""
""
""
""
""
""
""
""
""
0.3992323
""
0.35047284
0.50590056
""
""
""
""
""
""
""
""
""
""
""
""
""
""
""
""
""
""
""
""
""
""
""
""
""
""
""
""
""
""
""
""
""
""
""
""
""
""
""
""
""
""
""
0.49219358
""
""
""
""
""
""
""
""
""
""
""
""
""
""
""
""
""
""
""
""
""
""
""
""
""
""
0.54282713
0.50402939
""
0.44847736
0.52120942
0.57956141
""
""
""
""
""
0.52556986
0.48115847
""
0.4071264
""
""
""
""
""
""
""
""
""
""
""
""
""
""
""
""
""
""
""
""
""
""
""
""
""
""
""
""
""
""
0.45521766
0.51828986
""
""
""
""
""
""
""
""
0.60207349
""
""
""
0.57887584
0.59115547
""
""
0.47070655
""
0.44221032
""
""
""
""
""
""
""
""
""
0.54487568
0.51470083
0.44989678
0.41595033
""
""
0.54742754
0.68466723
""
0.48658529
0.38334858
0.53211439
0.50814301
""
0.63900173
""
""
""
0.61701357
""
""
""
0.51144534
""
""
""
0.54651356
""
""
""
""
""
0.55244339
0.56064558
0.57897294
0.6087814
""
0.49119243
""
""
""
0.54425025
0.48907185
0.55275172
0.49939841
0.55927223
""
""
""
0.62084121
0.39712763
0.50827825
0.63746589
0.64303762
""
""
""
0.41948396
""
0.46177605
0.39959744
0.47282153
0.56602746
0.53245193
""
0.54716861
0.50821304
0.52636653
""
0.544882
0.66803259
""
0.53670049
""
""
0.54511458
0.50030768
""
0.46797061
0.46454945
0.58603382
0.54846543
0.55152583
0.53369343
0.62291431
""
0.46298367
""
""
""
""
""
""
""
0.52341896
0.62550294
""
""
""
""
""
0.61792803
""
0.50236207
""
0.57121909
""
0.56932551
""
0.57959032
""
""
""
""
0.6559034
""
""
""
""
""
""
""
""
""
""
0.55213529
""
""
""
""
0.55639094
""
""
""
""
0.46845704
0.61886942
""
0.45019904
0.51040769
0.53245753
0.62641311
""
""
""
0.47698572
0.51976269
0.59228683
0.51006401
0.55149078
0.52400231
""
0.53922659
""
0.6007095
""
""
0.39996421
""
0.40321115
""
0.49949533
0.56362283
""
""
""
""
""
""
""
""
0.45975661
0.58699226
""
""
""
""
0.62505072
0.65382689
0.54338509
0.41870353
0.53654575
0.4373759
""
0.44195065
0.52125788
0.53258824
""
""
""
""
0.57485235
""
""
0.50545979
0.45558879
0.54041028
""
""
0.62296176
""
0.48629817
""
0.56261134
""
""
""
0.47274327
0.46861118
""
""
""
""
""
0.45660633
""
""
""
""
""
""
""
""
""
""
""
""
""
""
""
""
""
""
""
""
""
0.38732854
""
""
0.65915006
0.51388085
""
0.54022515
""
""
""
""
""
""
""
""
""
0.49952239
""
0.41894788
0.59056854
0.46919885
0.53932416
""
""
0.52926093
""
0.48069268
""
0.46157584
""
0.45737571
0.68380207
""
0.43262383
""
""
""
""
""
0.48677289
0.53311241
""
""
0.63439184
""
0.59151512
""
""
""
""
""
""
""
""
""
""
0.64683491
0.41130322
""
""
0.56063622
""
""
0.717498
0.57894349
""
0.45667624
0.67382687
0.51953226
0.46737799
0.60918397
0.5481323
""
0.56989408
0.55083805
""
0.66943979
""
""
0.54818738
""
0.56989133
0.44662666
0.50728142
""
0.49318218
""
0.56232065
0.63838053
0.42304343
0.42534453
""
""
0.43518808
0.56344056
""
""
0.48186424
0.4790644
0.38455462
""
0.49727172
""
""
0.43281779
""
""
""
""
0.44337565
0.41434154
""
0.60907173
""
0.45393646
0.46299657
0.51845044
""
""
0.35263956
0.42933846
""
0.51587772
0.47044188
""
0.58990622
0.55195826
""
""
""
""
""
""
""
0.49231884
0.66966289
""
0.64495999
0.48814455
""
""
0.50288963
""
""
0.46774191
0.30764583
""
0.46310642
""
""
""
""
""
""
""
""
0.4326461
""
""
""
""
""
0.51642543
0.48341468
""
0.694157
""
0.42454702
0.57367569
""
""
0.52645665
0.33346632
0.46935901
0.38610175
""
0.58635175
""
""
""
""
0.62747824
""
""
""
0.43211961
""
0.44893938
""
""
""
""
0.51586664
""
0.50706095
""
""
""
""
""
0.44404337
0.48766816
""
""
""
""
0.42841333
0.45579502
""
""
0.51306039
0.61407179
0.63179624
0.42980582
0.57740462
""
""
""
""
""
""
""
""
0.55285996
""
0.50448036
0.55233485
""
0.37225685
""
""
""
""
""
""
""
""
""
""
""
""
""
""
0.48106587
""
""
""
""
""
0.43108436
""
0.57431686
0.4405731
0.59822023
0.5537861
""
""
""
""
""
""
""
""
""
""
""
""
""
""
""
""
""
""
""
""
""
""
""
""
0.59509081
""
""
""
""
""
""
""
""
""
""
""
""
""
""
""
""
""
""
0.44650245
0.60074449
""
""
""
""
""
""
0.42607069
""
""
""
""
""
""
0.41306096
0.5707646
""
""
""
""
""
""
""
""
""
""
""
""
""
""
""
""
""
""
""
""
""
""
""
""
""
""
""
""
""
""
""
""
""
""
""
""
""
""
""
""
""
""
""
""
""
""
""
""
""
""
""
""
""
""
""
0.37051561
""
0.41773182
""
""
""
""
""
""
""
""
""
""
""
""
""
""
""
""
""
""
""
""
""
""
""
""
""
""
""
""
""
""
""
""
""
""
""
""
""
""
""
""
0.50879604
""
0.58864701
""
""
""
""
""
""
""
""
""
""
""
""
""
""
""
""
""
""
""
""
0.56851554
""
""
0.32088724
""
""
""
""
""
""
""
""
""
""
""
""
""
""
""
""
""
0.47776544
""
""
""
""
0.42230731
""
""
""
""
""
0.32449803
""
""
0.44124681
0.31034929
""
""
""
""
""
""
""
""
""
""
""
""
""
""
""
""
""
""
""
""
""
""
""
""
""
""
""
""
""
""
""
""
""
""
0.42427489
""
""
""
""
""
""
""
""
""
""
""
""
""
""
""
""
""
""
""
""
""
""
0.38779241
""
""
""
""
""
""
0.40840232
""
""
""
""
""
""
""
""
""
""
""
""
""
""
""
""
""
""
""
""
""
""
""
""
0.34720245
0.52542853
""
""
0.41035143
0.4249894
0.49442142
0.483017
""
""
""
""
""
""
""
""
""
""
""
""
""
""
""
0.36578235
0.46642122
0.42372423
""
""
""
0.5961898
""
""
""
0.47743163
""
0.50971395
""
""
""
0.49211723
""
""
""
""
""
""
""
""
""
""
""
""
""
""
""
""
""
""
""
""
""
""
""
""
""
""
""
""
""
""
""
""
""
""
""
""
""
""
""
""
""
""
""
""
""
""
""
""
0.50859433
""
""
""
0.38495544
""
""
0.46774989
0.45342958
0.41616637
""
""
""
""
""
""
""
""
""
""
""
""
""
""
""
0.45936137
""
""
""
""
""
""
""
""
""
""
0.5215379
""
""
0.45909548
""
""
""
""
""
""
""
""
""
""
""
""
""
""
""
""
""
""
""
""
""
""
""
""
""
0.57166237
0.46213758
""
""
""
""
""
""
""
0.50682831
0.39662033
0.39729011
0.37886593
0.33073339
""
0.38450727
0.43020889
0.40356347
0.42883304
0.42568985
""
0.34751621
0.34212053
""
0.49937493
""
""
0.27652502
0.50772798
0.36251503
""
0.49816757
""
0.38580614
""
""
""
""
""
""
""
""
""
""
""
""
""
""
""
""
""
""
""
""
""
""
""
""
""
""
""
""
""
""
""
""
0.53965396
""
""
""
""
""
0.51260215
""
""
""
""
0.44993052
0.53190219
0.56937718
""
""
""
""
""
""
0.58096665
""
""
""
""
""
""
""
""
""
""
""
""
""
""
""
""
""
""
""
""
""
""
""
""
""
""
""
""
""
""
""
""
""
""
""
""
""
""
""
""
""
""
""
""
""
""
""
""
""
""
""
""
""
""
""
""
""
""
""
""
""
""
""
""
""
""
""
""
""
""
""
""
""
""
""
""
""
""
""
""
""
""
""
""
""
""
""
""
""
""
""
0.56240159
""
""
""
""
""
""
""
""
""
""
""
""
""
""
""
""
""
""
""
""
""
""
""
""
""
""
""
""
""
""
""
""
""
""
""
""
""
""
""
""
""
""
""
""
""
""
""
""
""
""
""
""
""
""
""
0.3989816
""
""
""
""
""
""
""
""
0.47011158
0.31441602
""
0.44501582
""
""
""
""
""
""
""
0.42145631
""
0.49894717
""
""
""
""
0.48100865
""
""
0.43898612
""
""
""
""
""
""
""
""
""
""
""
""
""
""
""
""
""
""
""
""
""
""
""
""
""
""
""
""
""
""
""
""
""
""
""
""
""
""
""
""
""
""
""
""
""
""
""
""
""
""
""
""
""
""
""
""
""
""
""
""
""
""
""
""
""
""
""
""
""
""
""
""
0.51772296
""
""
""
0.52412856
0.45135838
""
""
""
""
""
""
""
""
""
""
""
""
""
""
""
""
""
""
""
""
""
""
""
""
""
""
""
""
""
""
0.46981874
""
""
""
""
""
""
""
0.40556571
0.57541764
""
""
0.57241857
""
""
""
""
0.46950859
""
""
""
""
""
""
""
""
""
0.48953161
""
""
""
""
""
""
""
""
""
""
""
0.5149309
""
""
""
""
""
""
""
""
""
""
""
""
""
""
""
""
""
""
0.50498962
0.50678408
""
""
0.40756565
""
""
""
""
""
""
""
0.59150267
""
""
""
""
""
""
""
""
""
""
""
""
""
""
""
""
""
""
""
""
""
""
""
""
""
""
""
""
""
""
""
""
""
""
""
""
""
""
""
""
""
""
""
""
""
""
""
""
""
""
""
""
""
""
""
""
""
""
""
""
""
0.66324502
0.57794875
0.40521461
0.5776664
0.63649458
""
0.5146178
""
0.47199559
""
""
""
""
0.56489754
""
""
""
""
0.44065851
0.52232128
""
""
""
""
""
""
""
""
""
""
0.60861605
""
""
0.4470644
""
""
""
""
""
0.40034434
0.4772695
0.4172594
0.41636485
""
""
0.45844144
""
""
""
""
""
""
""
""
""
""
""
""
""
""
""
""
""
""
""
0.53044367
""
""
""
""
""
""
""
""
""
""
""
""
""
""
""
""
""
""
""
""
""
""
""
0.63913494
""
0.47675499
""
""
""
0.50855625
""
""
""
""
""
""
""
""
""
""
""
""
""
""
""
""
""
""
""
""
""
""
""
""
""
""
""
""
""
""
""
""
""
""
""
""
""
""
""
""
""
""
""
""
""
""
""
""
""
""
""
""
""
""
""
""
""
""
""
""
""
""
""
""
0.54483962
""
""
0.58133483
0.38790503
""
""
""
""
""
""
""
""
""
""
""
""
""
""
""
""
""
""
""
""
""
""
""
""
""
""
""
""
""
""
""
""
""
""
""
""
""
""
""
""
""
""
""
""
""
""
""
""
""
""
""
""
""
""
""
""
""
""
""
""
""
""
""
""
""
""
""
""
""
""
""
""
""
""
""
""
""
""
""
""
""
0.47012678
""
""
""
""
""
""
""
""
""
""
""
""
""
""
""
""
""
""
""
""
""
""
""
""
""
""
""
""
""
""
0.48543742
0.39357674
0.51125091
0.42325515
0.53636062
""
""
""
0.67125797
""
0.5294947
""
""
""
""
""
""
""
""
""
""
""
""
""
""
""
""
""
""
""
0.4970417
""
""
""
""
""
""
""
""
""
""
""
""
""
""
""
""
""
""
""
""
""
0.54093021
""
""
""
""
""
""
""
""
""
""
""
""
""
""
""
0.46993265
0.4346033
0.45897412
0.3739624
0.46135938
0.46972761
0.47145766
""
0.53287339
0.47071749
0.4236441
0.46720567
0.49988866
0.39051366
0.51705098
0.54900992
0.40375397
0.45388278
0.4201135
0.5331459
""
""
""
""
""
""
""
""
""
""
""
""
""
""
""
""
""
""
""
""
""
""
""
""
""
""
""
""
""
""
0.53856105
""
""
""
""
""
""
""
""
0.52564597
""
""
""
0.55650669
0.48787475
0.45326564
0.49134764
0.41951245
0.56515974
""
""
""
""
""
""
""
""
""
""
""
""
""
""
""
""
0.55190027
""
""
""
""
""
""
""
""
""
""
""
""
""
""
""
""
""
""
""
""
""
""
""
""
""
""
""
""
""
""
""
""
""
""
""
""
""
""
""
""
""
""
""
""
""
""
""
""
""
""
""
""
""
""
""
""
""
""
""
""
""
""
""
""
""
0.47201714
""
""
""
""
""
""
""
""
""
""
""
""
0.42088038
""
0.50681072
""
0.53198469
0.37745863
""
0.46466449
0.44163147
0.48409817
0.40556115
""
""
0.47667956
0.44621119
0.50306302
0.43792167
0.47556236
0.48558471
0.47494259
0.47670272
0.53636014
0.49124029
0.35935101
0.39935923
0.54524451
0.43958035
""
""
0.3054179
0.46323025
0.42471334
0.46274471
""
""
0.4437446
0.47184217
0.54790342
0.51199472
""
0.34530714
""
""
""
""
""
""
""
""
""
""
""
""
""
""
""
""
""
""
""
""
""
""
""
""
""
""
""
""
""
""
0.47208476
0.52429873
0.38039231
""
""
""
0.46248305
""
""
""
""
""
""
""
""
""
""
""
0.51292568
""
""
""
""
""
""
""
""
""
""
""
""
""
""
""
""
""
""
""
""
""
""
""
""
""
""
""
""
""
""
0.51532716
""
0.41797975
""
""
""
""
""
""
""
""
""
""
0.2727761
""
""
""
""
""
""
""
""
0.55500692
""
""
""
""
""
""
""
""
""
""
""
""
""
""
""
""
""
""
""
""
""
""
""
""
""
""
""
""
""
""
""
""
""
""
0.65504932
0.50487059
""
""
""
""
0.33897007
0.30374262
0.40374854
0.46853387
""
0.38754326
0.21357471
""
""
""
""
""
""
""
0.41985455
""
""
""
""
""
""
""
0.53514493
""
""
""
""
""
""
""
""
""
""
""
""
""
""
""
""
""
""
""
""
""
""
""
""
""
""
""
""
""
""
""
""
""
""
""
""
""
""
""
""
""
""
""
""
""
""
""
""
""
""
""
""
""
""
""
""
""
""
""
""
""
""
""
""
""
""
""
""
""
0.43405437
""
""
""
""
""
0.45557165
""
""
""
""
""
""
""
""
""
""
""
""
""
""
""
""
""
""
""
""
""
""
""
""
""
""
""
""
""
""
""
""
""
""
""
""
""
""
""
""
""
""
""
""
""
""
""
""
""
""
""
""
""
""
""
""
""
""
""
""
""
""
""
""
""
""
""
""
""
""
""
""
""
""
""
""
""
""
""
""
""
""
""
""
""
""
""
""
""
""
""
""
""
""
""
""
""
""
""
""
""
""
""
""
""
""
""
0.47180957
""
""
""
""
""
""
""
""
""
""
0.34021875
""
""
""
""
""
""
""
""
""
""
""
""
""
""
""
""
""
""
0.31413293
""
""
""
""
""
""
""
""
""
""
""
""
""
0.49682406
""
0.44363007
0.4342095
""
""
""
0.40136087
""
""
""
""
""
""
""
0.57741541
""
""
""
""
0.32979226
""
""
""
""
""
""
""
""
""
""
""
""
""
""
""
""
""
""
""
""
""
""
0.56141144
""
""
""
0.2683371
0.47638056
0.3744294
""
""
""
""
""
""
""
""
""
""
""
""
""
""
""
0.49982247
""
""
""
""
""
0.55490053
0.50474304
""
0.36462623
0.50681025
0.48687834
""
""
0.42332423
""
""
""
""
""
""
""
""
""
""
""
""
""
""
""
""
""
""
""
""
""
""
""
""
""
""
""
""
""
""
""
""
""
""
""
""
""
""
""
""
""
""
""
""
""
""
""
""
""
""
""
""
""
""
""
""
""
""
""
""
""
0.33534673
0.47608069
0.40963247
""
""
""
""
""
""
""
""
""
""
""
""
""
""
""
""
""
""
""
""
""
""
""
""
""
""
""
0.69532692
""
""
""
0.32583395
""
""
""
""
0.38166744
""
0.36593184
0.23632669
""
0.43466425
0.44570556
""
""
0.44526783
""
""
""
""
""
""
0.32111272
0.39903021
""
""
""
""
0.48304728
""
""
""
""
""
""
""
""
""
""
""
""
""
""
""
""
0.31865451
0.4231737
""
""
""
0.37936559
""
""
""
""
""
""
0.46255991
""
""
0.43752864
""
""
""
""
""
""
""
0.50379479
""
""
""
""
""
""
""
""
""
""
""
""
""
""
""
""
""
""
""
""
""
""
""
""
""
""
""
""
""
""
""
""
""
""
""
""
""
""
""
""
""
""
""
""
""
""
""
""
""
""
""
""
""
""
""
""
""
""
""
""
""
""
""
""
""
""
""
""
""
""
""
""
""
""
""
""
""
""
""
""
""
""
""
""
""
""
""
""
""
""
""
""
""
""
""
""
""
""
""
""
""
""
""
""
""
""
""
""
""
""
""
""
""
""
""
""
""
""
""
""
""
""
""
""
""
""
""
""
""
""
""
""
""
""
""
""
""
""
""
0.45966661
0.41133362
""
0.33317447
0.39726701
""
0.30385211
0.54144526
0.30996785
""
""
""
""
""
""
""
""
0.49534613
""
0.36994249
""
""
0.48332828
0.4313235
0.40731767
0.36604095
0.46345434
""
""
""
""
""
""
""
""
""
0.32493079
0.3981491
""
0.32163653
""
0.43901572
""
0.44307217
""
0.40031683
0.44094494
""
0.52796662
0.39395693
0.40300503
""
0.37919688
""
0.45939907
""
""
""
""
""
""
""
""
""
""
""
""
0.43887946
0.48547578
0.38025701
0.43770838
0.39620793
""
""
""
""
""
""
""
""
""
""
""
""
""
""
""
""
""
""
""
""
""
0.48943359
""
""
""
""
""
""
""
""
""
""
""
""
""
""
""
""
""
""
""
0.53897774
""
""
""
""
""
""
""
""
""
""
""
0.3706502
0.27625635
""
0.42121214
""
""
""
""
""
""
""
""
""
""
""
""
""
""
""
""
""
""
""
0.37521386
""
""
""
""
""
""
""
""
""
""
0.45167923
""
""
0.38460526
0.36231384
0.35938597
""
""
""
""
""
""
""
""
""
""
""
""
""
""
0.36817947
""
0.39322346
""
""
""
""
""
""
""
""
""
""
0.44188663
""
""
""
""
""
0.63344347
0.40012366
""
""
""
""
""
""
0.29681507
""
""
""
""
""
""
""
""
""
""
""
""
""
""
""
""
""
""
""
0.35126823
0.33155617
0.5068925
0.49742895
""
0.40904179
""
0.34173238
0.43302751
""
""
0.43866605
""
""
0.38360065
""
""
0.38410965
0.40186375
0.24585399
""
""
""
""
0.22087437
0.38173845
0.37162399
0.4213447
""
0.3451212
""
""
""
0.42967251
""
""
0.49912986
0.49173123
0.37116617
""
""
""
""
""
""
""
""
""
""
""
""
""
""
""
""
""
""
""
""
""
""
""
""
""
""
""
""
""
""
""
""
""
""
""
""
""
""
""
""
""
""
""
""
""
0.41288516
0.4140698
""
0.52403146
""
0.46033442
0.45021257
""
0.54926443
""
""
0.5328998
0.46099854
""
0.45496377
""
0.4901126
""
0.35458052
""
0.41055188
""
""
""
""
""
""
0.47927684
""
""
""
""
0.63652349
""
""
""
""
""
""
""
""
""
""
""
""
""
""
""
""
""
""
""
""
""
""
""
""
""
""
""
""
""
""
""
""
""
""
""
""
""
""
""
""
""
""
""
""
""
""
""
""
""
""
""
""
0.32613969
""
""
""
""
""
""
""
""
""
""
""
""
""
""
""
""
""
""
""
""
""
""
""
""
""
""
""
""
""
""
""
""
""
""
""
""
""
""
""
""
""
""
""
""
""
""
""
""
""
""
""
""
""
""
""
""
""
""
""
""
""
""
""
""
""
""
""
""
""
""
""
""
""
""
0.44439256
0.39671701
""
""
""
""
""
""
""
""
""
""
""
""
0.46825966
""
""
""
0.65154916
""
""
0.42863709
""
""
""
""
""
""
""
""
""
0.45836163
""
""
""
""
""
""
""
""
""
""
0.4205772
""
""
""
""
""
""
""
""
""
""
""
""
""
""
""
""
""
""
""
""
""
""
""
0.27214164
0.45973098
""
""
""
""
""
""
""
""
""
""
""
0.47024736
""
""
""
""
""
""
""
""
""
""
""
""
""
""
0.42653817
""
""
""
""
""
""
""
0.42465591
0.38603669
""
""
0.37485144
""
0.49161848
""
""
""
""
""
""
""
""
""
""
""
""
""
""
""
""
""
""
""
""
""
""
""
""
""
""
""
""
""
""
""
""
""
""
""
""
""
""
""
""
""
""
""
""
""
""
""
""
""
""
""
""
""
""
""
""
""
""
""
""
""
""
""
""
""
""
""
""
""
""
""
""
""
""
""
""
""
""
""
""
""
""
""
""
""
""
""
""
""
""
""
""
""
0.48898956
0.35428417
0.48986831
""
""
0.49729618
""
""
""
""
0.3705177
""
""
""
""
""
""
""
""
""
""
""
""
""
""
""
""
""
""
""
""
""
""
""
0.49574602
""
""
""
""
""
""
""
""
""
""
""
""
""
""
""
""
""
""
""
""
""
""
""
""
""
""
""
""
""
""
""
""
""
""
""
""
""
""
""
""
""
""
""
""
""
""
""
""
""
""
""
""
""
""
""
""
""
""
""
""
""
""
""
""
""
""
""
""
""
""
""
""
""
""
""
""
""
""
""
""
""
""
""
""
""
""
""
""
""
""
""
""
""
""
""
""
""
""
""
""
""
""
""
""
""
""
""
""
""
""
""
""
""
""
""
""
""
""
""
""
0.4399482
0.44754741
0.5555222
""
0.34736601
""
0.44622508
""
""
""
""
0.25212044
""
""
0.33600074
0.44997934
""
""
""
""
""
""
""
""
""
""
""
""
""
""
""
0.44943371
""
""
""
0.40142304
""
""
""
""
0.32401371
""
""
""
""
""
""
0.41577476
""
""
""
""
""
""
""
""
""
""
""
""
""
""
""
""
""
""
""
""
""
""
""
""
""
""
""
""
""
""
""
""
""
""
""
""
""
""
""
""
""
""
""
""
""
""
""
""
""
""
""
""
""
""
""
""
""
""
""
""
""
""
""
""
""
""
""
""
""
""
""
""
""
""
""
""
""
""
""
""
""
""
""
""
""
""
""
""
""
""
""
""
""
""
""
""
""
""
""
""
""
""
""
""
""
0.42000374
""
""
""
""
0.44667006
0.33015299
""
""
""
""
""
""
""
0.41948667
""
""
""
""
""
""
""
""
""
""
""
""
""
""
""
""
""
""
""
""
""
""
""
0.43673339
""
""
""
""
""
""
""
""
""
""
""
""
""
""
""
""
""
""
""
""
""
""
""
""
""
""
""
""
""
""
""
""
""
""
""
""
""
""
""
""
""
0.39605603
""
""
""
0.43924853
""
0.507016
0.34888726
""
""
0.46438596
0.40554741
""
""
""
""
""
""
0.52002215
""
""
0.49834192
""
""
""
""
""
""
""
""
""
""
""
""
""
""
""
""
""
""
""
""
""
""
""
""
""
""
""
""
""
""
""
""
""
0.46853364
""
0.43255955
0.50643051
0.34336096
0.31970459
""
""
""
""
""
""
""
""
""
""
0.42088756
0.4044145
0.41248712
""
""
""
""
""
""
0.43399087
""
""
""
0.49318656
""
""
""
""
""
""
""
""
""
""
""
""
""
""
""
""
""
""
""
""
""
""
""
""
""
""
""
""
""
""
""
""
""
""
""
""
""
""
""
""
""
""
""
""
""
""
""
""
""
""
""
""
""
""
""
0.40754893
""
""
""
""
""
""
""
""
""
""
""
""
""
""
""
""
""
""
""
""
""
""
""
""
""
""
""
""
""
""
""
""
""
""
""
""
""
""
""
""
""
""
""
""
""
""
""
""
""
""
""
""
""
""
""
""
""
0.48193538
""
""
""
""
""
""
""
""
""
""
0.51689059
""
""
""
""
""
""
""
""
""
""
""
""
""
""
0.47773805
""
""
""
""
""
0.43564823
""
""
""
""
""
""
""
""
0.53317213
0.45377585
""
""
0.46549165
""
""
""
""
""
""
""
""
""
""
""
""
""
""
""
""
""
""
""
""
""
""
""
""
""
""
""
""
""
""
""
""
""
""
""
""
""
0.4870638
""
0.39258856
""
""
""
""
""
""
""
""
""
""
""
""
""
0.32929778
""
""
""
""
""
""
""
""
""
""
""
""
""
""
""
""
""
""
0.45500079
0.53737611
""
0.66977006
""
""
""
""
""
""
""
""
""
""
""
""
""
""
""
""
""
""
""
""
""
""
""
""
""
""
""
""
""
""
""
""
""
""
""
""
""
""
""
""
""
""
""
""
""
""
""
""
""
""
""
""
""
""
""
""
""
""
""
""
""
""
""
""
""
""
""
""
""
""
""
""
""
""
""
""
""
""
""
""
""
""
""
""
""
""
""
""
""
""
""
""
""
""
""
""
""
""
""
""
""
""
""
""
""
""
""
""
0.48594317
""
""
""
""
0.58627468
""
""
""
""
""
0.50172204
""
0.50236326
""
""
""
""
""
""
""
""
""
""
""
""
""
0.53960532
""
""
""
""
""
0.49290958
0.2730903
""
""
""
""
""
0.49272096
""
""
""
0.39264014
0.43169388
0.48167944
""
""
0.39658275
""
""
""
""
0.42060485
0.37626103
""
""
""
""
""
""
""
""
""
0.34500718
""
0.32663345
""
0.57436192
0.39051825
""
""
""
""
""
0.35662994
""
0.44062674
""
""
""
""
""
""
""
""
""
""
""
""
""
""
""
""
""
""
""
""
""
""
""
""
""
""
""
""
""
""
""
""
""
""
""
0.31707785
""
""
""
""
0.42549112
""
""
""
""
0.47754833
""
""
0.40261719
""
""
""
0.39120626
""
""
""
""
""
0.49758437
0.4152768
0.45572901
""
""
""
""
""
""
""
""
0.28553995
""
""
""
0.36846524
""
""
0.40177104
""
""
""
""
""
0.40707114
""
""
""
""
""
""
""
""
0.33295023
""
""
""
0.44681919
""
""
""
""
""
""
""
""
""
""
""
""
""
""
""
""
""
""
""
""
""
""
""
""
""
""
""
""
""
""
""
""
""
""
""
""
""
""
""
""
""
""
""
""
""
""
""
""
""
""
""
""
""
""
""
""
""
""
""
""
""
""
""
""
""
""
""
""
""
""
""
""
""
0.33403021
""
""
""
""
""
""
""
""
""
""
""
""
""
""
""
""
""
""
""
""
""
""
""
""
""
""
""
""
""
""
""
""
""
""
""
""
""
""
""
""
""
""
""
""
""
""
""
""
""
""
""
""
""
""
""
""
""
""
""
""
""
""
""
""
""
""
""
""
""
""
""
""
""
""
""
""
""
""
""
""
""
""
""
""
""
0.53871137
0.36047211
""
""
""
""
""
""
""
""
""
""
""
""
""
""
""
""
""
""
""
""
""
0.30139756
""
""
0.40142295
0.26785594
""
""
""
""
""
""
""
""
""
""
""
""
0.4233301
""
0.43428144
""
0.28593624
""
""
""
""
""
0.35282314
""
""
0.36092374
""
""
""
""
""
""
""
0.38137606
0.4888244
""
""
""
""
""
0.36347631
""
""
""
0.55840683
""
""
""
""
""
""
""
""
""
""
""
""
""
""
""
""
0.25810674
""
""
""
0.28740469
""
""
""
""
""
""
""
0.39412063
""
""
""
""
""
""
""
""
""
""
""
""
""
""
""
""
""
""
""
""
""
""
""
""
""
""
""
""
""
""
""
""
""
""
""
""
""
""
""
""
""
""
""
""
""
""
""
""
""
""
""
""
""
""
""
""
""
""
""
""
""
""
""
""
""
""
""
""
""
""
""
""
""
""
""
""
""
""
""
""
0.49977055
""
""
""
""
0.32430813
""
""
""
""
""
""
""
""
""
""
""
""
""
""
""
""
""
""
""
""
""
""
""
""
""
""
""
""
""
""
""
""
""
""
""
0.46451259
""
0.48612529
0.30607343
""
0.37299764
""
""
""
""
""
""
""
""
""
""
""
""
""
""
""
""
""
""
0.39338204
""
0.42302912
0.4538523
""
0.4378444
0.36556461
0.38400617
0.56253779
0.47747341
""
""
""
""
""
""
""
""
""
""
""
""
""
""
""
""
""
""
""
""
""
""
""
""
""
""
""
""
""
""
""
""
""
""
""
0.27694821
""
""
""
""
""
""
""
""
""
""
""
""
""
""
""
""
""
""
""
""
""
""
""
""
""
""
""
""
""
""
""
""
0.42499927
""
""
""
""
""
""
""
""
0.57650548
""
0.4839952
""
0.33997259
""
0.4169524
""
""
""
0.46997309
""
""
""
""
0.57019818
""
""
0.62965703
""
""
""
""
""
""
""
""
""
""
""
""
""
""
""
""
""
""
""
""
""
0.53838086
""
""
""
""
""
""
""
""
""
""
""
""
""
""
""
""
""
""
""
""
""
""
""
""
""
""
""
""
""
""
""
""
""
""
""
""
""
""
""
""
""
""
""
""
""
""
""
""
""
""
""
""
""
""
""
""
""
""
""
""
""
""
""
""
""
""
0.53757167
""
""
""
""
""
""
""
""
""
""
0.59659135
""
""
""
0.55461448
""
""
0.48879513
""
""
""
""
""
""
0.60014588
""
""
0.4563238
""
""
""
""
""
""
""
""
""
0.43849385
""
""
""
""
""
0.51099873
""
""
""
""
""
""
""
0.43437493
""
""
""
""
""
0.34012142
0.43772763
""
""
""
""
""
""
""
""
""
""
0.47816509
""
""
""
""
""
""
""
""
""
""
""
""
""
""
""
""
""
""
""
""
""
""
""
""
""
""
""
0.4857001
""
""
""
""
""
0.59338534
""
""
""
""
""
""
""
""
""
""
""
""
""
0.5619778
0.4953576
0.45551538
""
""
""
""
""
""
""
""
""
""
""
""
""
""
""
""
""
""
""
""
""
""
""
""
""
""
""
""
""
""
""
""
""
""
""
""
""
""
""
""
""
""
""
""
""
""
""
""
""
""
""
""
""
""
""
""
""
""
""
""
""
""
""
""
""
""
""
""
""
""
""
""
""
""
""
""
""
""
0.51572561
""
""
0.55826509
""
""
""
""
""
0.55616981
0.61026663
""
""
0.49895892
""
""
""
""
""
""
0.43997335
""
""
""
""
""
""
""
""
""
""
""
""
""
""
""
""
0.38488111
""
""
0.53002733
""
0.35112932
0.66079861
0.60540855
""
""
""
""
0.51717061
""
""
""
""
""
""
""
0.58687085
0.50337595
""
""
""
""
""
""
""
""
""
""
""
""
""
""
""
""
""
""
""
""
""
""
""
""
""
""
""
""
""
""
""
""
""
""
""
""
""
""
""
""
""
""
""
""
""
""
""
""
""
""
""
""
""
""
""
""
""
""
""
""
""
""
""
""
""
""
""
""
""
""
""
0.500175
0.40009955
0.34196636
0.41803658
""
""
""
""
""
0.44684619
0.43098372
0.51929718
""
""
""
""
""
""
""
""
""
""
0.36861816
""
0.4499329
""
""
0.4733237
""
""
0.55723161
""
0.58958393
0.46886313
0.3810761
0.52081132
""
""
0.5020867
""
""
0.50315881
0.45227677
0.35274288
""
""
""
""
""
""
""
0.4699657
""
""
0.44974107
0.50346744
""
""
0.49941078
0.4538486
0.45576483
0.34174636
0.34862065
""
0.46702904
""
""
""
""
""
""
""
""
""
""
""
""
""
""
0.49797463
""
0.54069263
0.52634478
0.46277475
""
""
""
""
""
""
""
""
""
""
""
""
""
""
""
""
""
""
0.38460913
0.56098777
""
0.55736923
""
""
""
""
0.48176163
0.5143677
""
0.36337081
""
0.4869948
""
""
""
0.52292222
""
""
""
""
""
""
""
0.56904691
""
""
""
""
""
""
""
0.45614845
""
""
""
""
""
""
""
""
""
""
""
""
""
""
""
""
""
""
""
""
""
""
""
""
""
0.77542883
""
""
""
""
""
""
0.41369104
""
""
""
0.56932586
0.50177377
0.55345887
""
""
""
""
""
""
0.42670071
0.42324901
0.43581334
0.46833354
""
0.48301986
0.46899694
0.46265686
0.5347994
0.50444937
0.60534185
0.62541789
""
""
0.5433628
""
""
""
""
""
""
""
""
""
""
""
""
""
""
""
""
""
""
""
0.42827687
0.50112569
""
0.32935128
0.43501687
0.48041877
""
0.43980303
0.55340409
0.46913478
0.44630301
0.51253366
0.48862135
""
""
""
0.43486148
""
""
""
""
""
""
""
0.43146473
0.32728609
""
""
""
""
""
""
""
""
""
""
0.33101735
0.46664277
""
""
""
""
""
""
""
0.32007864
""
""
0.40566725
0.49437541
0.52927959
0.45746887
""
""
""
0.50543553
""
""
""
""
""
""
0.51002508
0.39711276
""
""
0.54430366
""
""
""
""
""
""
0.54473907
""
0.41240531
""
0.34169897
0.39669448
0.39800656
0.39489359
""
""
""
""
""
""
""
""
""
""
""
""
""
""
""
""
""
""
""
""
""
""
""
""
""
""
""
""
""
""
""
""
""
""
""
""
""
""
""
""
""
""
""
""
""
""
""
""
""
""
""
""
""
""
""
""
""
""
""
""
""
""
""
""
""
""
""
""
""
""
""
""
""
""
""
""
""
""
""
""
""
""
""
""
""
""
""
""
""
""
0.40085894
""
""
""
""
""
""
""
""
""
""
""
""
""
""
""
""
""
""
""
""
""
""
""
""
""
""
""
""
""
""
""
""
""
""
""
""
""
""
""
""
""
""
""
""
""
""
""
""
""
""
""
""
""
""
""
""
""
""
""
""
""
""
""
0.54741251
""
""
""
""
""
""
""
0.46356633
""
0.45753378
""
""
""
""
""
""
""
""
""
""
""
""
""
""
""
""
""
""
""
""
""
""
""
""
""
""
""
""
""
""
""
""
""
""
""
""
""
""
""
""
""
""
""
""
""
""
""
""
""
""
""
""
""
""
""
""
""
""
""
""
""
""
""
""
""
""
""
""
""
""
""
0.5902282
""
""
0.47305822
0.55642241
0.5300495
""
""
""
""
0.53030521
0.51355857
""
""
""
""
""
0.32257187
""
""
0.30719531
0.48815191
0.45580071
""
""
""
""
0.4058353
0.53710377
0.38821483
0.42221203
0.4398365
0.35332564
""
""
""
0.39521649
0.49169704
0.49129188
""
""
0.40659255
0.46131223
""
""
""
""
""
""
0.41647372
0.38056386
0.44704714
""
""
""
""
""
""
""
""
""
""
""
""
""
""
""
""
""
""
""
""
0.44543487
0.36342561
0.45231655
""
""
""
0.5068329
""
""
""
""
""
""
""
""
""
0.43513605
0.46761817
0.51266074
""
""
""
""
""
""
""
""
0.41042316
""
""
""
""
0.50298339
""
0.47303897
0.42541227
""
""
""
""
""
""
""
""
""
""
""
""
0.58287168
""
0.3622863
""
""
""
0.57497388
""
""
""
0.63388979
""
""
""
0.46237433
0.41257781
""
""
""
""
""
""
""
""
""
""
""
""
""
""
""
""
""
""
""
""
""
""
""
""
""
""
""
""
""
""
""
""
""
""
""
""
""
""
""
""
""
""
""
""
""
""
""
""
""
""
""
""
""
""
""
""
""
""
""
""
""
""
""
""
""
""
0.51276797
""
""
""
""
""
""
""
""
""
""
""
""
""
""
""
""
""
""
""
""
""
""
""
""
""
""
""
""
""
""
""
""
""
""
""
""
""
0.63854545
""
""
""
""
""
""
""
""
""
""
""
""
""
""
""
""
""
""
""
""
""
""
""
""
""
""
""
""
""
""
""
""
""
""
""
""
0.36527455
""
""
""
""
""
0.41515219
""
""
""
""
""
""
""
""
""
""
""
""
""
""
""
""
""
""
""
""
""
""
""
""
""
""
""
""
""
""
""
""
""
""
""
""
""
""
""
""
""
""
""
""
""
""
""
""
""
""
""
""
""
""
""
""
""
""
""
""
""
""
""
""
""
""
""
""
""
""
""
""
""
""
""
""
""
""
""
""
""
""
""
0.60449183
""
""
0.39536944
0.37868866
""
""
""
""
""
""
0.6836583
""
""
""
""
""
""
0.53762382
""
0.57760423
""
""
""
""
""
""
""
""
""
""
""
""
""
""
""
""
""
""
""
""
""
""
""
""
""
""
""
""
""
""
""
""
""
""
""
""
""
""
""
""
""
""
""
""
""
""
""
""
""
""
""
""
""
""
""
""
""
""
""
""
""
""
""
""
""
""
""
""
""
""
""
""
""
""
""
""
""
""
""
""
""
""
""
""
""
""
""
""
""
""
""
""
""
""
""
""
""
""
""
""
""
""
""
""
""
""
""
""
""
""
""
""
""
""
""
""
""
""
""
""
""
""
""
""
""
""
""
""
""
""
""
""
""
""
""
""
""
""
""
""
""
""
""
""
""
""
""
""
""
""
""
""
""
""
""
""
""
""
""
""
""
""
""
""
""
""
""
""
""
""
""
""
""
""
""
""
""
""
""
""
""
""
0.29256734
""
0.45753241
""
""
""
""
""
0.49453348
0.47760928
0.49887818
0.33267722
""
""
""
""
0.44018909
""
""
""
""
""
""
""
0.55899096
""
""
""
0.40555844
0.55364895
""
""
0.60641491
0.3934809
""
""
0.47381943
""
0.45263106
""
""
""
""
""
""
""
0.46677116
""
""
""
""
""
""
""
""
""
""
""
""
""
""
""
""
""
""
""
""
""
""
""
""
""
""
""
""
""
""
""
""
""
""
""
""
""
""
""
""
""
""
""
""
""
""
""
""
""
""
""
""
""
""
""
""
""
""
""
""
""
""
""
""
""
""
""
""
""
""
""
""
""
""
""
""
""
""
""
""
""
""
""
""
""
0.49995667
0.45156687
""
""
0.50746924
""
0.52752799
0.41120273
0.66220158
""
""
""
""
""
""
""
""
""
""
""
""
""
""
""
""
""
""
""
""
""
""
""
""
""
""
""
""
""
""
""
""
""
""
""
""
""
""
""
""
""
""
""
""
""
""
""
""
""
""
""
""
""
""
""
""
""
""
""
""
""
""
""
""
""
""
""
""
0.60642141
""
""
""
""
""
""
""
""
""
""
""
""
""
""
""
""
""
""
""
""
""
""
""
""
""
""
""
""
""
""
""
""
""
""
""
""
""
""
""
""
""
""
""
""
""
""
""
""
""
""
""
""
""
""
""
""
""
""
""
""
""
""
""
""
""
""
""
""
""
""
""
""
""
""
""
""
""
""
""
""
""
""
""
""
""
""
""
""
""
""
""
""
""
""
""
""
""
""
""
""
""
""
""
""
""
""
""
""
""
""
""
""
""
""
""
""
""
""
""
""
""
""
""
""
""
""
""
""
""
""
""
""
""
""
""
""
""
""
""
""
""
""
""
""
""
""
""
""
""
""
""
""
""
""
""
""
""
""
""
""
""
""
""
""
""
""
""
""
""
""
""
""
""
""
""
""
""
""
""
""
""
""
""
""
""
""
""
""
""
""
""
""
""
""
""
""
""
""
""
""
""
""
""
""
""
""
""
""
""
""
""
""
""
""
""
""
""
""
""
""
""
""
""
""
""
""
""
""
""
""
""
""
""
""
""
""
""
""
""
""
""
""
""
""
""
""
""
""
""
""
""
""
""
""
""
""
""
""
""
""
""
""
""
""
""
""
""
""
""
""
""
""
""
""
""
""
""
""
""
""
""
""
""
""
""
""
""
""
""
""
""
""
""
""
""
""
""
""
""
""
""
""
""
""
""
""
""
""
""
""
""
""
""
""
""
""
""
""
""
""
""
""
""
""
""
""
""
""
""
""
""
""
""
""
""
""
""
""
""
""
""
""
""
""
""
""
""
""
""
""
""
""
""
""
0.5174526
""
""
0.51947862
0.58931053
""
""
0.52268797
0.43429571
""
0.41922718
0.49793831
""
""
""
""
0.49390459
""
""
""
""
""
""
""
""
""
""
""
""
""
0.4682841
""
""
""
""
""
""
""
""
""
""
""
""
""
""
""
0.44767979
""
""
""
""
""
""
""
""
""
""
""
""
""
""
""
""
""
""
""
""
""
""
""
""
""
""
""
""
""
""
""
""
""
""
""
""
""
""
""
""
""
""
""
""
""
""
""
""
""
""
""
""
""
""
0.3513304
""
0.50210708
""
0.40529683
""
""
""
""
""
""
""
""
""
""
""
""
""
""
""
""
""
""
""
""
""
""
""
""
""
""
""
""
""
""
""
""
""
""
""
""
0.39727351
""
""
""
0.53721195
""
""
""
""
""
""
""
""
""
0.50965255
0.52938366
""
0.35837531
""
""
""
""
""
""
0.57503819
""
""
""
""
""
""
""
""
""
""
""
""
""
""
""
""
""
""
0.45482147
""
""
""
""
0.5023191
""
""
""
""
""
""
""
""
""
""
""
""
""
""
""
""
""
""
""
""
""
""
""
""
""
""
""
""
""
""
""
""
""
""
""
""
""
""
""
""
""
""
""
""
""
""
""
""
""
""
""
""
""
""
0.38285846
""
""
""
""
""
0.57170856
""
""
""
""
""
""
""
""
""
""
""
""
""
""
""
""
""
0.37367886
""
0.32401222
0.28590965
0.35966745
0.4219825
""
""
""
0.56138569
""
""
""
0.38579947
""
""
0.43722498
0.39793798
0.41080418
""
""
""
""
""
0.63693064
""
""
0.39634234
0.30917469
""
""
""
""
""
""
""
""
""
""
""
""
""
""
""
""
""
""
""
""
""
""
""
""
""
""
0.30326363
""
""
""
""
""
""
""
""
""
""
""
""
""
""
""
""
""
""
""
""
""
""
""
""
""
""
""
""
""
""
""
""
""
""
""
""
""
""
0.49032456
0.43165779
0.5441345
""
""
""
0.42059785
""
""
0.43288758
0.38983792
""
0.39083511
""
""
""
""
""
""
""
""
""
""
""
""
""
""
""
0.37870803
0.46540663
""
""
""
""
""
""
""
""
""
""
""
""
0.48277333
""
0.50610948
""
""
""
""
0.48841983
0.31870753
0.3530235
""
0.34009722
""
""
""
0.40903124
0.36143434
""
""
""
""
""
""
""
""
""
0.54980272
0.45600051
0.34332991
""
""
0.51041991
""
""
0.33315367
0.46669731
0.58104235
0.49111933
0.41186506
0.44017062
0.32564521
""
""
""
0.34254774
0.4229371
""
""
""
""
0.52351093
0.5655458
""
""
0.40395147
0.4844909
""
0.41663781
0.47591484
""
0.43935633
0.32508031
0.33897284
""
""
0.48271221
0.55326229
""
""
""
""
""
""
""
""
""
""
""
0.61163652
""
""
0.60536999
""
""
""
""
""
""
""
""
""
""
0.63174033
0.53170484
""
""
0.54366916
""
""
0.57346493
""
""
""
""
""
""
""
""
""
""
""
""
""
""
""
""
0.45004722
""
""
""
""
""
""
""
""
""
""
""
""
""
""
""
""
""
""
0.46943384
""
0.39593682
""
""
""
""
""
""
""
""
""
""
""
""
0.50040126
""
""
""
""
""
""
""
""
0.49215519
0.49973318
""
0.4162139
0.54009908
0.36696556
""
0.51545197
0.57985258
0.39630982
0.55764872
0.59804946
""
0.56553352
""
""
""
""
""
""
""
""
""
""
""
""
""
""
""
""
""
""
""
""
""
""
""
""
""
""
""
""
""
""
""
""
""
""
""
""
""
""
""
""
""
""
""
""
""
""
""
""
0.45749515
""
0.49350381
""
0.48465487
""
0.57591861
""
""
0.3771784
""
""
""
0.39083779
""
""
0.4015677
""
""
""
""
""
""
""
""
""
""
""
""
""
""
""
""
""
""
""
0.58756381
""
0.43350038
""
""
""
""
""
""
""
""
""
""
""
""
""
""
""
""
""
""
""
""
""
""
""
""
""
""
""
""
""
""
""
""
""
""
""
""
""
""
""
""
""
""
""
""
""
""
""
""
""
""
""
""
""
""
""
""
""
""
""
""
""
""
""
""
""
""
""
0.47555333
""
""
""
""
""
""
""
0.41448289
0.59872031
""
""
""
""
""
""
""
""
""
""
""
""
""
""
""
""
""
""
""
""
""
""
""
""
""
""
""
""
""
""
""
""
""
""
""
""
""
""
""
""
""
""
""
""
""
""
""
""
""
""
""
""
""
0.52381063
""
""
""
""
""
""
""
""
0.39045149
""
""
0.51869655
""
""
""
""
""
""
""
""
""
""
""
""
""
""
0.45030278
0.46273428
0.52485049
0.44975606
0.51660526
0.53403997
""
""
""
""
""
""
""
0.36750299
""
""
""
""
""
""
""
""
""
""
""
""
""
""
""
""
""
""
""
""
""
""
""
0.3719351
""
""
""
""
""
""
""
""
""
""
""
""
""
""
""
""
""
""
""
""
""
""
""
""
""
""
""
""
""
""
""
""
""
""
""
""
""
""
""
""
""
""
""
""
""
""
""
""
""
""
""
""
""
""
""
""
""
""
""
""
""
""
""
""
""
""
""
""
""
""
""
""
""
""
""
""
""
""
""
""
""
""
""
""
""
""
""
""
0.4157041
0.40560755
""
0.46878856
""
0.36307642
""
0.46128008
0.46739581
0.50479865
""
0.38747293
0.37098899
0.47959775
0.36920983
0.51480985
""
""
0.41764858
""
""
0.39040634
""
0.42767224
""
0.41040072
""
""
""
""
""
""
""
""
""
0.42892772
""
""
""
0.34783435
0.42663389
0.47182938
0.40760273
""
0.32586595
0.42795578
""
""
0.5103389
0.49088028
0.59829199
""
""
""
""
0.44449499
0.47312126
0.49496323
0.51858723
0.5680663
0.38879761
""
""
""
0.48245144
""
""
""
""
0.32191166
""
0.59676665
""
""
""
""
""
""
""
""
0.46173459
""
""
0.36559594
""
""
0.45269781
""
""
""
""
0.40046111
0.37546939
0.40265143
0.37779409
""
0.36909297
0.37169647
""
""
""
""
""
""
""
""
""
""
""
""
""
""
0.35591778
0.56658894
""
""
0.50682175
0.56674874
""
""
""
""
""
""
""
""
""
""
""
0.44781584
""
""
""
""
""
""
""
""
""
""
0.42079246
""
""
""
""
""
""
""
""
""
""
""
""
""
""
""
""
""
""
""
""
""
""
""
""
""
""
""
""
""
""
""
""
""
""
""
""
""
""
""
""
""
""
""
""
""
""
""
""
""
""
""
""
""
""
0.33729902
""
""
""
""
""
""
""
""
""
""
""
""
""
""
""
""
""
""
""
""
""
""
""
""
""
""
""
""
""
""
""
""
""
""
""
""
""
""
""
""
""
""
""
""
""
""
""
""
""
""
""
""
""
""
""
""
""
""
""
""
""
""
""
""
""
""
""
""
""
""
""
""
""
""
""
""
""
""
""
""
""
""
""
""
""
""
""
""
""
""
""
""
""
""
""
""
""
""
""
""
""
""
""
""
""
""
""
""
""
""
""
""
""
""
""
""
""
""
""
""
""
""
""
""
""
0.29077286
""
""
""
""
""
""
""
""
""
""
""
""
""
""
""
""
""
""
""
""
""
""
""
""
""
""
""
""
""
0.32214284
""
0.42024127
""
""
""
0.38359678
""
""
0.29570496
0.355185
""
0.31989351
0.41098744
""
""
""
""
""
""
""
""
""
""
""
""
""
0.45401245
0.6123445
0.4401432
""
""
""
""
""
""
""
0.31609288
""
""
""
0.48049393
""
""
""
""
""
""
""
""
""
""
0.42328236
""
""
""
""
""
""
""
""
""
""
""
""
""
""
""
""
0.37070307
0.3746911
0.44169158
""
0.3869634
0.30276266
0.51069826
0.39148679
0.50259632
0.53916597
0.33597299
""
0.45452869
0.53043574
0.46497166
0.48883739
0.45259869
""
""
""
""
0.3025125
""
""
""
""
""
""
""
""
""
""
""
""
""
""
""
""
""
0.62504631
""
""
""
""
""
""
""
""
""
0.60144877
""
""
""
0.45679232
0.39250174
""
""
""
""
""
""
""
""
""
""
""
""
""
""
""
""
""
""
""
""
""
""
""
""
""
""
""
""
""
""
""
""
""
""
""
0.4498519
0.46233407
""
""
""
""
""
""
""
""
0.51468045
0.45552382
0.35696402
0.45183355
0.41372713
""
""
""
""
0.38814545
""
""
""
0.35319263
""
""
""
""
0.41826043
""
""
""
""
""
""
""
""
""
""
""
""
""
""
0.4154253
0.46264932
""
""
""
""
""
0.44235674
""
""
""
""
""
""
0.487542
""
0.3872779
""
""
""
""
""
""
""
""
""
""
""
""
""
""
""
""
""
""
""
""
""
""
""
""
""
""
""
""
""
""
""
""
""
""
0.49548641
""
""
""
""
""
""
""
""
""
""
0.33147812
""
""
""
""
""
""
""
""
""
""
""
""
""
""
""
""
""
""
""
""
""
""
""
0.21999559
""
""
""
""
""
0.44891024
""
0.51976728
""
0.40816078
""
0.46635094
0.47296545
0.53279263
""
""
""
""
""
""
""
""
""
""
""
""
""
""
""
0.53174907
""
""
""
""
""
""
""
""
""
""
""
""
""
""
""
""
""
""
""
""
""
""
""
""
""
""
""
""
""
""
""
""
""
""
""
""
""
""
""
""
""
""
""
""
""
""
""
""
""
""
""
""
""
""
""
""
""
""
""
""
""
""
""
""
""
""
""
""
""
""
""
""
""
""
""
""
""
""
""
""
""
""
""
""
""
""
""
""
""
""
0.35766658
""
""
""
""
""
""
0.3793678
0.2617842
""
""
""
""
""
""
""
""
""
""
""
""
0.48376924
""
""
""
""
""
""
""
""
""
""
""
0.35429433
""
""
""
""
""
""
""
0.42784062
0.36205095
0.36272028
""
0.28820032
0.35338205
""
0.32417724
0.42374817
0.35268855
0.32545274
""
0.39440581
0.45772508
0.32027632
0.44684458
0.47058222
0.44658944
""
0.44738406
""
""
""
0.4339067
0.39508542
""
""
""
""
""
""
""
""
""
""
""
""
""
""
""
""
""
""
""
""
""
""
""
""
""
""
""
""
""
""
""
""
""
""
""
""
""
""
""
""
""
0.3310242
""
""
""
""
""
""
""
""
""
""
""
""
""
""
""
""
""
""
""
""
""
""
""
""
""
""
0.70300484
""
""
0.53739536
""
""
""
""
""
""
""
""
""
""
""
""
""
""
""
""
""
""
""
""
""
""
""
""
""
""
""
""
""
""
""
""
""
""
""
""
""
""
""
""
""
""
""
""
""
""
""
""
""
""
""
""
""
""
""
""
""
""
""
""
""
""
""
""
""
""
""
""
""
""
""
""
""
""
""
""
""
""
""
""
""
0.44578737
""
0.46248084
""
""
""
0.41874883
""
""
""
""
""
""
""
""
""
""
""
0.36301887
0.37741014
""
""
""
""
""
0.34138191
0.36545953
""
""
0.47583085
""
""
""
""
""
0.476659
""
""
0.38714501
0.40615883
""
""
""
0.41061467
""
0.40109125
""
""
""
""
0.70217586
0.5286938
""
""
""
""
""
""
""
""
""
""
""
""
""
""
""
""
""
""
""
""
""
""
0.40235046
""
""
""
""
""
""
""
""
""
""
""
""
""
""
""
""
""
""
""
""
""
""
""
""
""
""
""
""
""
""
""
""
""
""
""
""
""
""
""
""
""
""
""
""
""
""
""
""
""
""
""
""
""
""
""
""
""
0.49330157
""
0.66686463
0.58116567
0.60030067
0.58818209
""
0.49952111
0.42938069
0.47945151
0.47328231
""
""
0.52670413
0.53795177
0.5678938
0.41671371
0.3799006
0.70349902
""
0.52032191
""
""
0.5191946
""
""
""
0.59647459
""
""
""
""
""
""
""
""
""
""
""
""
""
""
""
""
""
""
""
""
""
""
""
""
""
""
""
""
""
""
""
""
""
""
""
""
""
""
""
""
""
""
""
""
""
""
""
""
""
""
""
""
""
""
""
""
""
""
""
""
""
""
""
0.50195575
0.57926142
0.55858111
""
0.58119643
""
0.59988141
0.43922892
0.68738246
0.52787584
0.40633824
0.56079376
0.45532972
0.44396687
0.54871821
""
""
0.39423838
""
0.42531633
0.34716401
0.45433956
0.36554447
0.37664706
0.44144118
0.61219203
0.51858056
0.41246578
0.54780024
""
0.40191561
0.40478778
0.44172639
""
0.51951146
0.50635946
0.44907811
0.502325
0.35837635
""
0.36317015
""
""
0.44604382
""
0.57568324
""
0.64683676
0.43442911
0.55913305
0.55817026
""
0.5271858
0.59174258
""
0.62752438
0.51635754
0.50999719
0.52322084
0.48020625
""
""
0.55546308
""
0.51493931
0.37732837
0.52187169
""
0.48623666
0.63935745
""
""
0.34705389
0.49894381
0.56386083
0.48033154
0.44960937
""
0.46211907
0.4183251
0.47120696
0.4699713
0.51970339
0.57794982
""
""
0.37743664
""
0.43511614
""
0.42855197
0.4753859
""
0.51972747
""
""
0.4285343
""
""
0.3321307
""
""
""
0.53901416
0.58229059
0.49585664
""
""
0.41163245
0.50066149
0.54030061
""
0.42806455
0.55491197
0.39598489
""
0.56720734
0.51752931
""
""
0.61276871
0.52302676
""
""
""
""
""
0.39990273
0.56358832
0.41778216
0.54379731
0.39371425
""
0.47223455
""
0.46386033
0.51807976
""
""
0.52854717
""
0.53886509
0.6039238
""
""
0.58725536
0.53494912
0.54327738
0.52905113
""
0.57417363
""
0.53367478
""
0.45379606
""
""
0.55079353
""
0.4307839
0.52257848
""
""
0.52629328
0.64012539
0.55651289
""
""
""
""
""
""
""
""
""
""
0.51902026
0.52889282
0.48432314
0.58841217
0.53072876
0.46081734
0.41125271
0.38495937
0.58474386
0.63376921
""
""
""
""
""
""
0.51968533
0.53318244
0.47328115
0.52295858
0.45883182
""
""
""
""
""
""
""
""
""
""
""
""
""
""
""
""
0.53031862
""
0.52993643
0.55299884
0.51951438
0.45106906
0.51071042
0.46487147
""
0.51778978
""
0.47180068
""
0.65480804
""
0.62553513
""
0.46833566
0.58766603
0.55887079
0.47126234
""
""
""
""
""
""
""
""
""
""
0.53822672
0.59928203
""
""
0.54270905
0.43885252
""
0.52468985
0.58635545
0.48117405
""
0.53190535
0.37007436
0.54088622
0.56377113
0.51690191
0.4307698
0.41971859
0.51929867
0.5852465
""
""
0.36682963
""
""
""
0.55787027
0.58825707
0.60428375
0.49955556
0.49359542
0.48904139
0.39104617
""
""
""
""
""
""
""
""
""
""
""
""
""
0.5626235
""
""
""
0.61486644
0.63305843
0.55738705
""
""
0.58210695
0.5788402
0.45376652
""
0.45557651
0.5196594
0.40939611
0.42064631
0.50405651
0.47969145
0.52055824
""
""
""
0.5296061
0.51058441
0.44281712
0.35637653
0.57069367
""
0.44393033
0.46685323
0.49702987
0.58520234
0.52358544
0.46220782
0.40597516
0.50982678
""
""
0.60932451
0.5278092
0.57628977
0.6107825
""
0.64770085
0.60300529
0.50401556
0.55120158
0.6361044
0.6059643
0.54827732
0.60450178
""
""
0.48906174
""
0.39798799
0.58133572
0.66552418
""
0.49433342
""
""
""
0.51377314
0.55513829
0.50085449
0.50343651
0.62188196
0.40947455
0.43172354
0.60011971
0.51677728
0.44816443
""
""
0.55680889
""
0.51144391
0.44927752
0.40989968
""
""
""
""
""
""
0.5681811
0.35842663
""
""
""
""
""
""
""
""
""
""
""
""
""
""
""
""
0.52509534
""
""
""
0.40999421
0.47036278
0.55213791
0.5934822
""
0.50623107
""
""
""
""
0.38952941
""
""
""
""
""
""
""
""
""
""
""
""
""
""
""
""
""
""
""
0.48866037
0.43718132
""
0.52791584
0.52812678
0.49244416
0.52090961
0.54419512
0.58912289
""
""
""
""
0.4969492
0.49392492
""
""
""
""
""
""
""
""
""
""
""
""
""
""
""
""
""
""
""
""
""
""
""
""
0.56056094
""
""
""
""
""
""
""
""
""
0.57561612
0.53062224
""
""
0.51372266
""
0.53148013
0.44691509
0.41919693
""
0.50242639
0.43763772
""
""
0.51715952
""
""
""
""
""
""
""
""
""
""
""
""
""
""
""
""
""
""
0.5405466
""
""
""
""
""
""
""
""
""
""
""
""
""
""
""
""
""
""
""
""
0.53388959
0.41963533
""
""
""
""
""
""
""
0.62069529
""
""
""
""
""
0.42385849
""
""
""
""
""
""
""
0.3856566
0.36987853
0.42340362
""
""
""
0.566791
""
0.41233507
0.5322817
""
""
""
""
""
""
0.50701076
""
""
""
""
""
0.55180526
0.46602169
""
""
0.44472992
0.51274318
0.56239164
0.39806384
""
0.44780684
0.45555311
""
""
0.60007542
0.63474548
""
0.43175751
0.48106387
""
""
""
""
""
0.3606936
0.43353778
""
""
0.50660324
0.64702034
0.46292341
""
""
0.61188722
0.61831206
""
0.47403613
""
""
0.48994875
""
""
""
""
0.53091407
0.36347121
0.55355793
0.4605774
""
0.55438733
0.53426981
0.53436595
0.48818153
0.47753671
0.43093508
0.58626097
""
0.55413204
0.40416375
""
0.49508554
0.52170807
""
0.55581242
0.56311983
""
""
""
""
""
""
""
""
""
""
""
""
""
""
""
""
""
""
""
""
""
""
""
""
""
""
0.4541254
""
""
""
0.5539459
0.35582894
0.58977777
""
""
""
0.48816258
""
""
""
""
""
""
""
""
""
""
""
""
""
""
""
""
""
""
""
""
""
""
""
""
""
""
""
""
""
""
""
""
""
""
""
""
""
""
""
""
""
""
""
""
""
""
""
""
""
""
""
""
""
""
""
""
""
""
""
""
""
""
""
""
""
""
""
""
""
""
""
""
""
""
""
""
""
""
""
""
""
""
""
""
""
""
""
""
""
""
""
""
""
""
""
""
""
""
""
""
""
""
""
""
""
""
""
""
""
0.39035022
""
""
""
""
""
""
0.3668983
""
""
""
""
0.47588894
""
""
""
""
0.45103398
""
""
""
""
0.59338802
""
""
""
""
""
""
""
""
""
""
""
""
""
""
""
""
""
""
""
""
""
""
""
""
""
""
""
""
""
""
""
""
""
""
""
""
""
""
""
""
""
""
""
""
""
""
""
""
""
""
""
""
""
""
""
""
""
""
""
""
""
""
""
""
""
""
""
""
""
""
""
""
""
""
""
""
""
""
""
""
""
""
0.34828392
""
""
""
""
""
""
""
""
""
""
""
""
""
""
""
""
""
""
""
""
""
""
""
""
""
""
""
""
""
""
""
""
""
""
""
""
""
""
""
""
""
""
0.50441289
""
""
""
""
""
""
""
""
""
""
""
0.53618413
""
""
""
""
""
""
0.39905825
""
""
""
""
""
""
""
""
""
""
""
""
""
""
""
""
""
""
""
""
""
""
""
""
""
""
""
""
""
""
""
""
""
""
""
0.47747457
""
""
""
""
""
0.43352208
""
""
""
""
""
""
""
""
""
""
""
""
0.60553735
0.50505823
""
""
0.48476928
""
0.54087049
""
""
""
0.36227009
""
""
0.30194476
""
""
""
""
""
""
""
""
""
""
""
""
""
""
""
""
""
""
""
""
""
""
""
""
""
0.51720452
""
""
""
""
""
""
""
""
""
""
""
""
""
""
""
""
""
""
""
""
""
""
""
""
""
""
""
""
0.33507019
0.3769927
""
""
0.4789297
""
""
""
""
""
""
""
""
""
""
""
""
""
""
""
""
""
""
""
""
""
""
""
""
""
""
""
""
0.50985807
""
""
""
0.45668268
""
""
""
""
""
""
""
""
""
""
""
0.46025684
""
""
""
""
""
""
0.54739547
""
""
""
""
""
""
""
""
""
""
""
""
""
""
""
""
""
""
""
""
""
""
""
""
""
""
""
""
""
""
""
""
0.4433254
""
""
""
""
""
""
""
""
""
""
""
""
""
""
""
""
""
""
""
""
""
""
""
""
""
""
""
""
""
""
""
""
0.55912799
0.43998963
0.5632019
0.48109546
0.5016129
0.66881341
""
0.60205656
""
""
""
""
""
""
""
""
""
""
""
""
""
""
""
""
""
""
""
""
""
""
""
""
""
""
""
0.60940289
""
""
""
""
""
""
0.42026085
0.60152936
""
""
""
""
""
""
0.50777525
0.38093379
0.61425173
0.41693109
0.47169518
""
""
""
""
""
""
""
""
""
""
""
""
""
0.43671945
""
""
0.43883291
0.53127778
0.4438532
0.59398323
""
""
0.54915351
0.48543841
0.44177049
0.48203006
""
0.37678376
0.46153337
0.49085286
0.48080555
0.62356955
0.46447548
0.41692117
""
""
0.53219068
""
""
""
""
0.53030223
""
""
""
0.58330423
""
""
""
""
""
""
""
""
""
""
""
""
""
""
""
""
""
""
""
""
""
""
""
""
""
""
""
""
""
0.47280842
""
0.49710667
""
""
""
""
""
""
""
""
""
""
0.35448772
0.51958281
""
""
""
""
""
""
""
""
""
""
""
""
""
""
0.33537382
""
0.59869313
""
""
""
""
0.50415897
""
""
""
0.56483322
""
""
""
""
""
""
""
""
""
""
""
""
""
""
""
""
""
""
""
""
""
""
""
""
""
""
""
""
""
""
""
""
""
""
""
""
""
""
0.54822999
""
""
""
""
""
""
0.4072015
0.51672238
""
""
""
""
""
""
""
""
""
""
""
""
""
""
0.52110553
0.52487344
""
""
""
""
""
""
""
""
""
""
""
0.3448754
""
0.48738277
""
""
""
""
""
""
""
""
""
""
""
""
""
""
""
""
""
""
""
""
""
""
""
""
""
""
""
""
""
""
""
""
""
""
""
""
""
""
""
""
""
""
""
""
""
""
""
""
""
""
""
""
""
""
""
0.38456854
""
""
""
""
""
""
""
""
""
""
""
""
""
""
""
0.51931566
""
""
""
""
""
""
""
""
""
""
""
""
""
""
0.4334583
""
""
""
""
""
""
""
""
""
""
""
""
""
0.44975376
""
0.63001233
""
""
""
""
""
""
""
""
""
""
""
""
""
""
""
0.39393467
""
""
""
""
""
""
""
""
""
""
""
""
""
""
""
""
""
""
""
""
""
""
""
""
""
""
""
""
""
""
""
""
""
""
""
""
""
""
""
""
""
""
0.39628181
0.55320638
""
""
0.51434696
0.56651604
0.49052367
""
""
""
""
""
""
""
""
""
""
""
0.32778826
0.34531337
0.46806976
0.32683727
""
0.39624307
""
0.33459944
""
""
""
""
""
""
""
""
""
""
""
""
""
""
""
""
""
""
""
""
""
""
""
0.44643089
""
""
""
""
0.60729229
""
""
0.63921219
0.58973783
""
""
""
""
""
""
""
""
0.49557322
""
""
0.47283119
""
""
""
""
0.55387813
""
""
""
""
""
0.29998079
0.34577265
""
""
0.42161119
0.46922228
""
""
0.46442702
""
""
""
""
0.46414304
0.5153265
""
""
""
""
""
""
""
""
""
""
""
""
""
""
""
""
""
""
""
""
""
""
""
""
""
""
""
""
""
""
""
""
""
""
""
""
""
""
""
""
0.50660497
""
""
""
""
""
""
""
""
""
""
""
""
""
""
""
""
""
""
""
""
""
""
""
""
""
""
""
""
""
""
""
""
""
""
""
""
0.54528344
""
""
""
""
""
""
""
""
""
""
""
""
""
""
""
""
""
""
""
""
""
""
""
0.54387873
""
""
0.44190702
""
0.41360819
""
""
""
""
""
""
""
0.45451984
""
""
""
0.61304778
0.45641923
0.34267053
""
0.46719447
""
0.55767637
0.42223227
""
0.58054239
""
""
""
""
""
""
""
""
""
0.54988921
""
0.66812766
""
""
0.59919065
""
0.46089026
""
0.52684122
""
""
""
""
""
""
""
0.34186977
""
""
""
""
""
""
""
""
""
""
""
""
""
""
""
""
""
""
""
""
""
""
""
""
""
""
""
""
""
""
""
""
""
""
""
""
""
""
""
""
""
""
""
""
""
0.37581429
""
""
""
""
""
""
""
""
""
""
""
""
""
""
""
""
""
""
""
""
""
""
""
""
""
""
""
""
""
""
""
""
""
""
""
""
""
""
""
""
""
""
""
""
""
""
""
""
""
""
""
""
""
""
""
""
""
""
""
""
""
""
""
""
""
""
""
""
""
""
""
""
""
""
""
""
""
""
""
""
""
""
""
""
""
""
""
""
""
""
""
""
""
""
""
""
""
""
""
0.47605729
""
""
""
""
""
0.34911034
""
""
""
""
0.42575374
""
""
""
""
""
0.4402639
0.52047443
0.43410292
""
""
""
""
""
""
""
""
""
""
""
""
""
""
0.50767511
""
0.49411261
""
""
""
""
""
""
""
""
""
""
""
0.46753728
0.55677783
""
""
0.55933088
0.61346656
""
0.52624977
""
""
""
0.45857978
0.38564456
""
""
""
""
""
""
""
""
0.55312115
0.63363415
0.57355535
0.54938006
""
0.51373821
""
""
""
""
""
""
""
""
0.54649985
""
0.49155515
""
""
0.66599327
""
""
0.70327872
""
""
0.49593756
""
""
""
""
""
""
""
""
""
""
""
""
""
""
""
""
""
""
""
""
""
""
0.54494029
""
""
""
0.57217175
""
""
""
""
""
0.59756541
""
""
""
""
""
""
""
""
""
0.52173632
""
""
""
""
""
""
""
""
""
""
""
""
""
""
""
""
""
""
""
""
""
""
0.55187678
""
""
""
0.69483608
""
0.54971582
""
""
""
""
""
""
""
""
""
""
""
""
""
""
""
""
""
""
""
""
""
0.5262233
""
""
""
""
""
""
""
""
""
""
""
""
""
0.46137318
""
""
""
""
""
""
""
""
""
""
""
""
""
""
""
""
""
""
""
""
""
""
0.61581135
""
""
""
""
""
""
""
""
""
""
""
""
""
0.51504314
""
""
""
""
""
""
""
""
""
""
""
""
""
""
""
""
""
""
""
""
""
""
""
""
""
""
""
""
""
""
""
""
""
""
""
""
""
""
""
""
""
""
""
""
""
0.48176652
0.36767465
0.45852306
""
""
0.42061299
""
""
""
""
""
""
""
""
""
""
""
0.53604352
""
""
""
""
0.45630357
""
""
""
""
""
""
0.46340677
""
0.44453484
""
""
""
""
""
""
""
""
""
""
""
""
""
""
""
""
""
""
""
""
""
""
""
""
""
""
""
""
""
""
""
""
""
""
""
""
""
""
""
""
0.40310815
""
""
""
""
""
""
""
""
""
""
""
""
""
""
""
""
""
""
""
""
""
""
""
""
""
""
""
""
""
""
""
""
""
""
""
""
""
""
""
""
""
""
""
""
""
""
""
""
""
""
""
""
""
0.56019795
""
0.44519326
""
""
""
""
""
""
""
""
""
0.3847383
""
""
""
""
""
""
""
""
""
""
""
""
""
""
""
""
""
""
""
""
""
""
""
""
""
""
""
""
""
""
""
""
""
""
""
""
""
""
""
0.58257532
""
""
""
""
""
""
""
""
""
""
""
""
""
""
""
""
""
""
""
""
""
""
""
""
""
""
""
""
""
""
""
""
""
""
""
""
""
""
""
""
""
""
""
""
0.62537438
""
""
""
""
""
""
""
""
""
""
""
""
""
""
""
""
""
""
""
0.54248369
""
""
""
""
""
""
""
""
0.57914191
""
""
""
""
""
""
""
""
0.51668525
""
""
""
""
""
""
""
""
""
""
""
""
""
""
""
""
""
""
""
""
""
""
""
""
""
""
""
""
""
""
""
""
""
""
""
""
""
""
""
""
""
""
""
""
""
""
""
""
""
""
""
""
""
""
""
""
""
""
""
""
""
""
""
""
""
""
""
""
""
""
""
""
""
""
""
""
""
""
""
""
""
""
""
""
""
""
""
""
""
""
0.44524458
""
0.40051565
0.5789535
""
""
0.43511909
""
""
0.56127137
""
""
""
""
""
""
""
""
""
""
0.42808273
""
""
""
""
""
""
""
""
""
""
""
0.38043028
0.49941364
""
""
""
0.48654285
""
""
""
""
""
""
""
""
""
""
""
""
""
""
""
""
""
""
""
""
""
""
""
""
""
""
""
""
""
""
""
""
""
""
""
""
""
""
""
""
""
""
""
""
""
""
""
""
""
""
""
""
""
""
""
""
""
""
""
""
""
""
""
""
""
""
""
""
""
""
""
""
""
""
""
""
""
""
""
""
""
""
""
""
""
""
""
""
""
""
""
""
""
""
""
""
""
0.61308146
""
0.43362278
""
""
""
0.4694221
""
""
""
""
""
""
""
""
""
""
""
""
""
""
""
""
""
""
""
0.60371941
""
""
""
""
""
""
""
""
""
""
""
""
""
""
""
""
""
""
""
""
""
""
""
""
""
""
""
""
""
""
""
""
""
""
""
""
""
""
""
""
""
""
""
""
""
""
""
""
""
""
""
0.40359476
""
0.37794077
""
""
""
""
""
""
""
""
""
""
""
""
""
0.63161039
0.50572515
""
""
""
""
""
""
""
""
""
""
""
""
""
""
""
0.43524954
""
""
""
""
""
0.52748591
""
""
0.58941782
""
""
""
""
""
""
""
""
""
""
0.45640722
""
""
""
""
""
""
""
""
""
""
""
""
""
""
""
""
""
""
""
""
""
""
""
""
""
""
""
""
""
""
""
""
""
0.43146798
""
""
""
""
""
0.42165622
0.37591645
""
""
""
""
""
""
""
""
""
""
""
""
""
""
""
""
""
""
""
""
""
""
""
""
""
""
""
""
""
""
""
""
""
""
""
0.52465695
""
""
""
""
0.44074735
0.44953033
0.46028611
0.49305049
0.50177896
0.58534205
""
""
0.50159001
""
""
""
""
""
""
0.34799013
""
""
""
""
""
0.38494882
""
0.39265245
0.39946079
0.51656187
""
0.36044258
""
0.57807922
0.58575016
0.47343567
0.41277084
0.38146442
0.50533754
0.4305968
0.38685244
0.41002089
""
""
""
""
0.36403969
""
""
""
""
""
""
""
0.34708637
""
""
""
""
""
""
""
""
""
""
""
""
0.60891998
0.40000322
0.52566969
0.41622218
0.57056397
""
""
0.4320671
""
""
0.51823819
""
0.38016903
""
""
""
0.47281772
""
0.58192682
0.46205077
""
""
""
0.47371086
""
""
""
""
""
""
0.46461082
""
""
""
""
""
""
""
""
""
""
""
0.49031988
""
0.47840637
0.52945703
""
""
""
""
""
""
""
""
""
""
""
""
""
""
""
""
""
""
""
""
""
""
0.41993147
""
""
""
""
""
""
""
""
""
""
""
""
""
""
""
""
""
""
""
""
""
""
""
""
""
""
""
""
""
""
""
""
""
""
""
0.48541853
0.38141453
0.43178579
""
0.45234945
""
""
""
0.51064324
""
0.47538725
""
""
""
""
""
""
""
""
""
""
""
""
""
0.35324556
""
""
""
""
0.4294138
""
""
""
""
""
""
""
""
""
""
""
""
""
""
""
""
""
""
""
""
""
""
0.42324647
""
""
0.44490808
""
""
""
""
""
""
""
""
""
""
""
""
""
""
""
""
""
""
""
""
""
""
""
""
""
0.33235964
""
""
""
""
""
""
""
""
""
""
""
""
""
""
""
""
""
""
0.54619974
0.47938126
""
""
""
""
""
""
""
""
""
""
""
""
""
""
""
""
""
""
""
""
0.42138761
0.49613598
""
""
""
""
""
""
0.5890165
""
0.47260842
0.51238775
0.44544938
0.49423757
0.46192533
0.49183381
""
""
""
""
""
""
""
""
""
""
""
""
""
""
""
""
""
""
""
""
""
""
""
""
""
""
""
0.43733749
0.46476468
0.55992717
0.5060125
""
""
""
""
""
""
""
""
""
""
""
""
""
""
""
""
""
""
""
""
""
""
""
0.46815988
0.40925989
""
0.57069296
0.45088646
""
""
""
""
""
""
""
""
""
""
""
""
""
""
""
""
""
""
""
""
0.39677861
""
""
""
""
""
""
""
""
""
""
""
""
""
""
""
""
""
""
""
""
""
""
""
""
""
""
""
""
""
""
""
""
""
""
""
""
""
""
""
""
""
""
""
""
""
""
""
""
""
""
""
""
""
""
""
""
""
""
""
""
""
""
""
""
""
""
""
""
""
""
""
""
""
""
""
""
""
""
""
""
""
""
""
""
""
""
""
""
""
""
""
""
""
""
""
""
""
""
""
""
0.32898971
0.44514513
""
""
""
""
""
""
0.42166826
""
""
""
""
""
""
""
""
""
""
""
""
""
""
""
0.3807604
""
""
""
""
""
""
""
""
""
""
""
""
""
""
""
""
""
""
""
""
""
""
""
""
""
""
""
""
""
""
""
""
""
""
""
""
""
""
""
""
""
""
""
""
""
""
""
""
""
""
""
""
""
""
""
""
""
""
""
""
""
""
""
""
""
0.30938759
""
""
""
""
""
""
""
""
""
""
""
""
""
""
""
""
""
""
""
""
""
""
""
""
0.52977681
""
""
""
""
""
0.49551949
""
""
""
""
""
0.50543058
""
0.47656912
""
""
""
""
""
0.56356919
""
""
""
""
""
""
""
""
0.49942511
""
""
0.54060507
""
""
""
""
""
""
""
""
""
""
""
""
""
""
""
""
""
""
""
""
""
""
""
""
""
""
""
""
""
""
""
""
""
""
""
""
""
""
""
0.37610009
""
""
""
""
""
""
0.37685066
0.59985769
0.34707734
""
""
""
""
""
0.46632016
0.49621335
""
""
""
""
""
""
""
""
0.41390258
0.45747936
0.45443049
""
0.51203203
""
""
""
""
0.49995258
""
""
0.39838901
""
""
""
""
""
""
""
""
""
0.44851634
""
""
""
""
0.62657207
""
""
""
""
""
""
0.53039175
0.47860461
""
""
""
""
""
""
""
""
""
""
""
""
""
""
""
""
""
""
0.39823568
""
""
""
""
""
""
""
0.42509833
""
""
""
0.59921849
""
0.31138605
""
""
""
""
""
""
""
""
""
""
""
""
""
""
""
""
""
""
""
0.49261701
""
""
""
""
""
""
""
""
""
""
""
""
""
""
""
""
""
0.30973411
""
""
""
""
""
""
""
""
""
""
""
""
""
""
""
""
""
""
""
""
""
""
""
""
""
""
""
""
""
""
""
""
""
""
""
0.39279038
""
""
0.41832283
""
""
""
""
""
""
""
""
""
""
""
""
0.43005419
0.46202427
0.43580452
""
""
""
""
0.4840191
0.49432629
""
""
""
0.50152999
""
""
0.49733144
0.46695957
""
0.47729909
""
""
0.37804914
""
""
""
""
0.58584529
""
""
""
0.51300019
0.45740777
0.41497037
""
""
0.47848946
""
""
""
""
""
""
""
""
""
0.45311144
""
""
""
""
""
""
""
""
""
""
""
""
""
""
""
""
""
""
0.30045384
0.27124903
""
""
""
""
""
""
""
""
""
""
""
""
""
""
""
""
""
""
""
""
""
""
""
""
""
""
""
""
""
""
""
""
""
""
0.50529575
""
""
""
""
""
0.62469727
""
""
""
""
""
""
""
""
""
""
""
""
""
""
""
""
""
""
""
""
""
""
""
""
""
""
""
""
""
""
""
""
""
""
""
""
""
""
""
""
""
""
""
""
""
""
""
""
""
""
""
""
""
""
""
""
""
""
""
""
""
""
""
""
""
""
""
""
""
""
""
""
0.36107764
""
""
""
""
0.30481967
""
""
0.39076594
""
""
""
""
""
""
""
""
""
""
""
""
""
""
""
""
""
""
""
""
""
""
""
""
""
""
""
""
""
""
""
""
""
""
""
""
""
""
""
""
""
""
""
""
""
""
""
""
""
""
""
""
""
""
""
""
""
""
""
""
""
""
""
""
""
""
""
""
""
""
""
""
""
""
""
""
""
""
""
""
""
""
""
""
""
""
""
""
""
""
""
""
""
""
""
""
""
""
0.33918598
""
""
""
""
""
""
""
""
""
""
""
""
""
""
""
""
""
""
""
""
""
""
""
""
""
""
""
""
""
""
""
""
""
""
0.54740554
""
""
""
""
""
""
""
""
""
""
""
""
""
""
""
""
""
""
""
""
""
0.56586581
""
""
""
0.38876542
""
""
""
""
0.47715238
""
""
""
""
""
""
""
""
""
""
""
""
""
""
""
""
""
""
""
""
""
0.33471671
""
""
""
""
""
""
""
""
""
""
""
""
""
""
""
""
""
0.53463805
""
""
0.31760675
""
""
""
""
""
""
""
""
""
""
""
""
""
""
""
""
""
""
""
""
""
""
""
""
""
""
""
""
""
""
""
""
""
""
""
""
""
""
""
""
""
""
""
""
""
""
""
""
""
""
""
""
""
""
""
""
0.28877756
0.4685173
""
""
""
""
""
""
""
""
""
""
""
""
""
""
""
""
""
""
""
""
""
""
""
""
""
""
""
""
""
""
""
""
""
""
""
""
""
""
""
""
""
""
""
""
""
""
""
""
""
""
""
""
""
""
""
""
""
""
""
""
""
""
""
""
""
""
""
""
""
""
""
""
""
""
""
""
""
""
""
""
""
""
""
""
""
""
""
""
""
""
""
""
""
""
""
""
""
""
""
""
""
""
""
""
""
""
""
""
""
""
""
""
""
""
""
""
""
""
""
""
""
""
""
""
""
""
""
""
""
""
""
""
""
""
""
""
""
""
""
""
""
""
""
""
""
""
""
""
""
""
""
""
""
""
""
""
""
""
""
""
""
""
""
""
""
""
""
""
""
""
""
""
""
""
""
""
""
""
""
""
""
""
""
""
""
""
""
""
""
""
""
""
""
""
""
""
""
""
""
""
""
""
""
""
""
""
""
""
""
""
""
""
""
""
""
""
""
""
""
""
""
""
""
""
""
""
""
""
""
""
""
""
""
""
""
""
0.53123307
""
0.49008167
0.55231446
0.59274268
""
""
0.46701249
""
""
0.46971968
""
""
""
""
0.43659762
0.60144073
""
""
""
""
""
""
""
""
""
""
""
""
""
""
""
""
""
""
""
""
""
""
""
""
""
""
""
""
""
""
""
""
""
""
""
""
""
""
""
""
""
""
""
""
""
""
""
""
""
""
""
""
""
""
""
""
""
""
""
""
""
""
""
""
""
""
""
""
0.40950069
""
""
""
""
""
""
""
0.59944385
""
""
""
""
""
""
""
""
""
""
""
""
""
""
""
""
""
""
""
""
""
""
""
""
""
""
""
""
""
""
""
""
""
""
""
""
""
""
""
""
""
""
""
""
""
""
""
""
""
""
""
""
""
""
""
""
""
""
""
""
""
""
""
""
""
""
""
""
""
""
""
""
""
""
""
""
""
""
""
""
""
""
""
""
""
""
""
""
""
""
0.50004667
""
""
""
""
""
""
""
""
""
""
""
""
""
""
""
""
""
""
""
""
""
""
""
""
""
""
""
""
""
""
""
""
""
""
""
""
""
""
""
""
""
""
""
""
""
""
""
""
""
""
""
""
""
""
""
""
""
""
""
""
""
""
""
""
""
""
""
""
""
""
""
""
""
""
""
""
""
""
""
""
""
""
""
""
""
""
""
""
""
0.35151565
""
""
""
""
""
""
""
0.44186857
""
""
""
0.33545002
""
0.50207192
""
""
""
""
0.39147833
""
""
""
""
""
""
""
""
0.47239345
""
""
""
""
0.37905836
""
0.35343146
""
""
""
""
""
""
""
""
""
""
""
""
""
""
""
""
0.43238139
""
""
""
""
""
""
""
""
""
""
""
""
""
""
""
""
""
""
""
""
""
""
""
""
""
""
""
""
""
""
""
""
""
""
""
""
""
""
""
""
""
""
""
""
""
""
""
""
""
""
""
""
""
""
""
""
""
""
0.52913201
""
0.43263525
""
""
""
""
""
""
""
""
""
""
""
0.54022908
""
0.47441536
""
""
""
""
""
""
""
""
""
""
""
""
""
""
""
""
""
""
""
""
""
0.36082321
""
0.47454527
0.37343249
""
0.42428264
""
""
0.50202787
""
0.52323049
""
0.48104936
""
0.40065187
""
""
""
""
""
""
""
0.32346693
""
0.43665385
""
0.42793289
""
0.38272792
""
0.44409895
0.4128027
""
0.39379004
""
0.5110352
""
0.48899326
0.56086761
""
""
""
0.47447693
""
""
""
""
0.40329373
""
""
""
""
""
""
""
""
""
""
""
""
""
0.27046433
""
""
""
""
""
""
""
""
""
""
""
""
""
""
""
""
0.43792322
""
""
""
""
""
""
""
""
""
""
0.49368039
""
""
""
""
""
""
""
""
""
""
""
""
""
""
""
""
""
""
""
""
""
""
""
""
""
""
""
""
""
""
""
""
""
""
""
""
""
""
""
""
""
""
""
""
""
""
""
""
""
""
""
""
""
""
""
""
""
""
""
""
""
""
""
""
""
""
""
""
""
""
""
""
""
""
""
""
""
""
""
""
""
""
""
""
0.45093319
""
""
""
""
""
0.54705834
""
""
""
0.36544919
""
0.40519005
""
""
0.41515228
0.41369343
""
0.44105193
""
""
""
""
""
""
""
0.22092007
0.52312398
0.38628456
0.3013733
0.32043839
0.52729231
""
0.45009339
""
""
""
""
""
""
""
""
""
""
0.36578706
""
0.35851353
""
""
""
""
""
""
""
""
""
""
""
""
0.49311277
""
0.44984838
""
""
0.38877958
""
0.3236146
""
""
""
""
""
""
""
""
""
""
""
""
""
""
""
""
""
""
""
""
""
""
""
""
""
""
""
""
""
""
""
""
""
""
""
""
""
""
""
""
""
""
""
""
""
""
""
""
""
""
""
""
""
0.57766247
0.55644369
""
""
""
""
""
""
""
""
""
""
""
""
""
""
""
""
""
""
""
""
""
""
""
""
""
""
""
""
""
0.49241054
0.40077466
0.51113582
0.50612217
0.40092379
0.62214971
0.46581855
0.55841827
0.44814703
0.51179528
0.57695276
0.40690643
""
""
0.43496746
""
0.40462008
""
0.33840951
""
""
""
""
""
0.48864102
""
""
""
""
""
""
""
""
""
""
""
""
""
""
""
""
""
""
""
""
""
""
""
""
""
""
""
""
""
""
""
""
""
""
""
""
""
""
""
""
""
""
""
""
""
""
0.57879585
""
""
""
""
""
""
""
""
""
""
""
""
""
""
""
""
""
""
""
""
""
""
""
""
""
""
0.44848058
""
0.25726655
""
""
""
""
""
""
0.39831313
""
""
""
0.43842003
0.53934848
""
0.52459639
""
0.42806238
""
""
""
""
""
0.40181392
0.33930513
""
""
""
""
""
""
""
""
""
""
""
""
""
""
""
""
""
""
""
""
""
""
""
""
""
""
""
""
""
""
""
""
""
""
""
""
""
""
""
""
""
""
""
""
""
""
""
""
""
0.45504296
""
""
0.39629391
""
""
""
""
""
""
""
""
""
""
""
""
""
""
""
""
""
""
""
""
0.40465799
0.54245228
0.56504661
""
""
""
""
""
""
""
""
""
""
""
""
""
""
""
""
""
""
""
""
""
""
""
""
""
""
""
""
""
""
""
""
""
""
""
""
""
""
""
""
""
""
""
""
""
""
""
""
""
""
""
""
""
""
""
""
""
""
""
""
""
""
""
""
""
""
""
""
""
""
""
""
""
""
""
""
""
""
""
""
""
""
""
""
""
""
""
""
""
""
""
""
""
""
""
""
""
""
""
""
""
""
""
""
""
""
""
""
""
""
""
""
""
""
""
""
""
""
""
0.53665549
""
""
""
""
""
""
0.45523855
0.47287008
0.59362411
0.4111833
0.58537734
0.41537258
""
""
""
""
""
""
""
""
""
""
""
""
0.56727296
""
""
""
""
""
""
""
""
0.42532426
0.44685864
0.35140863
0.54248887
""
""
""
""
0.55575681
0.46657628
""
""
""
""
""
""
""
0.51883292
""
""
""
0.60285038
""
""
""
""
""
""
""
""
""
""
""
""
""
""
0.55311328
0.39219826
""
""
""
""
""
""
""
""
""
0.47855932
""
""
""
""
""
""
""
""
""
""
""
""
""
""
""
""
""
""
""
""
""
""
0.45492563
""
""
""
""
""
""
0.55449593
0.50773442
""
""
""
0.29066944
""
""
0.47045943
""
""
""
""
""
""
""
""
""
""
""
""
""
""
""
""
""
""
""
""
""
""
""
""
""
""
""
""
""
""
""
""
""
""
""
""
""
""
""
""
""
""
""
""
""
""
""
""
""
""
""
""
""
""
""
""
""
""
""
""
""
""
""
""
""
0.57168186
""
""
""
""
""
""
""
""
""
""
""
""
""
""
""
""
""
""
""
""
""
""
""
""
""
""
""
""
""
""
""
""
""
""
""
""
""
""
""
""
0.57118732
""
""
""
""
0.46281037
""
""
""
""
""
""
""
""
""
""
""
0.39298642
0.38712519
""
""
""
""
""
""
""
""
""
""
""
""
""
""
""
""
""
""
""
""
""
""
""
""
""
""
0.43647447
""
""
""
""
""
""
""
""
""
""
""
""
""
""
""
""
""
""
""
""
""
""
""
""
""
""
""
""
""
""
""
""
""
""
""
""
""
""
""
""
""
""
0.44807142
""
0.52804494
""
""
""
""
""
""
""
""
""
""
""
""
""
""
""
""
""
""
""
""
""
""
""
""
""
""
""
""
""
""
""
""
0.36271566
""
""
""
""
""
""
""
""
""
""
""
""
""
""
""
""
""
""
""
""
""
""
""
""
""
""
""
""
""
""
""
""
""
""
""
""
""
""
""
""
""
""
""
""
""
""
""
""
""
""
""
""
""
""
""
""
""
""
""
0.50258857
0.49319559
""
""
""
""
""
0.4631626
""
""
""
""
""
""
""
""
""
0.44996732
""
""
""
""
""
""
""
""
""
""
""
""
""
""
""
""
""
0.44878486
""
""
""
""
""
""
""
""
""
""
""
""
""
0.35492057
""
""
""
""
""
""
""
""
""
""
""
""
""
0.4865638
""
""
""
""
""
""
""
0.59909362
""
""
""
""
""
""
""
""
""
""
""
""
""
""
""
""
""
""
""
""
""
0.55677068
""
""
""
""
""
""
""
""
""
""
""
""
""
""
""
""
""
""
""
""
""
""
""
0.34358495
""
""
""
""
""
""
""
0.44550478
""
""
""
""
""
""
""
""
""
""
""
""
""
""
""
""
0.38645196
""
""
""
""
""
""
""
""
""
""
""
""
""
""
""
""
""
""
""
""
""
""
""
""
""
""
""
""
""
""
""
""
""
""
""
""
""
""
""
""
""
""
""
""
""
""
""
""
0.40532252
""
""
""
""
""
""
""
""
""
""
""
""
""
""
""
""
""
""
""
""
""
""
""
""
""
""
""
""
""
""
""
""
""
""
""
""
0.42059112
""
""
""
""
""
""
""
""
""
0.34626371
""
""
""
""
""
""
""
""
""
0.41811863
""
""
""
""
""
""
0.39910358
""
0.30502862
""
""
""
""
""
""
0.34087288
0.33327436
""
0.29609835
""
""
""
""
""
""
0.41981626
""
""
""
0.32880408
0.27985352
""
0.26980153
0.42117882
""
""
""
0.26399171
""
""
0.39917809
""
""
""
""
""
""
""
""
""
""
""
""
""
""
""
""
""
0.49912855
""
0.38639197
""
0.55055684
""
""
0.49948224
""
""
""
""
""
""
""
""
""
""
""
""
""
""
""
""
""
""
""
""
""
""
""
""
""
0.44584042
""
""
""
""
""
""
""
""
""
""
""
""
""
""
""
""
""
""
""
""
""
""
""
""
0.42716131
0.52248645
""
""
""
""
""
""
""
""
""
""
""
""
""
""
""
""
""
""
""
""
""
""
""
""
""
""
""
""
""
""
""
""
""
""
""
""
""
0.47199038
""
""
""
""
0.45157987
""
""
0.39336684
0.50168401
""
""
""
""
""
""
0.53273457
""
""
""
0.62726355
""
""
""
""
""
""
""
0.4505372
0.62514693
""
""
""
""
""
""
""
""
""
""
""
""
""
""
""
""
""
""
""
""
""
""
""
""
0.51907313
""
""
""
""
""
""
""
""
""
""
""
""
""
""
""
""
""
""
""
""
0.40463352
0.635364
""
""
""
""
""
""
""
""
""
""
""
""
""
""
""
""
""
""
""
""
""
""
""
""
""
""
""
""
0.35642624
""
""
""
""
""
""
""
""
""
""
""
""
""
""
""
""
""
""
""
""
""
""
""
""
""
""
""
""
""
""
""
""
""
""
""
""
""
""
""
""
""
""
""
""
""
""
""
""
0.4915067
0.47538731
""
0.38527054
""
""
""
""
""
""
""
""
""
""
""
""
""
""
""
""
0.46713346
""
""
""
""
""
0.54471052
""
0.55525589
""
""
""
0.41266894
0.51316279
""
0.51322711
""
0.48715335
""
""
""
""
""
0.51174051
""
0.3253223
""
""
""
0.6393891
""
0.39692229
""
""
""
""
""
""
""
0.55269372
""
0.54612905
""
0.50756598
0.51480228
""
0.52875084
""
0.43004882
0.30913606
0.43864772
""
0.51544422
0.53129125
""
0.5534113
""
""
""
0.5435518
""
0.53339881
""
0.44371638
""
0.38515049
""
0.67387778
""
0.43343607
0.48885572
""
""
""
""
""
""
""
""
""
""
0.49482653
0.55936462
""
0.57970977
""
""
0.50819725
""
0.53508854
""
0.54268664
""
0.50932497
""
0.56094301
""
0.56092268
0.50100029
""
""
""
0.53822714
0.51808596
0.54473847
""
0.51761556
""
0.52861369
0.45661125
0.61661446
0.61814862
""
""
""
""
0.31748348
0.50412339
""
""
""
""
""
""
""
""
""
""
0.5005883
0.40521502
0.61168224
""
""
""
""
""
0.37984627
0.56442714
0.43599066
0.49864697
""
0.42939132
0.54470283
""
""
0.43535623
""
0.46483237
0.50861573
0.5257048
""
""
""
""
""
""
""
0.40290838
""
""
""
""
""
0.57663804
""
""
""
""
""
0.39407846
""
""
""
0.62625086
""
0.46274546
""
0.5375284
""
0.47145417
""
""
""
""
""
""
""
""
""
""
""
0.32224232
""
0.4094004
""
""
0.33085889
0.37337595
""
""
""
""
""
""
""
0.31408474
""
0.49584562
""
""
""
""
""
""
""
""
""
""
""
""
""
""
""
""
""
0.4126378
""
""
""
""
""
""
""
""
""
""
0.44862783
""
""
0.34550795
""
""
""
""
""
""
""
""
""
""
""
""
""
0.56950438
""
0.30940324
""
""
0.53737521
""
0.49324191
""
""
""
0.50769418
0.35483339
""
""
""
""
0.50676167
""
0.57266814
""
""
""
""
""
0.53981155
0.38470399
0.50287926
""
0.54088169
""
""
""
0.54326671
""
0.49491945
""
0.46577275
""
0.54555303
""
""
0.50958061
""
""
""
0.51709032
""
""
0.40018851
""
""
""
""
""
""
""
""
""
""
""
""
""
""
""
""
""
""
""
""
""
""
""
""
""
""
""
""
""
""
""
0.49642166
""
""
0.57775921
""
""
0.46673861
""
""
""
0.49217683
""
0.37569246
""
""
""
0.60862309
""
""
0.57599407
""
0.52743465
""
""
""
""
0.53974468
""
""
""
""
""
""
""
""
""
""
""
""
""
""
""
""
""
""
""
""
""
""
""
""
""
""
""
""
""
""
""
""
""
""
""
""
""
""
""
""
""
0.57242
""
""
""
""
""
""
""
0.47297704
""
""
""
""
""
""
0.39842644
""
""
""
""
""
""
0.47432524
""
0.51671666
0.54347014
""
""
""
""
""
""
""
""
""
""
""
""
""
""
""
""
""
""
""
""
""
""
""
""
""
""
""
""
""
""
""
""
""
""
""
""
""
0.48318759
""
""
0.40204081
0.46057612
""
""
""
""
0.56159157
0.36851308
""
""
""
""
0.36564842
0.55035079
""
0.54476231
0.46761346
""
0.54487771
""
0.5563882
0.42765889
""
0.51298237
0.50935119
""
0.44435343
0.37921321
""
""
""
""
0.39597923
""
""
""
""
""
""
""
""
""
""
""
""
""
""
""
""
""
""
""
""
""
""
""
""
""
""
""
""
""
""
""
""
0.35584337
""
""
""
0.51706839
0.34889087
""
""
""
0.38075545
""
""
""
""
""
""
""
""
""
""
""
""
""
""
""
""
""
""
""
""
0.51810294
""
0.31910601
""
""
0.55634642
""
""
""
""
""
""
""
""
""
""
""
""
""
""
0.30016628
""
""
""
""
""
""
""
""
""
""
""
0.6361686
""
""
""
0.54778999
""
0.44473788
""
""
""
""
""
""
""
""
""
""
""
""
""
""
""
""
""
""
""
""
""
""
""
""
""
0.45188949
""
0.37921518
""
""
""
0.57861269
""
""
""
""
""
""
0.34790698
""
""
""
""
""
""
""
""
""
""
""
""
""
""
""
""
""
""
""
""
""
""
""
""
""
""
""
""
""
""
""
""
""
""
""
""
""
0.47750425
""
""
""
""
""
""
""
0.50661343
""
0.36753845
""
""
""
0.44720441
""
""
""
""
""
""
""
""
""
""
""
""
""
""
""
""
""
""
""
""
""
""
""
""
""
""
""
""
""
""
""
""
""
""
""
""
""
""
""
""
""
""
""
""
""
""
""
""
""
""
""
""
""
""
""
0.51595002
""
""
""
""
""
0.48503995
""
""
""
""
""
""
""
""
""
""
""
""
""
""
""
""
""
""
""
""
""
""
""
""
""
""
""
""
""
""
""
""
""
""
""
""
0.50850189
""
""
""
""
""
""
""
""
""
""
0.59460354
""
""
0.58518916
""
""
""
""
""
""
""
0.44428444
0.46097672
""
""
""
""
""
""
""
""
""
""
""
""
""
""
""
""
""
""
""
""
""
""
""
""
""
""
""
""
""
0.3737801
""
""
""
""
""
""
""
""
""
""
""
""
""
""
""
""
""
""
""
""
""
""
""
""
""
""
""
""
""
""
""
""
""
""
""
""
""
""
""
""
""
""
""
""
""
""
""
0.41832879
0.35053501
""
""
""
""
""
""
""
""
""
""
""
""
""
""
""
""
""
""
""
""
""
""
""
""
""
""
""
""
""
""
""
""
""
""
""
""
0.56533819
0.44377598
0.45235464
""
0.33079916
""
""
""
0.41008395
0.43764776
0.42746302
0.45683128
0.49397826
""
""
""
""
""
""
""
""
""
""
""
""
""
""
""
""
""
""
""
""
""
""
""
""
""
""
""
""
""
""
""
""
""
""
""
""
""
""
""
""
""
""
""
""
""
""
""
""
""
""
""
""
""
""
""
""
""
""
""
""
""
""
""
""
""
""
""
""
""
""
""
""
""
""
""
""
""
""
""
""
""
""
""
""
""
""
""
""
""
""
""
""
""
""
0.33294618
""
""
""
""
""
""
""
0.58202362
""
""
""
""
""
""
""
""
""
""
""
""
""
""
""
""
""
""
""
""
""
""
""
""
""
""
0.57556355
0.49591753
0.568654
0.42509252
""
""
""
""
""
""
""
0.34296757
""
""
""
""
""
""
""
""
0.42252702
0.49911749
""
""
""
0.55092442
""
""
""
""
""
""
""
""
""
""
""
""
""
""
""
""
""
""
""
""
""
""
""
""
""
""
""
""
""
""
""
""
""
""
""
""
""
""
""
""
""
""
""
""
""
0.51060522
""
""
""
0.6799618
0.52370167
0.58119959
""
""
""
""
""
""
0.49764779
""
""
0.24262078
0.434255
""
""
0.588368
""
""
0.48970681
""
""
""
""
""
""
0.27492765
""
""
""
""
""
""
""
""
""
""
""
""
""
""
""
""
""
""
""
""
""
""
""
""
0.48817107
""
""
""
""
""
""
""
""
""
""
""
""
""
""
""
""
0.57672721
""
""
""
""
""
""
""
""
""
""
""
""
""
""
""
""
""
""
""
""
""
""
0.49542052
""
""
""
""
""
""
""
""
""
""
""
""
""
""
""
""
""
""
""
""
""
""
""
""
""
""
""
""
""
""
""
""
""
0.49279335
""
""
""
""
""
""
0.53023356
""
""
""
""
""
""
0.42558524
0.4595643
""
""
""
""
""
""
""
0.39824724
""
""
""
""
""
""
0.60454756
0.47862768
0.46548381
""
""
0.42156729
""
""
""
""
""
""
""
""
""
""
""
""
""
""
""
0.51620883
""
""
""
""
""
""
""
""
""
""
""
""
""
""
""
""
""
""
""
""
""
""
""
""
""
""
0.49254847
""
""
""
""
""
""
""
""
""
0.40361851
""
""
""
""
""
""
""
""
""
""
""
""
""
""
""
""
""
""
""
""
""
0.43341756
0.39775097
""
""
""
0.48731059
""
""
""
""
0.3593981
""
""
""
0.51572406
""
""
""
""
""
""
""
""
""
""
""
""
""
""
""
""
""
""
""
""
""
""
""
""
""
""
""
""
""
""
""
""
""
""
""
""
""
""
""
""
""
""
""
""
""
""
""
""
""
""
""
""
""
""
""
""
""
""
""
""
""
""
""
""
""
""
""
""
""
""
""
""
""
""
""
""
""
""
""
""
""
""
""
""
""
""
""
""
""
""
""
""
""
""
""
""
""
""
""
""
""
""
""
""
""
""
""
""
""
0.55198246
""
""
0.36277282
""
""
""
""
0.39483958
""
0.39600092
""
0.40535048
""
""
""
""
""
""
0.43352255
""
""
""
0.5075385
""
""
""
""
""
""
""
""
""
""
""
""
""
""
""
""
""
""
""
""
""
""
""
""
""
""
""
""
""
""
""
""
""
""
""
""
0.32774147
""
""
""
""
""
0.38018447
0.44553384
""
""
""
""
""
""
""
""
""
""
""
""
0.54125166
""
""
""
""
""
""
0.44833502
""
""
""
""
""
""
""
""
""
""
""
""
""
""
""
""
""
""
""
""
""
""
""
""
""
""
""
""
""
""
""
""
""
""
""
""
""
""
0.47576487
""
""
""
""
""
""
""
""
""
""
""
""
""
""
""
""
""
""
""
""
""
""
0.45695907
0.50773066
""
""
""
""
""
""
""
""
""
""
""
""
""
""
""
""
""
""
""
""
""
""
""
""
""
""
""
""
""
""
""
""
""
""
""
""
""
""
""
""
""
""
""
""
0.43270966
""
""
""
""
""
""
""
""
""
""
""
""
""
""
""
""
""
""
""
""
""
""
""
""
""
""
""
""
""
""
""
""
""
""
""
""
""
""
""
""
""
""
""
""
""
""
""
""
""
""
""
""
""
""
""
""
""
""
""
""
""
""
""
""
""
""
""
""
""
""
""
""
""
""
""
""
""
""
""
""
""
""
""
""
""
""
""
""
""
""
""
""
""
""
""
""
""
""
""
""
""
""
""
""
""
""
""
""
""
""
""
""
""
""
""
""
""
""
""
""
""
""
""
""
""
""
""
""
""
""
""
""
""
""
""
""
""
""
""
""
""
""
""
""
""
""
""
""
""
""
""
""
""
""
""
""
""
""
""
""
""
""
""
""
""
""
""
""
""
""
""
""
""
""
""
""
""
""
""
""
""
""
""
""
""
""
""
""
""
""
""
""
""
""
""
""
""
""
""
""
""
""
""
""
""
""
""
""
""
""
""
""
""
""
""
""
""
""
""
""
""
""
""
""
""
""
""
""
""
""
""
""
""
""
""
""
""
""
""
""
""
""
""
""
""
""
""
""
""
""
""
""
""
""
""
""
""
""
""
""
""
""
""
""
""
""
""
""
""
""
""
""
""
""
""
""
""
""
""
""
""
""
""
""
""
""
""
""
""
""
""
""
""
""
""
""
""
""
""
""
""
""
""
""
""
""
""
""
""
""
""
0.39683375
""
""
""
""
""
""
""
""
""
""
""
""
""
""
""
""
""
""
""
""
""
""
""
""
""
""
""
0.52855653
""
""
""
""
""
""
""
""
""
""
""
""
""
""
""
""
""
""
""
""
""
""
""
""
""
""
""
""
""
""
""
""
""
""
""
""
""
""
""
""
""
""
""
""
""
""
""
""
""
""
""
""
""
""
""
""
""
""
""
""
""
""
""
""
""
""
""
""
""
""
""
""
""
""
""
""
""
""
""
""
""
""
""
""
""
""
""
""
""
""
""
""
""
""
""
""
""
0.58994091
0.54469281
""
0.59933382
0.54488796
""
""
""
""
0.56445074
""
""
""
""
""
0.48087955
0.3610746
""
0.61567515
0.44118556
0.50606543
0.55474311
0.38847002
0.42309323
0.52071601
0.51662016
""
0.40662444
0.45656595
""
0.33501765
0.3724893
0.37804246
0.46793696
0.38060781
0.51628739
0.51879829
""
""
""
""
""
""
""
0.36304197
0.46201321
0.4088985
0.52069819
0.47715136
0.4703953
0.376064
0.43833461
0.47349843
0.53029078
0.39016306
0.45998767
""
0.56131262
0.52244079
0.40509453
0.56950372
0.47700259
""
""
0.50744545
0.51107037
0.34503451
0.40680978
0.50451148
""
""
""
""
""
""
""
""
""
""
""
""
""
""
""
""
""
""
""
""
""
""
""
""
""
""
""
""
""
""
""
""
""
""
""
""
""
""
""
""
""
""
""
""
""
""
""
""
""
""
""
""
""
""
""
""
""
""
""
""
""
""
""
""
""
""
""
""
""
""
""
""
""
""
""
""
""
""
""
""
""
""
""
""
""
""
""
""
""
""
""
""
""
""
""
""
""
""
""
""
""
""
""
0.41370153
""
""
""
""
""
""
""
0.43593821
""
""
""
""
""
""
""
""
""
""
""
""
""
""
""
""
""
0.37670213
""
""
""
""
""
""
""
""
""
""
""
""
""
""
""
""
""
""
""
""
""
""
""
0.35776922
""
""
""
""
""
""
""
""
""
""
""
""
""
""
""
""
""
""
""
""
""
""
""
""
""
""
""
""
""
""
""
""
""
""
""
""
""
""
""
""
""
""
""
""
""
""
""
""
""
""
""
""
""
""
""
""
""
""
""
""
""
""
""
""
""
""
""
""
""
""
""
""
""
""
""
""
""
""
""
""
""
""
""
""
""
""
""
""
""
""
""
""
""
""
""
""
""
""
""
""
""
""
""
""
""
""
""
""
""
""
""
""
""
""
""
""
""
""
""
""
""
""
""
""
""
""
""
""
""
""
""
""
""
""
""
""
""
""
""
""
""
""
""
""
""
""
""
""
""
""
""
""
""
""
""
""
""
""
""
""
""
""
""
""
""
""
""
""
""
""
""
""
""
""
""
""
""
""
""
""
""
""
""
""
""
""
""
""
""
""
""
""
""
""
""
""
""
""
""
""
""
0.38492975
""
""
""
""
""
""
""
""
""
""
0.40310767
""
""
0.41609764
""
0.25965223
""
""
""
""
""
""
""
""
0.33046991
""
""
""
""
""
0.33379143
""
0.38675666
""
""
""
""
""
""
""
""
""
""
0.46459174
""
""
""
""
0.36313471
""
""
""
""
""
""
""
""
""
""
""
""
""
""
""
""
""
""
""
""
""
""
""
""
""
""
""
""
""
""
""
""
""
""
""
""
""
""
""
""
""
""
""
""
""
""
""
""
""
""
""
""
""
""
""
""
""
""
""
""
""
""
""
""
""
""
""
""
""
""
""
""
""
""
""
""
""
""
""
""
""
""
""
""
""
""
""
""
""
""
""
""
""
""
""
""
""
""
""
""
""
""
""
""
""
""
""
""
""
""
""
""
""
""
""
""
""
""
""
""
""
""
""
""
""
""
""
""
""
""
""
""
""
0.46426389
""
""
""
""
""
""
""
""
""
""
""
""
""
""
""
""
""
""
""
""
""
""
""
""
""
""
""
""
""
""
""
""
""
""
""
""
""
""
""
""
""
""
""
""
""
""
""
""
""
""
""
""
""
""
""
""
""
""
""
""
""
""
""
""
""
""
""
""
""
""
""
""
""
""
""
""
""
""
""
""
""
""
""
""
""
""
""
""
""
""
""
""
""
""
""
""
""
""
""
""
""
""
""
""
""
""
""
""
""
""
""
""
""
""
""
""
""
""
""
""
""
""
""
""
""
""
""
""
""
""
""
""
""
""
""
""
""
""
""
""
""
""
""
""
""
""
""
""
""
""
""
""
""
""
""
""
""
""
""
""
""
""
""
""
""
""
""
""
""
""
""
""
""
""
""
""
""
""
""
""
""
0.35831243
""
""
0.43981379
""
""
""
""
""
""
""
""
""
0.3439061
""
""
""
0.4731451
0.43685263
""
0.39693865
""
""
""
0.51641834
""
""
""
""
""
""
""
""
""
""
""
""
""
""
""
""
""
""
""
""
""
""
0.34979656
""
""
""
""
""
""
""
""
""
""
""
""
""
""
""
""
""
""
""
""
""
""
""
0.48302886
""
""
""
""
""
""
0.38118345
0.40224382
""
""
""
""
""
""
""
""
""
""
""
""
""
""
""
""
""
""
""
""
""
""
""
""
""
""
""
""
""
""
""
""
""
""
""
""
""
""
""
""
""
""
""
""
""
""
""
""
""
""
""
""
""
""
""
""
""
""
""
""
""
""
""
""
""
""
""
""
""
""
""
""
""
""
""
""
""
""
""
""
""
""
""
""
""
""
""
""
""
""
""
""
""
""
""
""
""
""
""
""
""
""
""
""
""
""
""
0.49127218
""
""
""
""
""
""
""
""
""
""
""
""
""
""
""
""
""
""
""
""
""
""
""
""
""
""
""
""
""
""
""
""
""
""
""
""
""
""
""
""
""
""
""
""
""
""
""
""
0.25824693
""
""
""
""
""
""
""
""
""
""
""
""
""
""
""
""
""
""
""
""
""
""
""
""
""
""
""
""
""
""
""
""
""
""
""
""
""
""
""
""
""
""
""
""
""
""
""
""
""
""
""
""
""
""
""
""
""
""
""
""
""
""
""
""
""
""
""
""
""
""
""
""
""
""
""
""
""
""
""
""
""
0.62539124
""
0.41869536
""
""
""
""
""
0.56663895
""
0.38917583
0.45852545
0.46145332
0.5343765
0.51036054
0.51187164
0.56822145
0.47936615
0.55333686
""
0.5121299
0.58991957
0.32750851
0.53753102
0.43782231
0.4449532
0.38005191
0.33426264
""
""
""
""
""
""
""
""
""
""
""
""
""
""
""
""
""
""
""
""
""
""
""
""
""
""
""
""
""
""
""
""
""
""
""
""
""
""
""
0.44920352
""
""
""
""
""
""
""
""
""
""
""
""
""
""
""
""
""
""
""
""
""
""
""
""
""
""
""
""
""
""
""
""
""
""
""
""
""
""
""
""
""
""
""
""
""
""
""
""
""
""
""
""
""
""
""
""
""
""
""
""
""
""
""
""
""
""
""
""
""
""
""
""
""
""
""
""
""
""
""
""
""
""
""
""
""
""
""
""
""
""
""
""
""
""
""
""
""
""
""
""
""
""
""
""
""
""
""
""
""
""
""
""
""
""
""
""
""
""
""
""
""
""
""
""
""
""
""
""
""
""
""
""
""
""
""
""
""
""
""
""
0.34962934
""
""
""
""
""
""
""
""
""
""
""
""
""
""
""
""
""
""
""
""
""
""
""
""
""
""
""
""
""
""
""
""
""
""
""
""
""
""
""
""
""
""
""
""
""
""
""
""
""
""
""
""
""
""
""
""
""
""
""
""
""
""
""
""
""
""
""
""
""
""
""
""
""
""
""
""
""
""
""
""
""
""
""
""
""
""
""
""
""
""
""
""
""
""
""
""
""
""
""
""
""
""
""
""
""
""
""
""
""
""
""
""
""
""
""
""
""
""
""
""
""
""
""
""
""
""
""
""
""
""
""
""
""
""
""
""
""
""
""
""
""
""
""
""
""
""
""
""
""
""
""
""
""
""
""
""
""
""
""
""
""
""
""
""
""
""
""
""
""
""
""
""
""
""
""
""
""
""
""
""
""
""
""
""
""
""
""
""
""
""
""
""
""
""
""
""
""
""
""
""
""
""
""
""
""
0.41357389
""
0.39939517
""
""
""
""
""
""
""
""
""
""
""
""
""
""
""
""
""
""
""
0.46087712
""
""
""
""
""
0.42141613
0.40135092
""
""
""
""
""
""
""
""
""
""
""
""
""
""
""
""
""
""
""
""
""
""
""
""
""
""
""
""
""
""
""
""
""
""
""
""
""
""
""
""
""
""
""
""
""
""
""
""
""
""
""
""
0.40462196
""
0.42016047
""
0.41126272
0.37138605
""
""
""
""
""
""
""
""
""
""
""
""
""
""
""
0.42322066
""
""
""
""
""
0.54441386
""
""
""
""
""
""
""
""
""
""
""
""
""
""
""
""
""
""
""
""
""
""
""
""
""
""
""
""
""
""
""
""
0.50307447
""
""
""
""
""
""
""
""
""
""
""
""
""
""
""
""
""
""
""
""
""
""
""
""
""
""
""
""
""
""
""
""
""
""
""
""
""
""
""
""
""
""
""
""
""
""
""
""
""
""
0.54616845
""
""
""
0.54020214
0.5036248
""
""
""
""
""
""
""
""
""
""
0.54803598
0.52236921
0.44251245
""
""
""
""
""
""
""
""
""
""
""
""
""
""
""
""
""
""
""
""
""
""
""
""
""
""
""
""
""
""
""
""
""
""
""
""
""
""
""
""
""
""
""
""
""
""
""
""
""
""
""
""
""
""
""
""
""
""
""
""
""
""
""
""
""
""
""
""
""
""
""
""
""
""
""
""
""
""
""
""
""
""
""
""
""
""
""
""
""
""
""
""
""
""
0.38255662
""
""
""
""
""
""
""
""
""
""
""
""
""
""
""
""
""
""
""
""
""
""
""
""
""
""
""
""
""
""
""
""
""
""
""
""
0.40962076
""
""
0.55552483
0.47913009
""
""
""
""
0.45184872
""
""
""
0.45269111
""
""
""
""
""
""
""
""
""
""
""
""
""
""
""
""
""
""
""
""
""
""
""
""
""
""
""
""
""
""
""
""
""
""
""
""
""
""
""
""
""
""
""
""
""
""
""
""
""
""
""
""
""
""
""
""
""
""
""
""
""
""
""
""
""
""
""
""
""
""
""
""
""
""
""
""
""
""
""
""
""
""
""
""
""
""
""
""
""
""
""
0.43480009
""
""
""
""
0.54708964
""
""
""
""
""
""
""
""
""
""
""
0.54993749
""
""
""
""
""
""
""
""
""
""
""
""
0.47593445
""
""
""
""
""
""
""
""
""
0.39397198
""
""
""
0.4579367
0.47931471
0.38556141
""
""
""
0.3905758
""
""
""
""
""
0.34029391
""
""
""
""
""
""
""
""
""
""
""
""
""
""
""
""
""
""
""
""
""
0.30226609
""
""
""
""
""
""
""
""
""
""
""
""
""
""
""
""
""
""
""
""
""
""
""
""
""
""
""
""
""
""
""
""
""
""
""
""
""
""
""
""
""
""
""
""
""
""
""
""
""
""
""
""
""
""
""
""
""
""
""
""
""
""
""
""
""
""
""
""
""
""
""
0.46072289
""
""
""
""
""
""
""
""
""
""
""
""
""
""
""
""
""
""
""
""
""
""
0.49355072
""
0.4967674
""
""
""
0.52610344
""
""
""
""
0.5561015
""
""
""
""
""
""
""
""
""
""
""
""
""
""
""
""
""
""
""
""
""
""
""
""
""
""
""
""
""
""
""
0.44723532
""
""
""
""
""
""
0.39508283
""
""
""
""
""
""
""
""
""
""
""
""
""
""
""
0.41089237
""
""
""
""
""
0.22063571
0.45176539
""
""
""
""
""
""
""
0.3681297
0.49913266
0.41581005
""
""
""
""
""
""
""
""
""
""
""
""
""
""
""
""
""
""
""
""
""
""
""
""
""
""
""
""
""
""
""
0.4892073
""
""
""
""
""
""
""
""
""
""
""
""
""
""
0.53813624
""
""
""
""
""
""
""
""
""
""
""
""
""
""
""
""
""
""
""
""
""
""
""
""
""
""
""
""
""
0.51237363
""
""
""
""
""
""
""
""
""
""
""
""
""
""
""
""
""
""
""
""
""
""
""
""
""
""
""
""
""
""
""
""
""
""
""
""
""
""
""
""
""
""
""
""
""
""
""
""
""
""
""
""
""
""
""
""
""
""
""
""
""
""
""
""
""
""
""
""
""
""
""
""
""
""
""
""
""
""
""
""
""
""
""
""
""
""
""
""
""
""
""
""
""
""
""
""
""
""
""
""
""
""
""
""
""
""
""
""
""
""
""
""
""
""
""
""
""
""
""
""
""
""
""
""
""
""
""
""
""
""
""
""
""
""
""
""
""
""
""
""
""
""
""
""
""
""
""
""
""
""
""
""
""
""
""
""
""
""
""
""
""
""
""
""
""
""
""
""
""
""
""
""
""
""
""
""
""
""
""
""
""
""
""
""
""
""
""
""
""
""
""
""
""
""
""
""
""
""
""
0.43563467
""
""
""
""
""
""
""
""
""
""
""
""
""
""
""
""
0.44792858
""
""
""
""
""
""
0.2513549
""
""
""
""
""
""
""
""
""
""
""
""
""
""
""
""
""
""
""
""
""
""
""
""
""
""
""
""
""
""
""
""
""
""
""
""
""
""
""
""
""
0.42082375
""
""
""
""
""
""
""
""
""
""
""
""
""
""
""
""
""
""
""
""
""
""
""
""
""
""
""
""
""
""
""
""
""
""
""
""
""
""
""
""
""
""
""
""
""
""
""
""
""
""
""
""
""
""
""
""
""
""
""
""
""
""
0.41946977
""
""
""
""
""
""
""
""
""
""
""
""
""
""
""
""
""
""
0.44768715
""
""
""
""
""
""
""
""
""
""
""
""
""
""
""
""
""
""
""
""
""
""
""
""
""
""
""
""
""
""
""
""
""
""
""
""
""
""
""
""
""
""
""
""
""
""
""
""
""
""
""
""
""
""
""
""
""
""
""
""
""
""
""
""
""
""
""
""
""
""
""
""
""
""
""
""
""
""
""
""
0.45524907
""
""
""
""
""
""
""
""
""
""
""
""
""
""
0.47788739
""
""
""
""
""
""
""
""
""
""
""
""
""
""
""
0.5492968
""
""
""
""
""
""
""
""
""
""
""
""
""
""
""
""
""
""
""
""
""
""
""
""
""
""
""
""
""
""
0.36185074
""
""
""
""
""
""
""
""
""
""
""
""
""
""
""
""
""
""
""
""
""
""
""
""
""
""
""
""
""
""
""
""
""
""
""
""
""
""
""
""
""
""
""
""
""
""
""
""
""
""
""
""
""
""
""
""
""
""
""
""
""
""
""
0.5122574
""
""
""
0.37884644
0.37657234
""
""
0.34129047
""
""
""
""
""
""
""
""
""
""
""
""
""
""
""
""
""
""
""
""
""
""
""
""
""
""
""
""
""
""
""
""
0.64926702
""
0.32266089
""
""
""
""
""
""
""
""
""
""
""
""
""
""
""
""
""
""
""
0.3824468
0.36915284
""
0.36959293
0.38762906
0.46759397
""
""
""
""
""
""
""
""
""
""
""
""
""
""
""
""
""
""
""
""
0.37889671
0.37306803
""
""
""
""
""
""
""
""
""
""
""
0.35187027
""
""
""
0.27367511
0.53803664
""
0.37395847
0.358549
""
""
0.31558132
0.54958361
""
""
0.34140807
""
0.26466641
0.40785688
""
""
""
""
""
0.31129822
""
""
0.64086175
""
""
""
""
""
""
""
""
""
""
""
""
0.56283534
0.39980742
""
""
""
0.45716923
0.45337513
0.5112763
""
""
""
""
""
""
""
""
""
""
""
""
""
""
""
""
0.40460315
0.49688256
0.39269045
""
0.45777076
""
0.40564293
""
0.52526408
""
0.52411902
""
""
0.62349296
0.51881361
0.4288516
0.37686083
0.44173488
0.51346719
0.53811979
0.4988502
""
""
0.44299647
""
0.54397678
""
""
""
""
""
""
""
0.45530778
""
0.42190379
""
0.5055747
0.44800955
""
0.4467473
0.50098455
0.52550822
""
0.33818001
0.33111992
""
""
""
0.31957233
""
0.39723092
0.34196669
0.30905196
""
""
""
""
""
""
""
""
""
""
""
""
""
""
""
0.62007242
""
0.59188044
""
0.51650798
""
""
0.59742302
0.47400951
""
""
""
0.36970714
""
""
""
0.39834833
""
0.31086352
""
0.4688684
0.45862442
0.47783667
0.46791515
""
""
""
0.51202863
0.49803478
0.36022076
""
0.42961806
""
""
""
0.47684887
""
""
""
0.46943215
""
0.37040627
""
""
0.35351518
0.56049216
""
""
0.35854584
0.5323177
""
""
""
""
0.45338804
""
0.47514203
0.43068758
0.49776301
""
0.50041658
0.41808385
0.52028716
0.59942657
0.51779079
0.40842047
""
""
0.65189987
""
0.47887459
0.46339083
""
0.52813727
0.4208684
""
""
""
""
""
""
""
""
""
""
""
""
""
""
""
0.56498355
""
0.44824749
0.50158989
""
""
""
""
""
""
""
""
""
""
""
""
""
""
""
""
""
""
""
""
""
""
""
""
""
""
""
""
""
""
""
""
""
""
""
""
""
""
""
""
""
""
""
""
""
""
""
0.50027388
""
0.4120138
0.56249601
0.37923878
0.71677518
0.52588528
0.60243309
""
""
""
""
0.65011501
""
""
""
0.41798112
""
""
""
0.45680812
0.46699724
""
0.43618074
""
0.48809493
""
""
""
""
""
0.60382509
""
""
""
""
""
""
""
""
""
""
""
""
""
""
""
""
""
""
""
""
""
""
""
""
""
""
""
""
""
""
""
""
""
""
""
""
""
""
""
""
""
""
""
""
""
""
""
""
""
""
""
""
""
0.35422644
""
0.46704727
0.49183843
""
0.47235334
""
0.51253515
0.29546356
""
""
""
""
""
""
""
""
""
""
""
""
""
""
""
0.46873116
""
""
""
0.41157532
""
""
0.33528268
0.45785502
""
""
""
0.44535223
""
""
""
""
0.47508898
""
""
""
""
""
""
""
""
""
""
""
""
""
""
""
""
""
""
""
""
""
""
""
""
0.47331607
""
""
0.51585597
""
""
""
""
""
""
""
""
""
""
""
""
""
""
""
""
""
""
""
""
""
0.59111518
0.46457902
0.38953406
0.58510315
0.5066452
0.46244362
0.61137843
0.52587819
0.40406126
""
""
""
""
""
""
""
""
""
0.47750312
""
0.44803944
""
""
0.42868349
""
""
""
""
""
""
""
""
""
""
""
""
""
""
""
""
""
0.43801463
""
""
""
""
""
""
0.59165978
0.40291628
""
0.5089336
0.4469716
""
""
""
""
0.54832888
""
""
""
""
""
""
""
""
""
""
""
""
""
""
""
""
""
""
""
""
""
""
""
""
""
""
""
""
""
""
""
""
""
""
""
""
""
0.38534129
0.50606197
""
""
""
""
""
""
""
""
""
""
""
""
""
""
""
""
""
""
""
""
""
""
""
""
""
""
""
""
""
""
""
""
""
""
""
""
""
""
""
""
""
""
""
""
""
""
""
""
""
""
""
""
""
""
""
""
""
""
""
""
""
""
""
""
""
""
""
""
0.47849694
""
""
""
""
""
""
""
""
""
""
""
""
""
""
""
""
""
""
""
""
""
""
""
""
""
""
""
""
""
""
""
""
""
""
""
""
""
""
""
""
""
""
""
""
""
""
""
""
""
""
""
""
""
""
""
""
""
""
""
""
""
""
""
""
""
""
""
0.33230859
""
0.32077155
""
""
""
""
""
""
""
""
""
""
""
""
""
""
""
""
""
""
""
""
""
""
""
""
""
""
""
""
""
""
""
""
""
""
""
""
""
""
""
""
""
""
""
""
0.40608132
""
""
0.39265734
""
""
0.4496133
""
""
""
""
""
""
""
""
0.51920652
""
""
""
""
""
""
""
""
""
""
""
""
""
""
""
""
0.43585068
0.47985765
""
""
""
""
""
""
""
""
""
""
""
""
0.46029317
""
""
0.27739558
0.45503634
""
0.39670065
0.39161777
""
""
""
0.44583002
""
""
""
""
""
""
""
""
""
""
""
""
0.46586576
0.31939059
""
0.50128287
""
""
0.49952418
0.38918251
""
""
""
""
""
""
""
""
""
""
0.36274454
""
""
""
""
""
""
""
""
""
""
""
""
""
""
""
""
""
""
""
0.40560207
""
""
""
""
""
0.25727153
""
""
""
""
""
""
""
""
""
""
""
0.28706104
""
0.35674557
""
""
""
""
""
""
""
""
""
""
""
""
""
""
""
""
""
""
""
""
""
""
""
""
""
""
""
""
""
""
""
""
""
0.44436982
""
""
0.4450447
""
""
""
""
""
""
""
""
""
""
""
""
""
""
""
""
""
""
""
0.37334508
""
""
""
""
""
""
""
""
0.39309311
""
0.44803125
0.37151787
0.48556983
""
""
""
""
""
""
""
""
""
""
""
""
""
""
""
""
0.47307003
""
""
""
""
""
""
""
0.58626205
""
""
""
""
""
""
""
""
""
""
""
""
""
""
""
""
""
""
""
""
0.31307688
""
""
""
""
""
""
""
""
""
""
""
""
""
""
0.35395882
""
""
""
0.38363713
""
""
""
""
""
""
""
""
""
""
""
""
""
""
""
""
""
""
""
""
""
""
""
""
""
""
""
""
""
""
""
""
""
""
""
""
""
""
""
""
""
""
""
""
""
""
""
""
""
""
""
""
""
""
""
""
""
""
""
""
""
""
""
""
0.56950957
""
""
""
""
""
""
""
""
""
""
""
""
""
""
""
""
""
""
""
""
""
""
""
""
""
""
""
""
""
""
""
""
""
""
""
""
""
""
""
""
""
""
""
""
""
""
""
""
""
""
""
""
""
""
""
""
""
""
""
""
""
""
""
0.47913703
""
""
""
""
""
""
""
""
""
0.48832375
""
""
""
0.40048248
""
""
""
""
""
""
""
""
""
""
0.42178082
0.38851702
""
0.34058687
0.44684005
0.48713955
0.31158397
""
0.5106442
""
""
""
""
0.26958808
""
0.26350588
""
0.33115292
""
0.33723316
""
""
""
""
""
""
""
0.396153
""
""
""
""
0.43536103
""
""
""
""
""
""
""
""
""
""
""
0.37178326
""
""
""
""
""
""
""
""
""
""
""
""
""
""
""
""
""
""
""
""
""
""
""
""
""
""
""
""
""
""
""
""
""
""
""
""
""
""
""
""
""
0.37408942
""
""
""
""
""
""
""
""
""
0.46615389
""
""
""
0.32599998
0.51273173
0.38552326
""
""
0.48492748
""
""
0.40645379
""
""
""
""
""
0.49632221
""
""
""
""
""
0.50868911
0.40676934
0.48212618
0.44790748
""
0.43576089
0.39976484
""
0.47126523
""
""
""
""
""
""
""
""
""
""
""
""
""
""
""
""
""
""
""
""
""
""
""
""
""
""
""
""
""
""
""
""
""
""
0.32895002
""
0.46545884
""
0.34558913
""
""
0.42575514
0.4119288
""
""
""
""
""
""
""
""
""
""
""
""
""
""
""
""
""
""
""
""
""
""
""
""
""
""
""
""
""
""
""
""
""
""
""
""
""
""
""
""
""
""
""
""
""
""
""
""
""
""
""
""
""
""
""
""
""
""
""
""
""
""
""
""
""
""
""
""
""
""
""
""
0.44719222
0.40043259
""
""
""
""
""
""
""
""
""
""
""
""
""
""
""
""
""
""
""
""
""
""
""
""
""
""
""
""
""
""
""
""
0.39213783
0.3320097
0.37484664
""
""
0.45498359
""
""
""
""
""
""
""
""
""
""
""
""
""
""
""
""
""
""
""
""
""
""
""
""
""
""
""
""
""
""
""
""
""
""
0.31843069
""
""
""
""
""
""
""
""
""
""
""
""
0.36199561
""
""
""
""
""
""
""
""
""
""
""
""
""
""
""
""
""
""
""
""
""
""
""
""
""
""
""
""
""
""
""
0.35643032
""
""
""
""
""
""
""
""
""
""
""
""
""
0.40571365
""
""
""
""
""
""
0.39107957
0.36749783
0.41364336
0.33365735
""
""
0.39416313
""
""
""
""
0.35991633
0.27857611
0.31228337
0.33146074
""
""
0.28566185
""
""
0.33276048
""
""
""
""
""
""
""
""
""
""
""
""
""
""
""
""
""
""
""
""
""
""
""
""
""
""
0.46937653
""
""
""
""
""
0.33748695
""
""
""
""
""
""
""
""
""
""
""
""
""
""
""
""
""
""
""
""
0.39863452
""
""
""
""
""
""
""
""
""
""
""
""
""
""
""
""
0.42028755
0.41426632
""
""
""
""
""
""
0.36374485
""
""
""
""
""
""
""
""
""
""
""
""
""
""
""
""
""
""
""
""
""
0.39409623
0.37503487
""
0.42401013
""
""
""
""
""
""
""
""
""
""
0.44652966
""
""
""
""
0.37904015
0.33768791
""
""
0.47898239
""
0.45644411
""
""
""
""
""
""
""
""
""
""
""
""
""
""
""
""
""
""
""
""
""
""
""
""
""
""
""
""
""
""
""
""
""
""
""
""
""
""
""
""
""
""
""
""
""
""
""
""
""
""
""
""
""
""
""
""
""
""
""
""
""
""
""
""
""
""
""
""
0.56055522
""
""
""
""
""
""
""
""
0.32264099
""
""
0.45463696
""
""
""
""
""
""
""
""
""
""
""
""
""
""
""
""
""
""
""
""
""
""
""
""
""
""
""
""
""
""
""
""
""
""
""
""
""
""
""
""
""
""
""
""
""
0.34146202
""
""
""
""
""
""
""
""
""
""
""
""
""
""
""
""
""
""
""
""
""
""
""
""
""
""
""
""
""
""
""
""
""
""
""
""
""
""
""
""
""
""
""
""
""
""
""
""
""
""
""
""
""
""
""
""
""
""
""
""
""
""
""
""
""
""
""
""
""
""
""
""
""
""
""
""
""
""
""
""
""
""
""
""
""
""
""
""
""
""
""
""
""
""
""
""
""
""
""
""
""
""
""
""
""
""
""
""
""
""
""
""
""
""
""
""
""
""
""
""
""
""
""
""
""
""
""
""
""
""
""
""
""
""
""
""
""
""
""
""
""
""
""
""
""
""
""
""
""
""
""
0.41234091
""
""
""
""
""
""
""
""
""
""
""
""
""
""
""
""
0.61749738
0.52253187
0.43378428
0.51622427
0.5227704
""
""
""
""
0.47148779
0.54260838
0.47647354
""
""
""
0.44366878
0.43257475
""
""
""
""
""
0.43210155
""
""
""
""
0.59262139
""
0.4433305
0.47438788
0.36226514
0.40338993
0.54813576
0.49637631
""
""
""
""
0.54046077
0.39561027
""
""
""
""
0.3763378
0.37910378
""
0.52155405
""
""
0.48514539
""
0.54011327
""
0.65152419
""
""
0.56035185
0.4303599
0.455497
0.66924864
""
0.57997119
0.42883742
0.5803476
0.46904752
0.44485405
0.5499351
""
0.56057161
""
""
""
""
""
0.4069576
0.42989966
0.5112083
0.39267966
""
0.47640845
0.38595545
0.51003402
0.54103607
0.48138031
0.4574433
0.44141263
0.48424038
""
0.46634474
0.54314715
""
""
0.40102506
0.49293324
""
""
""
""
""
0.46158871
""
""
0.38679692
0.38436347
""
0.3841458
0.4027164
0.36593318
0.45692372
0.35112718
""
""
0.3286438
0.44470882
0.62748837
""
0.57512605
0.43072018
0.4376761
0.469006
""
0.41605496
0.46617714
0.43224618
0.44449219
0.55067307
""
""
""
0.4086864
""
0.4408029
0.45049453
0.45039713
0.52918571
0.56032217
0.47453696
0.42587924
0.47040242
0.54142869
0.53290647
0.65243375
0.49892819
0.55347127
0.61585611
0.56567866
""
""
""
0.52537072
""
0.57549888
0.55289012
0.48502392
0.48032677
""
0.57356662
0.50854588
""
0.48398378
""
0.38279837
0.42255041
0.44874528
0.51804966
0.52341306
0.44350299
0.49185246
0.45672867
0.50069821
0.4494746
0.43020388
0.50385755
0.58338392
""
""
0.48402455
0.41857091
0.44897112
0.5363732
""
0.5328663
""
0.52800375
0.58640927
0.498173
0.51120549
0.55575073
0.41995552
""
0.48599628
0.37295291
0.47584254
""
0.55564398
0.47135565
0.48333466
0.44297853
""
0.42944747
""
""
0.57303971
0.42713642
""
""
""
0.59461653
""
0.57718271
0.53195274
0.55485326
0.5605377
""
0.59214091
0.50158608
0.556373
0.50763202
""
0.53130907
0.3691763
0.53301424
""
0.58447725
""
""
""
0.47280458
0.44060677
""
0.49332732
0.50030941
0.51185465
0.52138144
""
""
""
""
""
0.42139405
""
0.40628186
0.36229306
""
""
0.61023897
0.56773013
0.4530341
0.4633975
0.45159149
0.51745868
""
""
0.4646796
0.57674539
""
""
""
""
""
""
0.52433598
0.46432242
0.52094918
0.46715337
0.42110243
""
""
0.61324042
0.42922813
""
""
""
""
""
""
""
""
0.58506155
0.58029073
""
0.48462784
""
""
""
""
""
""
""
0.4956288
0.47955018
0.44596884
""
0.48983222
""
""
""
""
0.61669648
""
0.44727972
0.40440953
0.49488604
0.50882691
0.51299411
0.39305729
0.57426077
0.35508007
0.49588555
0.50690192
0.37922019
""
""
0.45605457
""
""
""
""
""
0.46252745
""
""
""
0.62897491
""
""
0.69725549
0.5622471
0.55092579
""
0.67618632
0.50172037
""
0.62795246
""
""
0.59489131
""
""
0.36646888
0.41209522
0.35691801
""
0.51170272
0.59907681
""
""
0.4971846
""
""
""
0.55145013
""
""
0.68386096
0.56762636
""
""
""
""
0.53468597
0.4290193
0.37396717
0.55379045
""
0.57117379
0.46543545
""
0.48591569
0.45558456
""
""
""
""
""
0.54061222
""
""
0.51033306
0.53272176
0.59325218
0.52911651
0.57939833
0.45675933
0.43147254
0.46256834
0.49476349
""
0.53372413
0.52972549
0.45764312
0.44733334
0.43684238
""
0.47904798
0.38473749
0.5302856
0.47678155
0.54517317
0.55527818
0.54001969
0.61687565
0.53470606
0.56341201
0.59913349
0.50258213
""
""
""
""
""
0.49235138
""
0.47359532
""
""
0.52103907
""
0.37291968
0.38313904
""
""
0.31179857
""
""
0.52967203
""
0.46716294
""
""
0.36304086
""
""
""
""
""
0.34715316
0.34514746
0.51527613
0.37144038
0.40066791
0.39449611
""
""
""
0.38322723
""
""
""
""
""
""
""
""
""
""
0.45796579
""
0.35004923
""
""
0.38817796
0.35036385
""
""
0.31623596
0.4314115
""
""
""
""
0.46943817
0.37816155
0.40928176
0.31747952
""
""
0.49419421
0.41869867
""
""
0.36564028
0.46490633
0.28665966
""
0.33941004
0.36577025
0.31204781
""
""
0.42633119
""
0.35908937
""
0.47901225
""
0.35305026
""
0.5140295
""
""
""
""
""
""
0.57077503
0.44275653
""
""
""
0.48499423
0.37791616
0.44182083
0.47765654
0.52551454
""
""
0.40135777
""
0.44095454
0.44008386
0.51054788
0.33220118
0.39180604
""
""
""
""
0.47231689
0.52978009
0.53196114
""
""
0.49886411
0.45920688
""
0.50114262
0.38875109
0.47549951
""
0.42475834
0.43410343
""
""
0.35016173
0.47293028
0.48592848
0.41691321
0.4712016
0.54982215
0.5357247
0.47628009
0.54842842
0.5809046
0.47240293
0.40827611
0.33675745
""
0.48473462
0.46948662
0.5481813
0.44092602
0.45089531
""
0.5458864
0.56660241
0.4599067
0.46929982
0.56310499
0.50299329
""
0.46480912
""
0.45552602
""
0.53371906
0.55422944
0.46536052
0.54772431
0.39452657
0.45714182
""
""
""
0.64020878
0.44188339
0.54022521
0.43925679
0.44000721
0.40275455
""
0.42741936
""
0.59532869
0.48224422
0.51490635
""
0.52298057
""
""
""
""
""
0.49444133
0.51333535
0.45063391
0.41981626
0.3975122
""
0.36598286
""
0.4689554
""
0.5929721
0.30292654
""
""
0.44730285
0.44138062
""
""
""
""
""
0.42340887
0.46372262
0.49676099
""
""
""
0.60509139
""
0.55753976
0.5297811
0.56527728
""
""
0.49730155
0.46198484
""
""
""
0.44519657
0.37928557
0.55644637
0.60714459
0.60525
0.55848551
0.46135351
0.59619546
""
""
0.29493734
""
""
0.54830325
""
""
""
0.40192291
0.40359941
0.412707
0.40393978
0.46273971
0.51271254
0.54462671
0.58352995
0.46830824
0.55336499
0.36298501
0.51905555
0.42084822
0.51095849
0.60176492
0.44669628
0.61880732
0.40152615
""
0.60217899
""
0.4262031
0.44005343
0.45352846
0.50356466
0.38044301
0.41797492
0.43552643
0.56623685
""
0.53680819
0.37195665
""
""
0.40432227
0.45090437
0.42621896
0.52451348
""
""
""
0.46936047
0.36935973
""
0.48746973
0.43590012
""
0.61275238
0.4848384
0.45471796
0.66114873
0.49052832
""
""
""
0.70440739
0.50624233
0.44646469
0.51241046
""
0.45969889
0.4973436
0.50941879
0.47507587
""
0.49519891
""
0.45362639
0.44485289
0.55550164
0.46177325
0.41890311
0.40540984
0.48437077
""
0.37532875
0.49344778
0.40920553
0.28117767
0.51290298
""
0.61998385
""
0.49385485
0.52130944
0.35346624
0.53319758
0.49088284
0.48654327
""
""
0.52820981
0.38047886
""
""
0.52400416
0.51436168
0.52795583
0.597983
0.41313136
0.48836634
0.57775617
0.40636963
0.52756202
0.52705514
0.56183863
0.5311712
0.50722778
""
""
0.58530957
0.58792049
0.50803107
""
0.52430177
0.63323873
""
""
0.55412287
0.49864727
0.63567621
0.58306283
0.610084
""
""
0.45930767
0.51171064
0.45409331
0.3958098
""
0.38715729
""
0.43787715
0.45683947
0.55033904
0.42760435
0.53601527
0.47829309
0.44568977
0.56375575
0.54873401
0.54510742
""
0.60464031
""
0.36804315
""
""
""
""
""
0.38040832
""
""
""
""
""
""
""
""
""
""
0.41925094
""
0.48017821
0.37910736
0.40774876
""
""
""
0.39769286
""
""
0.481563
0.42293581
0.48738396
0.49315634
0.57470673
""
0.5545004
""
0.50942916
0.38398367
0.32955003
0.44762644
0.50562859
0.3870936
""
""
0.59673721
0.33201152
""
""
0.48297614
0.45424482
0.40516895
0.43979573
""
""
""
""
0.47715795
""
0.37271422
""
0.49751034
0.44928703
0.33747539
0.46286219
""
0.47557452
0.51245868
""
0.5130493
0.50387317
0.4650245
0.36940309
0.46395317
0.61332864
""
0.50879872
""
0.41497993
0.39710382
0.49165136
""
""
0.48014438
0.39070693
0.46356779
0.49228793
0.57225275
""
0.45190528
0.43840355
0.57692564
0.53856164
""
0.49526563
0.45207629
""
0.45982087
0.4174459
0.35377815
0.46047613
0.34737647
0.45504782
0.49016532
0.44820449
0.60645437
""
0.50789571
0.51499254
0.41538715
0.46651295
0.56216568
""
0.46575832
0.48728997
""
""
0.53464204
0.46000326
""
0.58986318
""
0.5077799
0.57665068
0.45669064
0.53723752
0.48731032
0.60819674
0.61026138
0.53853166
0.54491383
0.61234748
0.43955681
0.48814157
0.49704328
""
0.32151976
0.42154443
""
""
0.68120927
""
""
0.3991906
0.48593801
0.48506951
0.52839148
0.49323878
""
0.47449559
0.60498112
0.45553702
0.57313532
0.59532577
0.55671638
0.51782209
""
""
0.61243618
""
0.49983257
0.40091735
""
0.50532091
0.54164338
0.53753525
0.52759469
0.37665725
0.30331677
0.40747425
""
""
0.27330363
0.42991269
0.42794633
0.40470305
0.38629609
0.34325859
0.56259871
0.68577558
0.45263216
0.46880832
0.505328
0.44155198
""
0.42668751
0.41896468
0.53185004
0.41765565
0.48747969
0.61442101
0.5451498
""
0.47241387
0.53618675
0.53132629
0.54299939
""
0.60057986
0.43152305
0.54654896
""
""
""
""
0.48701292
""
""
""
""
""
0.52469999
0.53303814
0.54104072
""
0.41855842
0.39828789
0.47334325
0.44158021
0.4777416
0.51764172
0.54790682
0.3482855
0.41376251
""
0.4913865
""
0.53022909
""
""
""
""
""
""
""
""
""
""
""
0.53754699
""
""
""
""
""
""
0.38841048
0.4009167
0.47820354
""
0.46611121
0.38719741
0.46171036
""
""
""
0.47209543
0.30988255
""
""
""
""
""
0.52832305
""
0.24863812
""
0.39440173
""
0.45809355
""
0.54807663
0.43614215
""
0.54213333
""
0.46779966
""
0.46532965
0.49087951
0.61826515
0.64234114
""
0.60984391
0.49410385
0.45289522
0.35805613
0.44017339
0.42461491
0.47702774
0.41157719
0.51160991
0.44763654
0.38424689
""
0.60140026
0.60385424
""
""
""
0.59413236
0.56509358
""
0.4182404
0.49249274
0.41145349
0.51264286
""
""
0.46429813
""
0.47045019
""
""
""
""
""
""
""
""
0.52109015
0.56206512
""
0.42584613
""
0.62254936
""
0.39392945
""
0.59007174
0.48458886
""
""
0.55067933
""
""
""
""
0.43585122
0.44228297
""
""
0.61099786
""
0.53402799
""
0.53126591
""
0.57361299
""
""
0.52200371
""
""
""
0.54057992
""
""
0.38385928
0.45263767
0.47252238
0.55310184
""
0.48950544
""
0.47860903
""
0.51202118
0.50228477
""
0.57375997
0.5311904
""
0.4924446
""
0.3750377
""
0.45123565
""
""
0.51651877
""
""
""
""
0.59465921
""
""
""
""
""
""
""
""
""
""
0.43203476
0.44907784
""
0.49846795
0.46621987
""
""
0.48018217
0.57157052
0.55902886
0.45748511
""
""
0.47454703
0.59671265
""
""
""
""
""
0.57713211
""
""
""
0.27513748
""
""
0.45054865
0.3608163
""
""
""
""
""
""
""
""
""
""
""
""
""
""
0.49363306
0.57726967
""
""
0.3417114
0.47947359
0.36084175
0.49833092
""
0.53020203
0.55221677
0.57505459
0.48658636
0.56636304
0.50079519
0.48717335
0.38867301
0.65017718
0.50300699
0.45744437
0.47055122
""
""
0.42821142
0.5219323
0.54952246
""
""
0.42383265
0.46091864
0.45912707
""
""
""
0.45665231
""
""
""
""
0.45767623
0.43489572
0.55245352
""
0.48729712
""
""
""
""
""
""
""
0.57868457
""
0.47933516
0.4883976
0.34122226
0.56747776
0.4829056
""
0.59316862
0.36309874
0.46724072
0.49895146
""
""
0.44036689
""
""
""
""
""
""
""
""
0.36328992
""
0.50742465
0.30589339
0.53772485
0.53324527
0.42132187
0.50092691
0.40335682
""
0.49330586
0.55846751
""
0.4870384
""
0.4274615
""
""
0.52738321
""
""
""
""
""
""
""
""
0.43572995
""
""
""
""
""
""
""
0.52456903
""
""
""
""
0.43633023
0.44955617
0.48746681
""
""
0.42140701
0.47029415
0.37447816
""
0.44099158
""
0.37620351
""
0.54710221
""
""
0.47190022
0.5669502
""
0.40644452
0.57723993
""
0.46933585
""
0.52551705
0.55667615
""
""
0.43064445
0.33220208
0.51048756
""
0.41484615
0.39685988
0.48320609
0.45679793
""
0.29736054
""
""
""
""
0.4330388
0.29488894
0.44666034
0.44159767
0.40800375
0.49487835
0.53551871
""
""
0.42620853
""
""
""
0.42573273
0.32602981
""
0.47836626
0.4758873
""
""
""
0.51435786
""
""
""
0.48026145
0.39814574
""
""
""
""
""
""
""
""
0.51691419
""
0.52654237
0.40745825
""
""
0.40888831
""
0.38619933
""
""
""
0.4794018
0.33405814
""
0.38556522
""
0.45706695
0.48102131
0.52826399
""
""
""
0.26425296
0.55378133
""
""
""
""
0.45505992
0.41796711
""
0.37591502
0.43660092
0.46197236
0.4848929
0.47544149
0.48579529
""
0.62711972
0.40579936
0.49752253
0.47214994
0.38827446
0.53448969
0.46527901
0.50256431
0.51398045
0.35968685
0.47429225
0.55015945
0.36240211
0.4739708
0.43768197
""
0.51528502
0.37761807
0.53215069
""
0.42751309
0.42841253
0.46040466
0.49430665
""
0.50662446
0.52831137
""
0.52532244
""
""
""
""
""
""
""
""
""
""
""
0.52239931
0.58899099
""
0.59811729
""
""
""
""
""
0.44304156
0.31411737
0.57194698
""
""
0.67660421
0.4578414
0.50677657
0.31564179
0.35717797
0.34950128
0.55023462
0.36361647
0.377821
0.52793843
0.43748802
0.30410737
""
""
0.50900424
""
0.49674854
0.44762078
0.46687958
""
0.44264609
0.46451667
0.42605528
0.49096674
0.35823169
""
0.44124201
0.3723509
0.32877263
0.37063456
""
0.38811952
""
0.46455696
0.53360051
""
""
""
0.57116532
0.70576656
0.47737089
0.40611601
0.41005737
0.43542635
0.40492374
0.30630213
0.41769913
0.35745245
0.34847492
0.37248096
0.47062096
""
0.35078308
0.39168692
""
0.43302038
0.47936723
0.43901938
0.51412135
0.52447981
0.41070324
0.52617854
0.40890065
0.49713132
0.49009585
0.54415154
0.33505017
""
""
""
""
""
""
""
""
""
""
""
""
""
""
""
""
""
""
""
0.5350219
0.33490649
0.26725325
0.37503713
0.39782318
0.35290867
""
0.36764193
""
""
""
""
""
0.46144435
""
""
0.35387868
""
0.40735209
0.30910042
0.5180341
""
""
0.51219714
0.64593709
0.46733469
0.45611957
0.4846442
0.48424393
0.40665853
0.39110816
0.4253436
0.3609708
0.48860142
0.51672345
0.46591464
0.51668715
0.4934189
0.45362934
0.55235231
0.58890545
0.50697082
0.61754394
0.53764492
0.48045912
0.57863832
0.52606142
0.55862254
0.43259034
0.42484358
0.5775587
0.51524884
0.4087427
0.42373702
0.4352816
0.41869125
0.51703614
0.52368492
0.55718046
0.42786705
0.4018909
0.41478065
0.42860174
0.47525316
0.45278925
0.47182113
0.44432971
""
0.59356368
0.44507477
0.49428824
0.47202942
0.55624026
0.49058536
0.49379426
0.53186417
""
""
""
""
""
0.48875293
0.49020785
0.44701228
""
""
""
0.51319218
""
0.44926387
0.5754962
""
""
""
""
""
0.54699618
""
""
""
""
""
""
""
""
0.42223898
0.47132662
0.51515865
""
0.38499352
""
""
""
0.5328964
""
""
""
""
""
""
""
""
""
""
""
""
""
0.47799316
0.25323945
""
0.46874288
""
""
""
0.55880654
""
0.46928999
0.4712992
0.50715619
""
0.33655381
""
0.41562054
""
""
""
0.44333553
0.56289285
""
""
0.47738925
0.42656544
0.43072647
0.52877688
0.39713109
""
0.44896081
0.45964026
0.49004671
0.45698568
0.5432291
0.46987978
0.4614605
0.52817136
0.47568783
""
0.39912274
0.63743442
0.50084364
""
""
0.49923715
0.54688698
0.57526225
""
0.51103121
0.43729004
""
""
0.4660241
""
0.49570042
""
""
0.37797746
0.56769866
0.62671447
0.62228841
0.4816266
0.52469969
0.53409755
0.36973795
0.59378821
""
0.49308091
0.51680905
0.5706296
0.47917601
0.44955301
0.52076477
""
""
0.53818429
0.62801713
""
""
0.49157155
""
""
0.57876605
""
0.48964393
0.49130628
0.46896681
""
""
""
""
""
0.50933611
0.53297001
0.3853268
0.53316367
""
""
""
0.49041373
""
""
0.53955972
0.43648148
0.50620812
""
""
0.43166998
0.57685131
0.44668165
""
""
""
""
""
0.40770599
0.57762843
0.46945366
0.48868558
""
""
0.52130497
0.50010258
""
""
0.3872585
0.46023545
""
""
""
""
""
""
""
""
""
""
""
""
""
""
""
""
""
""
""
""
""
""
""
""
""
""
""
""
""
""
""
""
""
""
""
""
""
""
""
""
""
""
""
""
""
""
""
""
""
""
""
""
""
""
""
""
""
""
""
""
""
""
""
""
0.34545586
""
""
""
""
""
""
""
""
""
""
""
""
""
""
""
""
""
""
""
""
""
""
""
""
""
""
""
""
""
""
""
""
""
""
""
""
""
""
""
""
""
""
""
""
""
""
""
""
""
""
""
""
""
""
""
""
""
""
""
""
""
""
""
""
""
0.39448613
""
""
""
""
""
""
""
""
""
""
""
""
""
""
""
""
""
""
""
""
""
""
""
""
""
""
""
""
""
""
""
""
""
""
""
""
""
""
""
""
""
""
""
""
""
""
""
""
""
""
""
""
""
""
""
""
""
""
""
""
""
""
""
""
""
""
""
""
""
""
""
""
""
""
""
""
""
""
""
""
""
""
""
""
""
""
""
""
""
""
""
""
""
""
""
""
""
""
""
""
""
""
""
""
""
""
""
""
""
""
""
""
""
""
""
""
""
""
""
""
""
""
""
""
""
""
""
""
""
""
""
""
""
""
""
""
""
""
""
""
""
""
""
""
""
""
""
""
""
""
""
""
""
""
""
""
""
""
""
""
""
""
""
""
""
""
""
""
""
""
""
""
""
""
""
""
""
""
""
""
""
""
""
""
""
""
""
""
""
""
""
""
""
""
""
""
""
""
""
""
""
""
""
""
""
""
""
""
""
""
""
""
""
""
""
""
""
0.47457358
""
""
""
""
""
""
""
""
""
""
""
""
""
""
""
""
""
""
""
""
""
""
""
""
""
""
""
""
""
""
""
""
""
""
0.40997109
""
""
""
""
""
""
""
""
0.46580911
""
""
""
""
""
""
""
0.42013785
""
""
""
""
""
""
""
""
""
""
""
""
""
""
""
""
""
""
""
""
""
""
""
""
""
""
""
""
""
""
""
""
""
""
""
""
""
""
""
""
""
""
""
""
""
""
""
""
""
""
""
""
""
""
""
""
""
""
""
""
""
""
""
""
""
""
""
""
""
""
""
""
""
""
""
""
""
""
""
""
""
""
""
""
""
""
""
""
""
""
""
""
""
""
""
""
""
""
""
""
""
""
""
""
""
0.50671041
""
""
""
""
""
""
""
""
""
0.32103929
""
""
""
0.40072167
""
""
""
""
""
""
""
""
0.35237092
""
""
""
""
""
""
""
""
""
""
""
""
""
""
""
""
""
""
""
""
""
""
""
""
""
""
""
""
""
""
""
""
""
""
""
""
""
""
""
""
""
""
""
""
""
""
""
""
""
""
""
""
""
""
""
""
""
""
""
""
""
""
""
""
""
""
""
""
""
""
""
""
""
""
""
""
""
""
""
""
""
""
""
""
""
""
""
""
""
""
""
""
""
""
""
""
""
""
""
""
""
""
""
""
""
""
""
""
""
""
""
""
""
""
""
""
""
""
""
""
""
0.38464588
0.45977443
""
""
""
""
0.5244714
""
0.50445271
""
""
""
""
0.49294907
""
""
""
""
""
""
""
""
""
""
""
""
""
""
""
""
""
""
""
""
""
""
""
""
""
""
""
""
""
""
""
""
""
""
""
""
""
""
""
""
""
""
""
""
""
""
""
""
""
""
""
""
""
""
""
""
""
""
""
""
""
""
""
""
""
""
""
""
""
""
""
""
""
""
""
""
""
""
""
""
""
""
""
""
""
""
""
""
""
""
""
""
""
""
""
""
""
""
""
""
""
""
""
0.38947347
""
""
""
""
""
""
""
""
""
""
""
""
""
""
""
""
""
""
""
""
""
""
""
""
""
""
""
""
""
""
""
""
""
""
""
""
""
""
""
""
""
""
""
""
""
""
""
""
""
""
""
""
""
""
""
""
""
""
""
""
""
""
""
""
""
""
""
""
""
""
""
""
""
""
""
""
""
""
""
""
""
""
""
""
""
""
""
""
""
""
""
""
""
""
""
""
""
""
""
""
""
""
""
""
""
""
""
""
""
""
""
""
""
""
""
""
""
""
""
""
""
""
""
""
""
""
""
""
""
0.34751371
""
""
""
""
""
""
""
""
""
""
""
""
""
""
""
""
""
""
""
""
""
""
""
""
""
""
""
""
""
""
""
""
""
""
""
""
""
""
""
""
""
""
""
""
""
""
""
""
""
""
""
""
""
""
""
""
""
""
""
""
""
""
""
""
""
""
""
""
""
""
""
""
""
""
""
""
""
""
""
""
""
0.39856422
""
""
""
""
""
""
""
""
""
""
""
""
""
""
0.57618117
0.46214759
""
""
""
""
""
""
""
""
""
""
""
""
""
""
""
""
""
""
""
""
""
""
""
""
""
""
""
""
""
""
""
""
""
""
""
""
""
""
""
""
""
""
""
""
""
""
""
""
""
""
""
""
""
""
""
""
""
""
""
""
""
""
""
""
""
""
""
""
""
""
""
""
""
""
""
""
""
""
""
""
""
""
""
""
""
""
""
""
""
""
""
""
""
""
""
""
""
""
""
""
""
""
""
""
""
""
""
""
""
""
""
""
""
""
""
""
""
""
""
""
""
""
""
""
""
""
""
""
""
""
""
""
""
""
""
""
""
""
""
""
0.59581053
0.42015722
""
""
""
""
""
""
""
""
""
""
""
""
""
""
""
""
""
""
""
""
""
""
0.36240846
0.40090206
0.50151247
""
0.40219191
0.46742803
0.50110179
0.44967878
0.35242659
0.44906721
""
""
""
""
0.50450546
""
0.43667388
""
""
0.56681687
""
""
""
""
0.41651967
""
0.51505774
""
""
0.51939058
""
""
0.39078104
""
""
""
""
""
0.62715852
""
""
""
""
""
""
""
""
""
""
""
""
""
""
""
""
""
""
""
""
""
0.56498706
""
0.46257195
""
0.32746845
""
0.34696552
""
""
""
""
""
""
""
""
""
""
""
""
""
""
""
""
""
""
""
0.46026567
""
""
""
0.46194968
""
""
""
""
""
""
""
""
""
""
""
""
""
""
""
""
""
""
""
""
""
""
""
""
""
""
""
""
""
0.37739214
""
""
""
""
""
""
""
""
""
""
""
""
""
0.51270348
""
""
""
""
""
""
""
""
""
""
""
""
""
""
""
""
""
""
""
""
""
""
""
""
""
""
""
""
""
""
""
""
""
""
""
""
""
""
""
""
""
""
""
""
""
""
""
""
""
""
""
""
""
""
""
""
""
""
""
""
""
""
""
0.43057069
""
""
""
""
""
""
""
""
""
""
""
""
""
""
""
""
""
""
""
""
""
""
""
""
""
""
""
""
0.41079563
0.33933184
""
""
""
""
""
""
""
""
""
""
""
""
""
""
""
""
""
""
""
""
""
""
""
""
""
""
""
""
""
""
""
""
""
""
""
""
""
""
""
""
""
""
""
""
""
""
""
""
""
""
""
""
""
""
""
""
""
""
""
""
""
""
""
""
""
""
""
""
""
""
""
""
""
""
""
""
""
""
""
""
""
""
""
""
""
""
""
""
""
""
""
""
""
""
""
""
""
0.57918996
""
""
""
""
0.44035867
""
""
""
""
""
""
""
""
""
""
""
""
""
0.67659163
""
""
""
""
""
""
""
""
""
""
""
""
""
""
""
""
""
""
""
""
""
""
""
""
""
""
""
""
""
""
""
""
""
""
""
""
""
""
""
""
""
""
""
""
""
""
""
""
""
""
""
""
""
""
""
""
""
""
""
""
""
""
""
""
""
""
""
""
""
""
""
""
""
""
""
""
""
""
""
""
""
""
""
""
""
""
""
""
""
""
""
""
""
""
""
""
""
""
""
""
""
""
""
""
""
""
""
""
""
""
""
""
""
""
""
""
""
""
""
""
""
""
""
""
""
""
""
""
""
0.62093055
0.37532669
""
""
0.38644561
""
0.40506274
0.37018493
""
0.49041274
0.53958672
""
""
""
""
""
""
""
""
""
""
""
""
""
""
""
""
""
""
""
""
0.66917098
""
""
""
""
""
""
""
""
""
0.63802826
""
""
""
""
""
""
""
""
""
""
""
""
""
""
""
""
""
""
""
""
""
""
""
""
""
""
""
""
""
""
""
0.43050843
""
""
""
""
""
""
""
""
""
""
""
""
""
""
""
""
""
""
""
""
""
0.38708633
""
""
""
""
""
""
""
""
""
""
""
""
""
""
""
""
""
""
""
""
""
""
""
""
""
""
""
""
""
""
""
""
""
""
""
""
""
""
""
""
""
""
""
""
""
""
""
""
""
""
""
""
""
""
""
""
""
""
""
""
""
""
""
""
""
0.40701982
""
0.37637457
""
0.23170274
""
""
""
""
""
""
""
0.40041628
0.50326639
""
""
""
""
""
""
""
""
""
""
""
""
""
""
""
""
""
""
""
""
""
""
""
""
""
""
""
""
""
""
""
""
""
""
""
""
""
""
""
""
""
""
""
""
""
""
""
""
""
""
""
""
""
0.51646721
""
""
""
""
""
""
""
""
""
""
""
""
""
""
""
""
""
""
""
""
""
""
""
""
""
""
""
""
""
""
""
""
""
""
""
""
""
""
""
""
""
""
""
""
""
""
""
""
""
""
""
""
""
""
""
""
""
""
""
""
""
""
""
""
""
""
""
""
""
""
""
""
""
""
""
""
""
""
""
""
""
""
""
""
""
""
""
""
""
""
""
""
""
""
""
""
""
""
""
""
""
""
""
""
""
""
""
""
0.43205959
0.41003451
""
""
""
""
""
""
""
""
""
""
""
""
""
""
""
""
""
""
""
""
""
""
""
""
""
""
""
""
""
""
""
""
""
""
""
""
""
""
""
""
""
""
""
""
""
""
""
""
""
""
""
""
""
""
""
""
""
""
""
""
""
""
""
""
""
""
0.38198599
""
""
""
""
""
""
""
""
""
""
""
""
""
""
""
""
""
""
""
0.47296831
""
""
""
""
""
""
""
""
""
""
""
""
""
""
""
""
""
""
""
""
""
""
""
""
""
""
""
""
""
""
0.50267887
""
""
""
""
""
""
""
""
""
""
""
""
""
""
""
""
""
""
""
""
""
""
""
0.62192965
""
""
""
""
""
""
""
""
""
""
""
""
""
""
""
""
""
""
""
""
""
""
""
""
""
""
""
""
""
""
""
""
""
""
""
""
""
""
""
""
""
""
""
""
0.44752318
""
""
""
""
""
""
""
""
""
""
""
""
""
""
""
""
""
""
""
""
0.53762412
0.4770748
0.5494473
""
""
0.53619003
0.39735255
""
""
""
""
""
""
""
""
""
""
""
""
""
""
""
""
""
""
""
""
""
""
""
0.43045646
""
""
""
""
""
""
""
""
""
""
""
""
""
""
""
""
""
""
""
""
""
""
""
""
""
""
""
""
""
""
""
""
""
""
""
""
""
""
""
""
""
""
""
""
""
""
""
""
""
""
""
""
""
""
""
""
""
""
""
""
""
""
""
""
""
""
""
""
""
""
""
""
""
0.46254066
""
""
""
""
""
""
""
""
""
""
""
""
""
""
""
""
""
""
""
""
""
""
""
0.45559925
""
""
""
""
""
0.50030345
0.40165967
""
0.41903269
0.2836459
""
""
""
""
""
""
""
""
""
""
""
""
""
""
""
""
""
""
""
""
""
""
""
""
""
""
""
""
""
""
""
""
""
""
""
""
""
""
""
""
""
""
""
""
""
""
""
""
""
""
""
""
""
""
""
""
""
""
""
""
""
""
""
""
""
""
""
""
""
""
""
""
""
""
""
""
""
""
""
""
""
""
""
""
""
""
""
""
""
""
""
""
""
""
""
""
""
""
""
""
""
""
""
""
""
""
""
""
""
""
""
""
""
""
""
""
""
""
""
""
0.33242214
""
""
""
""
0.3141225
0.38188148
""
""
""
""
""
""
0.35965738
0.44391796
""
""
""
""
0.31664774
""
""
""
""
""
0.28095487
""
""
0.42978284
""
""
""
""
""
""
""
""
""
0.4980495
""
""
0.44283104
0.3886973
""
""
""
""
""
""
""
""
""
""
""
""
""
""
""
""
""
""
""
""
""
""
""
""
""
""
""
""
""
""
""
0.41854101
""
0.56215829
""
""
0.41210034
""
""
""
""
""
""
""
""
""
""
""
""
""
""
""
""
""
""
""
""
""
""
""
""
""
""
""
""
""
""
""
""
""
""
""
""
""
""
""
""
""
""
""
""
""
""
""
""
""
""
""
""
""
""
""
""
""
""
""
""
""
""
""
""
""
""
""
""
""
""
0.30214819
""
""
""
""
""
""
""
""
""
""
""
""
""
""
""
""
""
""
""
""
""
""
""
""
""
""
""
0.58228368
0.4721978
""
""
""
0.35186431
0.3222537
""
""
""
""
""
0.40407929
""
0.54881257
""
""
""
""
""
""
""
""
""
""
0.39371017
""
""
""
0.31175444
0.38429382
""
""
""
""
0.42436764
0.36760902
0.25982019
""
""
""
""
""
""
""
""
""
0.45591396
""
""
0.35043007
""
""
""
0.50390887
0.54062343
0.6341632
""
""
""
""
""
0.50209987
0.44113097
0.55704182
""
""
""
""
""
""
""
""
""
""
""
""
""
""
""
""
""
""
""
""
""
""
""
""
""
""
""
""
""
""
""
""
""
""
""
""
""
""
""
""
""
""
""
""
""
""
""
""
""
""
""
""
""
""
""
""
""
""
""
""
""
""
""
""
""
""
""
""
""
""
""
""
""
""
""
""
""
""
""
""
""
""
""
""
""
""
""
""
""
""
0.42735639
""
""
""
""
""
""
""
""
""
""
""
""
""
""
""
""
""
""
""
""
""
""
""
""
""
""
""
""
""
""
""
""
""
""
""
""
""
""
""
""
""
""
""
""
""
""
""
""
""
""
""
""
""
""
""
""
""
""
""
""
""
""
""
""
""
""
""
""
""
""
""
""
""
""
""
""
""
""
""
""
""
""
""
""
""
""
""
""
""
""
""
""
""
""
""
""
""
""
""
""
""
""
""
""
""
""
""
""
""
""
""
""
""
""
""
""
""
""
""
""
""
""
""
""
""
""
""
""
""
""
""
""
""
""
""
""
""
""
""
""
""
""
""
""
""
""
""
""
""
""
""
""
""
""
""
""
""
""
""
""
""
""
""
""
""
""
""
""
""
""
""
""
""
""
""
""
""
""
""
""
""
0.41807795
""
""
""
""
""
""
""
""
""
""
""
""
""
""
""
""
""
""
""
""
""
""
""
""
""
""
""
""
""
""
""
""
""
""
""
""
""
""
""
""
""
""
""
""
""
""
""
""
""
""
""
""
""
""
""
""
""
""
""
""
""
""
""
""
""
""
""
""
""
""
""
""
""
""
""
""
""
""
""
""
""
""
""
""
""
""
""
""
""
""
""
""
""
""
""
""
""
""
""
""
""
""
""
""
""
""
""
""
""
""
""
""
""
""
""
""
""
""
""
""
""
""
""
""
""
""
""
""
""
""
""
""
""
""
""
""
""
""
""
""
""
""
""
""
""
""
""
""
""
""
""
""
""
""
""
""
""
""
""
""
""
""
""
""
""
0.36992103
""
""
0.46575078
0.39191318
""
""
""
""
0.46347311
""
""
""
0.31777716
""
""
""
""
""
""
""
""
""
""
""
""
""
""
""
""
""
""
""
""
""
""
""
""
""
""
""
""
""
""
""
""
""
""
""
""
""
""
""
""
""
""
""
""
""
""
""
""
""
""
""
""
""
""
""
""
""
""
""
""
""
""
""
""
""
""
""
""
""
""
""
""
""
""
""
""
""
""
""
""
""
""
""
""
""
""
""
""
0.51960486
""
""
""
""
""
""
""
""
""
""
""
""
""
""
""
""
""
""
""
""
""
""
""
""
""
""
""
""
""
""
""
""
""
""
""
""
""
""
0.50743234
""
""
0.52572805
""
""
0.45907602
0.45658511
""
""
0.51520932
""
""
""
""
""
""
""
""
""
0.32929656
0.47237357
0.43730697
0.39064592
0.29672027
0.27100995
""
""
""
""
""
""
""
0.44342938
0.51874524
0.49383655
0.45864031
""
0.37711301
0.35849595
""
""
0.35275272
0.52952266
""
""
0.48434389
0.38216081
0.3855041
0.43800497
0.53330946
0.42350999
0.45124334
0.58885002
""
""
""
""
""
0.4652462
""
0.48342109
0.48802635
0.4719274
0.45982018
0.54770148
0.4424144
""
""
0.37014171
0.4077259
0.45630616
0.56184596
0.5346632
""
""
""
""
""
""
""
""
""
0.50526685
""
""
""
""
""
""
""
""
""
""
""
""
""
""
""
""
""
""
""
""
""
""
""
""
""
""
""
0.5137223
""
""
""
""
""
""
""
""
""
""
""
""
""
0.45237392
""
0.51395708
0.45231485
""
0.572317
0.46039009
0.50300682
""
""
""
""
0.31114236
0.42176518
""
0.43983001
0.4291766
0.45652658
0.48327979
""
""
""
0.51055425
""
0.53338635
""
""
""
""
""
""
""
""
""
0.43346781
""
""
""
0.55488819
""
""
""
""
""
""
""
""
""
""
""
""
""
""
""
""
""
""
""
""
0.53678828
""
""
""
""
""
""
""
""
""
""
""
""
""
""
""
""
""
""
""
""
""
""
""
""
""
""
""
""
""
""
""
""
""
""
""
""
""
""
""
""
""
""
""
""
""
""
""
""
""
""
""
""
""
""
""
""
""
""
""
""
""
""
""
""
""
""
""
""
""
""
""
""
""
""
""
""
""
""
""
""
""
""
""
""
""
""
""
""
""
""
""
""
""
""
""
0.55674922
""
""
0.52993029
""
""
""
0.55002266
""
""
""
""
""
""
""
""
""
""
""
""
""
""
""
""
""
""
""
""
""
""
""
""
""
""
""
""
""
""
""
""
""
""
""
""
""
""
""
""
""
""
""
""
""
""
0.55916131
""
""
""
""
""
""
0.52625048
0.54579622
""
""
""
""
""
0.48319355
0.47212201
0.57625341
""
""
""
0.57467908
0.67494267
0.60334885
0.46869269
""
""
""
""
""
""
""
""
""
""
""
""
""
""
""
""
""
""
""
""
""
""
""
""
""
""
""
""
0.48370528
""
""
""
""
""
""
""
""
""
""
""
0.31942585
""
""
""
""
""
""
""
""
""
""
0.48629034
0.49194238
""
0.40358606
0.55006605
0.44454911
""
""
""
0.51786637
""
""
""
""
""
""
""
""
""
""
""
""
""
""
""
""
""
""
""
""
""
""
""
""
""
""
""
""
""
""
""
""
""
""
""
""
""
""
""
""
""
""
""
""
""
""
""
""
""
""
""
""
""
""
""
""
""
""
""
""
""
""
""
""
""
""
""
""
""
""
""
""
""
""
""
""
""
""
""
""
""
""
""
""
""
""
""
""
""
""
""
""
""
""
""
""
""
""
""
""
""
""
""
""
""
""
""
""
""
""
""
""
""
""
""
0.45679268
0.48146009
""
""
0.44272009
""
0.54749304
""
""
0.45922169
""
0.5345192
0.46765798
0.59995252
""
""
0.40583822
""
0.61036783
""
""
""
""
""
""
""
""
""
""
""
""
""
""
""
""
""
""
""
""
""
""
""
""
""
""
""
""
""
""
""
""
""
""
""
""
""
""
""
""
""
""
""
""
""
""
""
""
""
""
""
""
""
""
""
""
""
""
""
""
""
""
""
""
""
""
""
""
""
""
""
""
""
""
""
""
""
""
""
""
0.43411493
""
""
""
""
""
""
""
""
""
""
""
""
""
""
""
""
""
""
""
""
""
""
""
""
""
""
""
""
""
""
0.47268403
""
""
""
""
""
0.44991624
""
""
""
""
""
""
""
""
""
""
0.38354513
""
""
""
""
""
""
""
""
""
""
""
""
""
""
""
""
""
""
""
""
""
""
""
""
""
""
""
""
""
""
""
""
""
""
""
""
""
""
""
""
""
""
""
""
""
""
""
""
""
""
""
""
""
""
""
""
""
""
""
""
""
""
""
""
""
""
""
""
""
""
""
""
""
""
""
""
""
""
""
""
""
""
""
0.49199623
""
""
""
""
""
""
""
""
""
""
""
""
""
""
""
""
""
""
""
""
""
""
""
""
""
""
""
""
""
""
""
""
""
""
""
""
""
""
""
""
""
""
""
""
""
""
""
""
""
""
""
""
""
""
""
""
""
""
""
""
""
""
""
""
""
""
""
""
""
""
""
""
""
""
""
""
""
""
""
""
""
""
""
""
""
""
""
""
""
""
""
""
""
""
""
""
""
""
""
""
""
""
""
""
""
""
""
""
""
""
""
""
""
""
""
""
""
""
""
""
""
""
""
""
""
""
""
""
""
""
""
""
""
""
""
""
""
""
""
""
""
""
""
""
""
""
""
""
""
""
""
""
""
""
""
""
""
""
""
""
""
""
""
""
""
""
""
""
""
""
""
""
""
""
""
""
""
""
""
""
""
""
""
""
""
""
""
""
""
""
""
""
""
""
""
""
""
""
""
""
""
""
""
""
""
""
""
""
""
""
""
""
""
""
""
""
""
""
""
""
""
""
""
""
""
""
""
""
""
""
""
""
""
""
""
""
""
""
""
""
""
""
""
""
""
""
""
""
""
""
""
""
""
""
""
""
""
""
""
""
""
""
""
""
""
""
""
""
""
""
""
""
""
""
""
""
""
""
""
""
""
""
""
""
""
""
""
""
""
""
""
""
0.42027926
""
""
0.39007613
0.50813073
""
""
""
0.52176148
""
""
""
""
""
""
""
""
""
""
""
""
""
""
""
""
""
""
""
""
""
""
""
""
0.43267328
0.34282091
0.40619442
0.48823613
0.51089561
""
""
""
""
0.43503571
""
0.4166491
""
""
0.55097723
""
0.49234241
""
""
0.44562992
""
0.37271792
""
""
""
0.43251863
""
""
""
""
""
""
""
""
""
""
""
""
""
""
""
""
""
""
""
""
""
""
""
""
""
""
""
""
""
""
""
""
""
""
""
""
""
""
""
""
""
""
""
""
""
""
""
""
""
""
""
""
""
""
""
""
""
""
""
""
""
""
""
""
""
""
""
""
""
""
""
""
""
""
""
""
""
""
0.47711301
""
0.50946933
""
""
""
""
""
""
""
""
""
""
""
0.43188941
""
""
""
0.54783678
""
""
""
""
""
""
""
""
""
""
""
""
""
""
""
""
""
""
""
""
""
""
""
""
0.4585866
""
""
""
""
""
""
0.4013682
""
""
""
""
""
""
""
""
""
""
""
""
""
""
""
""
""
""
""
""
""
""
""
0.52768272
""
""
""
""
""
""
""
""
""
""
""
""
""
""
""
""
""
""
""
""
""
""
""
""
""
""
""
""
""
""
""
""
""
""
""
""
""
""
""
""
""
""
""
""
""
""
0.4547531
""
""
""
""
""
0.38776654
""
""
""
""
""
""
""
""
""
""
""
""
""
""
""
""
""
0.36473528
""
""
""
""
""
""
""
""
""
""
""
""
""
""
""
""
""
0.45934796
0.41269436
""
""
""
""
""
""
""
""
""
""
""
""
""
""
""
""
""
""
""
0.32566065
""
""
""
""
""
""
""
""
""
""
""
""
""
""
""
""
""
0.4667486
""
0.48461536
0.55987096
0.58741874
""
""
0.30478626
0.34207261
""
""
""
""
""
""
""
""
""
0.44712996
0.45009685
""
""
""
""
""
""
""
""
0.35055819
""
""
""
""
""
""
""
""
""
""
""
""
""
""
""
""
""
""
""
""
""
""
""
""
""
0.37248459
0.43472651
0.33871004
0.44314849
0.49085423
0.4902111
0.38803801
0.55914128
0.55541193
0.59272796
0.52806276
""
""
""
0.41361877
""
""
""
0.53031892
0.39396426
0.5610019
0.45824376
""
""
""
""
""
""
""
""
""
""
""
""
""
""
""
""
""
""
""
""
""
""
""
""
""
""
""
""
""
""
""
""
""
""
""
""
""
""
""
""
""
""
""
""
""
""
""
""
""
""
""
""
""
""
""
""
""
""
""
""
""
""
""
""
""
""
""
""
""
""
""
""
""
""
""
""
""
""
""
""
""
""
""
""
""
""
""
""
""
""
""
""
""
""
""
""
""
""
""
""
""
""
""
""
""
""
""
""
""
""
""
""
""
""
""
""
""
""
""
""
""
""
""
""
""
""
""
""
""
""
""
""
""
""
""
""
""
""
""
""
""
""
""
""
""
""
""
""
""
""
""
""
""
""
""
""
""
""
""
""
""
""
""
""
""
""
""
""
""
""
""
""
""
""
""
""
""
""
""
""
""
""
""
""
""
""
""
""
""
""
""
""
""
""
""
""
""
""
""
""
""
""
""
""
""
""
""
""
""
""
""
""
""
""
""
""
""
""
""
""
""
""
""
""
""
""
""
""
""
""
""
""
""
""
""
""
""
""
0.48213315
""
""
""
0.3772164
""
""
""
""
""
""
""
""
""
""
""
""
""
""
""
""
""
""
""
""
""
""
""
""
""
""
""
""
""
""
""
""
""
""
""
""
0.35346797
""
""
""
""
""
""
""
""
0.52531642
""
""
""
""
""
""
""
""
""
0.5986672
""
""
""
""
""
""
""
""
""
""
""
""
""
""
""
""
""
""
0.3208552
""
""
""
""
""
""
""
""
""
""
""
""
""
""
0.55157524
""
""
""
""
""
""
""
""
""
""
""
""
""
""
""
""
""
0.53438181
""
""
0.42546624
""
""
""
0.55480987
""
""
""
""
""
""
""
""
0.38122964
""
""
""
""
""
""
""
""
""
""
""
""
""
""
""
""
""
""
""
""
""
""
""
""
""
""
""
""
""
""
""
""
""
""
""
""
""
""
""
""
""
""
""
""
""
""
""
""
""
""
""
""
""
""
""
""
""
""
""
""
""
""
""
""
""
""
""
""
""
""
""
""
""
""
""
""
""
""
""
""
""
""
""
""
""
""
""
""
""
""
""
""
""
""
""
""
""
""
""
""
""
""
0.51688641
""
""
""
""
""
""
""
""
""
""
""
""
""
""
""
""
""
""
""
""
""
""
""
""
""
""
""
""
""
""
""
""
""
""
""
""
""
""
""
""
""
""
""
""
""
""
""
""
""
""
""
""
""
""
""
""
""
""
""
""
""
""
""
""
""
""
""
""
""
""
""
""
0.51253182
""
""
""
""
""
""
""
""
0.51328498
""
""
""
""
""
""
""
""
""
""
""
""
""
""
""
""
""
""
""
""
""
""
""
""
""
""
""
""
""
""
""
""
""
""
""
""
""
""
""
""
""
""
""
""
""
""
""
""
""
""
""
""
""
""
""
""
""
""
""
""
""
""
""
""
""
""
""
""
""
""
""
""
""
""
""
""
""
""
""
""
""
""
""
""
""
""
""
""
""
""
""
""
""
""
""
""
""
""
""
""
""
""
""
""
""
""
""
""
""
""
""
""
""
""
""
""
""
""
""
""
""
""
""
""
""
""
""
""
""
""
""
0.53238142
""
""
""
""
""
""
""
""
""
""
""
""
""
""
""
""
""
""
""
""
""
""
""
""
""
""
""
""
""
""
""
""
""
""
""
""
""
""
""
""
""
""
""
""
""
""
""
""
""
""
""
""
""
""
""
""
""
""
""
""
""
""
""
""
""
""
""
""
""
""
""
""
""
""
""
""
""
""
""
""
""
""
""
""
""
""
""
""
""
""
""
""
""
""
""
""
""
""
""
""
""
""
""
""
""
""
""
""
""
""
""
""
""
""
""
""
""
""
""
""
""
""
""
""
""
""
""
""
""
""
""
""
""
""
""
0.3927063
""
""
""
""
""
""
""
""
""
""
""
""
""
""
""
""
""
""
""
""
""
""
""
""
""
""
""
""
""
""
""
""
""
""
""
""
""
""
""
""
0.44160688
""
""
""
""
""
""
""
""
""
""
""
""
""
""
""
""
""
""
""
""
""
""
""
""
""
0.43182442
""
0.44762918
""
""
""
""
0.59096599
0.45539102
0.45437774
0.39616361
0.47081509
""
0.45988917
0.49119774
0.4243103
0.46335477
""
0.45254549
0.42176059
""
0.47346595
0.42855376
""
0.46142122
""
""
""
0.44043952
""
0.50672221
""
0.49245572
0.53999817
""
""
""
""
""
""
""
""
""
""
""
""
""
""
""
""
""
""
""
""
""
""
""
""
""
""
""
""
""
""
""
""
""
""
""
""
""
""
""
""
""
""
""
""
""
""
""
""
""
""
""
""
""
""
""
""
""
""
""
""
""
""
""
""
""
""
""
""
""
""
""
""
""
""
""
""
""
""
""
""
""
""
""
""
""
""
""
""
""
""
""
""
""
""
""
""
""
""
""
""
""
""
""
""
""
""
""
""
""
""
""
""
""
""
""
""
""
""
""
""
""
""
""
0.38816601
""
""
""
""
""
""
""
""
""
""
""
""
""
""
""
""
""
""
""
""
""
""
""
""
""
""
""
""
""
""
""
""
""
""
""
""
""
""
""
""
""
""
""
""
""
""
""
""
""
""
""
""
""
""
""
""
""
""
""
""
""
""
""
""
""
""
""
""
""
""
""
""
""
""
""
""
""
""
""
""
""
""
""
""
""
""
""
""
""
""
""
""
""
0.37005258
""
""
""
""
""
""
""
""
""
""
""
""
""
""
""
""
""
""
""
""
""
""
""
""
""
""
""
""
""
""
""
""
""
""
""
""
""
""
""
""
""
""
""
""
""
0.40967652
""
""
0.46241686
0.48212484
""
""
""
0.54447073
0.54117268
""
0.33969048
""
0.3930029
""
0.56924158
""
""
""
""
""
""
0.52670825
0.58346963
0.44728902
0.57053363
""
""
""
""
""
""
""
""
""
0.40850082
""
""
""
""
""
""
""
""
""
""
""
""
""
""
""
""
""
""
""
""
""
""
""
""
0.51560366
""
""
""
""
""
""
""
""
""
""
""
""
""
""
""
""
""
""
0.33603016
0.40163487
0.49994373
""
""
""
""
""
""
""
0.47038421
""
""
""
""
""
""
""
0.48784161
""
""
""
""
""
""
""
""
""
""
""
""
""
""
""
""
""
""
""
""
""
""
""
""
""
""
""
""
""
""
""
""
""
""
""
""
""
""
""
""
""
""
""
""
""
""
""
""
""
""
""
""
""
""
""
""
""
""
""
""
""
""
""
""
""
""
""
""
""
""
""
""
""
""
""
""
""
""
""
""
""
""
""
""
""
""
""
""
""
""
""
""
""
""
""
""
""
""
""
""
""
""
""
""
""
""
""
""
""
""
""
""
""
""
""
""
""
""
""
""
""
""
""
""
""
""
""
""
""
""
""
""
""
""
""
""
""
""
""
""
""
""
""
""
""
""
""
""
""
""
""
""
""
""
""
""
""
""
""
""
""
""
""
""
""
""
""
""
""
""
""
""
""
""
""
""
""
""
""
""
""
""
""
""
""
""
""
""
""
""
""
""
""
""
""
""
""
""
""
""
""
""
""
""
""
""
""
""
""
""
""
""
""
""
""
""
""
""
""
""
""
""
""
""
""
""
""
""
""
""
""
""
""
""
""
""
""
""
""
""
""
""
""
""
""
""
""
""
""
""
""
""
""
""
""
""
""
""
""
""
""
""
""
""
""
""
""
""
""
""
""
""
""
""
""
""
""
""
""
""
""
""
""
""
""
""
""
""
""
""
""
""
""
""
""
""
""
""
""
""
""
""
""
""
""
""
""
""
""
""
""
""
""
""
""
""
0.46064249
""
""
""
""
""
""
""
""
""
""
""
""
""
""
0.53257591
""
""
""
""
""
""
""
""
""
""
0.56475532
0.47694951
0.56271309
0.4635148
0.53088248
0.49664119
0.49957329
0.48325366
0.5509358
0.5886215
0.46447796
0.53016174
0.52478617
""
0.46511537
0.44737887
0.46123919
0.52123511
0.50605094
0.44831949
0.40884817
0.50830024
0.55399102
0.49622539
0.49024004
""
""
0.48183689
0.5365442
0.43953863
""
0.51194119
0.57547307
0.52800173
""
""
""
0.47680074
""
""
""
""
""
""
""
""
""
0.4337348
""
""
0.42154729
0.52181035
0.42068404
""
""
""
""
0.51996738
0.51249886
0.48562157
0.53673983
0.50753772
""
""
""
""
0.49711061
""
""
""
0.53148913
""
0.43883294
""
0.4956753
0.35937414
0.37769592
0.50431681
0.4114981
0.48141739
0.42907694
0.48698753
0.4097515
0.48928243
0.45600164
0.47502616
0.45669049
""
0.51332283
""
0.58178955
0.55489415
0.50571233
0.47922832
""
0.54567695
0.47360834
""
0.54054946
""
""
""
""
""
""
""
""
""
""
""
""
""
""
""
""
""
""
""
""
""
""
0.49065131
""
""
""
""
""
0.3126713
""
""
""
0.54827583
0.50158477
0.5232839
""
0.45487511
""
0.57409418
0.58404177
""
""
""
""
""
""
""
""
""
""
""
""
""
""
""
0.4402523
""
""
""
""
""
""
""
""
""
""
""
""
""
""
""
""
""
""
""
""
""
""
""
""
""
""
""
""
""
""
""
""
""
""
""
""
""
""
""
""
""
""
""
""
""
""
""
0.51034206
0.43168181
""
""
""
""
""
""
""
""
""
""
""
""
""
""
""
""
""
""
""
""
""
""
""
""
""
""
""
""
""
""
""
""
0.47541547
0.55985999
""
""
0.38294107
""
""
0.48621222
0.45025182
0.53205651
0.44414246
""
""
0.51975197
0.56905109
""
0.56670672
""
0.5305649
""
0.61028934
""
""
""
0.56287891
""
""
""
""
""
""
""
""
""
""
""
""
""
""
""
""
""
""
""
""
0.40190676
""
""
""
0.41323757
""
""
""
""
""
""
""
""
""
""
0.53476006
""
""
0.48803115
""
0.52252698
0.54387069
0.49706236
""
""
""
0.55945802
0.53127044
""
0.44378069
""
""
""
""
""
0.50007814
""
0.47679546
""
""
""
""
""
""
""
""
""
""
0.36504459
""
""
""
0.42863858
""
""
""
""
""
""
""
""
""
""
""
""
""
""
""
""
""
""
""
""
""
""
""
""
""
""
""
""
""
""
""
""
""
0.43470514
""
""
""
0.43967384
""
""
""
""
""
""
""
""
""
""
""
""
""
""
""
""
""
""
""
""
""
""
""
""
""
""
""
""
""
""
0.55108297
""
""
""
""
""
""
""
""
""
""
""
""
""
""
0.42110267
0.38770115
0.51634169
""
""
""
""
""
""
""
""
""
""
""
""
""
0.55690324
""
""
""
""
""
""
""
""
""
""
""
""
""
""
""
""
""
""
""
""
""
""
""
""
""
""
""
""
""
""
""
""
""
""
""
""
""
""
""
""
""
""
""
""
""
""
""
""
""
""
""
""
""
""
""
""
""
""
""
""
""
""
""
""
""
""
""
""
""
""
""
""
""
""
""
""
""
""
""
""
""
""
""
""
""
""
""
""
""
""
""
""
""
""
""
""
""
""
""
""
""
""
""
""
""
""
""
""
""
""
""
""
""
""
""
""
""
""
""
""
""
""
""
""
""
""
""
""
""
""
""
""
""
""
""
""
""
""
""
""
""
""
""
""
""
""
""
""
""
""
""
""
""
""
""
""
""
""
""
""
""
""
""
""
""
""
""
""
""
""
""
""
""
""
""
""
""
""
""
""
""
""
""
""
""
""
""
""
""
""
""
""
""
""
""
""
""
""
""
""
""
""
""
""
""
""
""
""
""
""
""
""
""
""
""
""
""
""
""
""
""
""
""
""
""
""
""
""
""
""
""
""
""
""
""
""
""
""
""
""
""
""
""
""
""
""
""
""
""
""
""
""
""
""
""
""
""
""
""
""
""
""
""
""
""
""
""
""
""
""
""
""
""
""
""
""
""
""
""
""
""
""
""
""
""
""
""
""
""
""
""
""
""
""
""
""
""
""
""
""
""
""
""
""
""
""
""
""
""
""
""
""
""
""
""
""
""
""
""
""
""
""
""
""
""
""
""
0.51292247
""
""
0.5389238
""
""
""
""
""
""
0.57259846
0.42000681
""
""
""
0.5440774
""
""
0.49035141
0.58970535
0.60630107
0.58577603
""
""
""
0.45935756
""
0.54457557
""
0.56354916
""
0.66295373
0.33291832
""
""
0.64407057
0.52034074
""
""
""
""
""
0.5131163
0.40079299
""
""
""
0.4881306
""
""
0.46951929
""
0.46927252
""
""
""
""
""
""
""
""
""
0.43633217
""
""
""
""
""
""
""
""
""
""
""
""
""
0.52590257
""
""
""
""
""
""
0.57904768
""
0.32564542
0.48529908
""
""
""
""
""
""
""
""
""
""
""
""
""
""
""
""
""
""
""
""
""
""
""
""
""
""
""
""
""
""
""
""
""
""
""
""
""
""
""
""
""
""
""
""
""
""
""
""
""
""
""
""
0.50816697
0.4850975
""
0.55491799
0.50543809
0.56035924
0.57505828
0.50999659
0.47654137
0.54467601
0.49246562
""
""
""
""
""
""
""
""
""
""
""
""
""
""
""
""
""
""
""
""
""
""
""
""
""
""
""
""
""
""
""
""
""
""
""
""
""
""
""
""
""
""
""
""
""
""
""
""
""
""
""
""
""
""
""
""
""
""
""
""
""
""
""
""
""
""
""
""
""
""
""
""
""
""
""
""
""
""
""
""
""
""
""
""
""
""
""
""
""
""
""
""
""
""
""
""
""
""
""
""
""
""
""
""
""
""
""
""
""
""
""
""
""
""
""
""
""
""
""
""
""
""
""
""
""
""
""
""
""
""
""
""
""
""
""
""
""
""
""
""
""
""
""
""
""
""
""
""
""
""
""
""
""
""
""
""
""
""
""
""
""
""
""
""
""
""
""
""
""
""
""
""
""
""
""
""
""
""
""
""
""
""
""
""
""
""
""
""
""
""
""
""
""
""
""
""
""
""
""
""
""
""
0.29661992
""
""
""
""
0.36277041
""
""
""
0.38711295
""
0.52695036
""
""
0.56454629
""
""
0.42046905
""
""
""
""
""
""
""
""
""
""
""
""
""
""
""
""
""
""
""
""
""
""
""
0.47615537
""
""
""
""
""
""
""
""
""
""
""
""
""
""
""
""
""
""
""
""
""
""
0.5514043
""
""
""
""
""
""
""
""
""
""
""
""
""
""
0.47537461
""
0.55477422
""
""
""
""
""
""
""
""
""
""
""
""
""
""
""
""
""
""
""
""
""
""
""
0.32680163
""
0.57426071
""
""
""
""
""
0.46375978
""
""
0.441459
""
""
""
""
""
""
""
""
""
""
""
0.48530489
0.43633056
""
""
0.52799451
""
""
""
""
""
""
""
""
""
""
""
""
""
""
""
""
""
""
""
""
""
""
0.69279438
0.46327302
""
""
0.49944848
""
""
0.51573396
0.44932529
0.50809169
""
0.4414871
0.58153009
""
""
0.44329599
""
0.30225915
""
""
""
""
0.37553626
""
""
""
0.57657844
""
""
""
""
""
""
""
""
""
""
""
0.49795398
""
""
""
""
""
""
0.50033903
""
""
""
""
""
""
""
0.30131516
""
""
0.49249902
""
0.59110707
""
""
""
""
""
""
""
0.43856159
""
""
0.36602804
""
""
""
""
0.63542372
""
0.47313651
0.41340616
0.55057573
0.59631759
""
""
""
""
""
0.47688246
""
""
0.62709045
0.56711352
0.5474245
0.44353831
""
0.41803664
""
""
0.36298472
""
0.53820401
""
0.5219875
""
""
""
""
""
""
0.50853169
""
""
""
0.38781616
""
""
""
""
""
""
""
""
""
""
""
0.50654274
0.4101986
""
0.51238394
""
0.40392494
0.53034621
0.45970616
0.38403583
0.57705772
0.50515574
0.48759541
""
0.56844819
0.54979354
0.54585904
0.48431087
0.53358066
""
0.47878659
""
""
0.48700324
""
0.49624756
""
""
""
""
0.40993285
""
""
0.55550718
""
""
0.40566677
""
""
""
0.56467599
""
""
""
""
""
""
""
""
""
""
""
""
""
""
""
""
0.40915397
""
""
""
""
""
""
""
""
""
""
""
""
""
""
""
""
""
""
""
""
""
""
""
""
""
""
""
""
""
""
""
""
""
""
""
""
""
""
""
""
""
""
""
""
""
""
""
""
""
""
""
""
""
""
""
""
0.52460212
""
""
""
""
""
""
""
""
""
""
""
""
0.47378257
""
""
0.49434873
""
""
""
""
""
""
""
""
0.54598486
0.47318181
0.39346835
0.47248033
""
0.49222609
""
""
""
""
""
""
0.43098691
""
""
""
""
""
0.53879499
""
""
0.6814031
""
""
""
""
0.65515357
""
0.36989278
""
""
""
""
""
""
""
""
""
""
""
""
""
""
""
""
""
""
""
""
""
""
""
""
""
""
""
""
0.66063964
""
""
""
""
""
""
""
""
""
""
""
""
""
""
""
""
""
""
""
""
""
""
""
""
""
""
""
""
""
""
""
""
""
""
""
""
""
""
""
""
""
""
""
""
""
""
""
""
""
""
""
""
""
""
""
""
""
""
""
""
""
""
""
""
""
""
""
""
""
""
""
""
""
""
""
""
""
""
""
""
""
""
""
""
""
""
""
""
0.54470575
0.45008543
0.47844812
""
""
0.41890928
0.56293106
0.41334358
0.50317502
0.60720104
""
""
0.45535415
""
""
0.56337124
""
""
""
""
""
""
""
""
0.43199119
""
""
""
0.31983969
""
""
""
""
""
""
""
""
""
""
""
""
""
""
""
""
""
""
""
""
""
""
""
""
""
""
""
""
""
0.51410931
0.43015593
""
""
""
""
""
""
""
""
""
""
""
""
""
""
""
""
""
""
""
""
""
""
""
0.52219987
0.30586791
""
""
""
""
""
0.55639654
""
""
""
""
""
0.48730892
0.42618582
""
""
""
0.46447048
0.54399323
0.50887895
""
""
""
""
""
""
""
""
""
""
""
0.42934987
0.64073622
""
0.36616695
""
""
""
""
""
""
""
""
""
""
""
""
""
""
""
""
""
""
""
""
""
""
""
""
""
""
""
""
""
""
""
""
""
""
""
""
""
""
""
""
0.52188927
""
""
""
""
""
""
""
""
""
""
""
""
""
""
""
""
""
""
""
""
""
""
""
""
""
""
""
""
""
""
""
""
""
""
""
""
""
""
0.52821833
""
""
""
0.36306927
""
""
""
""
""
0.41088822
0.39176989
0.38953152
""
""
0.36080393
0.48185766
""
0.53148645
""
0.42040187
""
0.44968423
0.47800103
0.38885772
""
""
""
0.48513013
0.53269738
0.53488773
0.5095253
""
0.60729963
""
""
""
""
""
""
""
""
""
""
""
""
""
""
0.46320349
0.69953293
""
0.58179212
0.52997673
0.51635432
""
0.58579433
""
""
""
""
""
""
""
""
""
""
""
""
""
""
""
""
""
""
""
""
""
""
""
""
""
""
""
""
""
""
""
""
""
""
""
""
""
""
""
""
0.60277075
""
""
""
""
""
""
""
0.49340943
""
""
""
""
""
""
""
0.58401191
""
""
""
""
""
""
""
""
""
""
""
""
""
""
""
""
""
""
""
""
""
""
""
""
""
""
""
""
""
""
""
""
""
""
""
""
0.36911231
""
""
""
""
""
""
""
""
""
""
""
""
""
""
""
""
""
""
""
""
""
""
""
""
""
""
""
""
""
""
""
""
""
""
""
""
""
""
0.65366983
""
""
""
""
""
""
""
""
0.49694911
""
0.5094474
""
""
""
""
""
""
""
""
""
""
0.6031152
""
0.54390699
""
""
""
""
""
""
""
""
0.44637412
""
""
""
""
""
""
""
""
""
""
""
""
""
""
""
""
""
""
""
""
""
""
""
""
""
""
""
""
""
""
""
0.53041071
0.48507881
""
""
""
""
""
""
""
""
""
""
""
""
""
""
""
""
""
""
""
""
""
""
""
""
""
""
""
""
""
""
""
""
""
""
""
""
""
""
""
""
""
""
""
""
""
""
""
""
""
""
""
""
""
""
""
""
""
""
""
""
""
""
""
""
""
""
""
""
""
""
""
""
""
""
""
""
""
""
""
""
""
""
""
""
""
""
""
0.49756229
""
""
""
""
""
""
""
""
""
""
""
""
""
""
""
""
""
""
""
""
""
""
""
""
""
""
""
""
""
""
""
""
""
""
0.42929372
0.54888457
""
""
""
""
""
""
""
""
""
""
""
""
""
""
""
""
""
""
""
""
""
0.41377828
""
""
0.57737488
0.42673859
0.62082154
0.47843605
""
0.5160833
""
0.50146842
0.45615017
""
""
""
""
0.45810995
0.475889
""
0.43407089
0.58124757
""
0.48970863
0.52894974
""
""
""
0.42386958
""
0.43128642
""
0.51169574
""
""
""
""
""
""
""
""
""
0.47646901
0.39540619
""
""
""
""
""
""
""
""
""
""
""
0.61595803
""
""
""
""
""
""
""
""
""
""
""
""
""
""
""
""
""
""
""
""
""
""
""
""
""
""
""
""
""
""
""
""
""
""
""
""
""
""
""
""
""
""
""
""
""
""
""
""
""
""
""
""
""
0.51055521
""
""
""
""
""
""
""
""
""
""
""
""
""
""
""
""
""
""
""
""
""
""
""
""
""
""
""
""
""
""
""
""
""
0.39459276
""
""
""
""
""
""
""
""
""
""
""
""
""
""
""
""
""
""
""
""
""
""
""
""
""
""
""
""
""
""
""
""
""
""
""
""
""
""
""
""
""
""
""
""
""
""
""
0.27103978
""
0.38288781
""
""
""
""
""
""
0.50930095
""
""
0.49853903
""
0.41635439
""
0.47520763
0.61449432
""
0.32864419
""
""
""
""
""
""
""
""
""
""
""
""
""
""
""
""
""
""
""
""
""
""
0.43864939
""
""
""
""
""
""
0.42783448
0.46630061
0.40498254
0.4666912
""
0.50609535
""
""
""
""
""
""
""
""
""
""
""
""
""
""
""
""
""
""
""
""
""
""
""
""
""
""
""
""
""
""
""
""
""
""
""
""
""
""
""
""
""
""
""
""
""
""
""
""
0.53262901
""
""
""
""
""
0.28921586
""
""
""
""
""
""
""
""
""
""
""
""
""
""
""
""
""
""
""
""
""
""
""
""
""
""
""
0.37680155
""
""
0.53167623
""
""
""
""
""
""
""
""
0.33874765
""
""
""
""
""
""
""
""
""
""
""
""
""
""
""
""
""
""
""
""
0.40645051
""
""
""
""
""
""
0.55498457
""
""
""
""
""
0.35685894
0.51140541
""
""
""
""
""
""
""
""
""
0.43635145
0.51461029
""
0.57028359
""
""
0.30838978
""
""
""
""
""
""
""
""
""
""
""
""
""
0.5443635
0.46519703
""
0.43543714
""
""
""
0.47381276
0.45342591
0.39464039
0.54628783
0.38417017
0.42582768
0.5467819
0.44418874
0.52066541
""
0.45386744
""
""
0.55211455
""
0.46020618
0.51622415
""
0.49365187
0.45895585
0.46375886
0.46688449
0.37131399
0.46937993
0.46417183
0.43948495
0.55853504
""
0.50633019
""
""
0.42031625
0.58815616
""
""
""
""
0.50254381
""
""
""
""
""
""
""
""
""
""
""
""
""
""
""
""
""
""
""
""
""
0.50927901
""
0.53516483
""
""
""
""
""
0.42357007
""
""
0.44636804
""
""
0.37199363
0.54455107
""
0.44777152
""
""
""
""
""
0.39180824
""
0.38569605
""
""
""
""
""
""
""
""
""
""
""
""
""
""
""
""
""
""
""
""
0.45360744
""
""
""
0.34622365
0.32761899
0.42487639
0.35107082
""
0.47071868
""
0.47663575
""
""
""
""
""
""
""
""
""
0.47414953
""
""
0.45802519
""
0.45758304
""
0.3745909
""
""
""
""
""
""
0.47489053
0.45188278
0.52126074
""
0.49154341
""
""
""
0.51203281
0.59418494
0.50437182
""
0.5128265
0.49586967
""
""
0.58132911
""
""
""
0.50969422
0.40432376
0.47670361
""
""
""
0.54196221
""
""
""
0.44603333
""
""
""
""
""
""
""
""
0.4138242
0.31841916
""
0.48659652
""
""
""
""
""
""
0.51943952
""
0.57401371
0.56087977
""
""
""
0.61015946
0.53721148
""
""
""
""
0.35847667
""
""
""
""
""
""
""
0.57264984
0.41909134
""
""
""
0.49506155
0.41928622
0.52664262
""
0.42061275
0.53568846
""
""
0.51482427
""
0.40210125
0.68142498
""
""
""
0.3652716
""
""
""
0.48416427
""
0.57263744
""
""
""
""
""
""
""
""
""
""
""
""
""
0.51131356
""
""
""
""
""
""
""
""
""
""
""
""
""
""
""
""
""
""
""
""
""
""
""
""
""
""
""
""
""
""
""
""
""
""
""
""
""
""
""
""
""
""
""
""
""
""
""
""
""
0.44718879
""
""
""
""
""
""
""
""
""
""
""
""
""
""
""
""
""
""
""
""
""
""
""
""
""
""
""
""
""
""
""
""
""
""
""
""
""
""
""
""
""
""
""
""
""
""
""
""
""
""
""
""
""
""
""
""
""
""
""
""
""
""
""
""
""
""
""
""
""
""
""
""
""
""
""
""
""
""
""
""
""
""
""
""
""
""
""
""
""
""
""
""
""
""
""
""
""
""
""
""
""
""
""
""
""
""
""
""
""
""
""
""
""
""
""
""
""
""
""
""
""
""
""
""
""
""
""
""
""
""
""
""
""
""
""
""
""
""
""
""
""
""
""
""
""
""
""
""
""
""
""
""
""
""
""
""
""
""
""
""
""
""
""
""
""
""
""
""
""
""
""
""
""
""
""
""
""
""
""
""
""
""
""
""
""
""
""
""
""
""
""
""
""
""
""
""
""
""
""
""
""
""
""
""
""
""
""
""
""
""
""
""
""
""
""
""
""
""
""
""
""
""
""
""
""
""
""
""
""
""
""
""
""
""
""
""
""
""
0.47098684
""
""
""
0.59034085
""
""
""
""
""
""
""
""
""
""
""
""
""
""
""
""
""
""
""
""
""
""
""
""
""
""
""
""
""
""
""
""
""
""
""
""
""
""
""
""
""
""
""
""
""
""
""
""
""
""
""
0.48333067
""
""
""
""
""
""
""
""
""
""
""
""
""
""
""
""
""
""
""
""
""
""
""
""
""
""
""
""
""
""
0.41553837
0.39924419
""
""
""
""
""
""
""
""
""
""
""
""
""
""
""
""
""
""
""
""
""
""
""
""
""
""
""
""
""
""
""
""
""
""
""
""
""
""
""
""
""
""
""
""
""
""
""
""
""
""
""
""
""
""
""
""
""
""
""
""
""
""
""
""
""
""
""
""
""
""
""
""
""
""
""
""
""
""
""
""
""
""
""
""
""
""
""
""
""
0.36050627
""
""
""
""
""
""
""
""
""
""
""
""
""
""
""
""
""
""
""
""
""
""
""
""
""
""
""
""
""
""
""
""
""
""
""
""
""
""
""
""
""
""
""
""
""
""
""
""
""
""
""
""
""
""
""
""
""
""
""
""
0.33325627
""
""
""
""
""
""
""
""
""
""
""
""
""
""
0.50166249
""
""
""
""
""
""
0.47578102
""
""
""
""
""
""
""
""
""
""
""
""
""
""
""
""
""
""
""
""
""
""
0.46915299
""
""
""
""
""
""
""
""
""
""
""
""
""
""
""
""
""
""
""
""
""
""
""
""
""
""
""
""
0.37640533
""
""
""
""
""
""
""
""
""
""
""
""
""
""
""
""
""
""
""
""
""
""
""
""
""
""
""
""
0.34907699
0.51240396
""
""
""
""
""
""
""
""
""
""
""
""
""
""
""
""
""
""
""
""
""
""
""
""
""
""
""
""
""
""
""
""
""
""
""
""
""
""
""
""
""
""
""
""
""
""
""
""
""
""
""
""
""
""
""
""
""
""
""
""
""
""
""
""
""
""
""
""
""
""
""
""
""
""
""
""
""
""
""
""
""
""
""
""
""
""
""
""
""
""
""
""
""
""
""
""
""
""
""
""
""
""
0.49813485
""
""
""
""
0.58581984
""
0.36715782
""
0.53980416
0.4748258
""
""
""
""
""
""
0.32583386
""
""
""
""
""
""
""
""
""
""
""
""
""
""
""
""
""
""
""
""
""
""
""
""
""
""
""
""
""
""
""
""
""
""
""
""
""
""
""
""
""
""
""
""
""
""
""
""
""
""
""
""
""
""
""
""
""
""
""
""
""
""
""
""
""
""
""
""
""
""
""
""
""
""
""
""
""
""
""
""
""
""
""
""
""
""
""
""
""
""
""
""
""
""
""
""
""
""
""
""
""
""
""
""
""
""
""
""
""
""
""
""
0.41561297
0.53601581
0.44730154
0.5475049
""
""
""
""
0.47503582
""
""
""
""
""
0.6002084
""
""
""
""
""
""
""
""
0.46269736
""
""
""
""
""
""
""
""
""
""
""
""
""
""
""
0.2867136
""
""
""
""
""
""
""
""
""
""
""
""
""
""
""
""
""
""
""
""
""
""
""
""
""
""
""
""
""
""
""
""
""
""
""
""
""
""
""
""
""
""
""
""
""
""
""
""
""
""
""
""
""
""
""
""
""
""
""
""
""
""
""
""
""
""
""
""
""
""
""
""
""
""
""
""
""
""
""
""
""
""
""
""
""
""
""
""
""
""
""
""
""
""
""
""
""
""
""
""
""
""
""
""
""
0.51066601
""
""
""
""
""
""
""
""
""
""
""
""
""
""
""
""
""
""
""
""
""
""
""
0.50933075
0.45471674
""
""
""
""
""
""
""
""
""
""
""
""
""
""
""
""
""
""
""
""
""
""
""
""
""
""
""
""
""
""
""
""
""
""
""
""
0.59082949
""
""
""
""
""
""
""
""
""
""
""
""
""
""
""
""
""
""
""
""
""
""
""
""
""
""
""
""
""
""
""
""
""
""
""
""
""
""
""
0.45049319
0.39931288
""
""
""
""
""
""
""
""
""
""
""
""
""
""
""
""
""
""
""
""
""
""
""
""
""
""
""
""
""
""
""
""
0.31376088
""
""
""
""
""
""
""
""
""
""
""
""
""
""
""
""
""
0.4526253
""
""
""
""
0.4845165
""
""
""
""
""
""
""
""
""
""
""
""
""
""
""
""
""
""
""
""
""
""
""
""
""
""
""
""
""
""
""
""
""
""
""
""
""
""
""
""
""
""
""
""
""
""
""
""
""
""
""
""
""
""
""
""
""
""
""
""
""
""
""
""
""
""
0.37720358
""
""
""
""
""
""
""
""
""
""
""
""
""
""
""
""
""
""
""
""
""
""
""
""
""
""
""
""
""
""
""
""
""
0.42481181
""
0.54687428
0.4415015
""
""
""
""
""
""
""
""
""
0.49460199
0.42653388
""
""
""
""
""
""
0.52485287
""
""
""
0.55254036
""
""
""
""
""
""
""
""
""
""
""
""
""
""
""
""
""
""
""
""
""
""
""
""
""
""
""
""
""
""
""
""
0.42477545
""
0.49256143
""
0.50550413
0.58090752
""
""
""
""
""
""
""
""
""
""
""
""
""
""
0.4354327
""
""
""
""
""
""
""
0.42065489
""
""
""
0.43393677
""
""
""
""
""
""
""
""
""
""
""
0.49959055
""
""
""
""
""
""
0.50121403
0.48373932
0.58424133
0.48024657
0.45495546
0.41648981
0.42062688
0.55832493
0.45431826
0.4873367
""
""
0.60108155
0.61179876
""
0.47614181
""
""
""
0.39977884
0.42098802
""
""
""
""
""
0.54497713
0.52783835
""
""
0.35253578
""
""
""
""
""
0.37213445
""
""
""
""
0.47368956
0.47559541
""
""
""
""
""
0.51509845
""
""
""
""
0.58626837
""
""
0.37280855
""
0.60153216
""
""
""
""
0.64833432
0.4291932
0.43768471
0.5362832
0.39741513
0.35251617
0.55140209
0.52523226
0.35217476
0.44732878
0.45447382
""
""
0.38407564
0.49185321
0.4285126
0.57835811
""
""
""
0.42674321
0.38320115
""
""
""
""
""
0.46255785
""
""
0.57520157
""
""
""
""
""
""
""
""
0.39783227
""
0.51871151
0.58483118
0.61161399
""
0.49412769
""
""
""
""
""
""
""
""
""
""
""
""
0.6477493
""
""
""
""
""
""
""
""
0.5248667
""
""
""
""
""
""
0.50321877
0.40785956
""
0.60783297
""
""
""
""
""
""
""
0.49063429
0.49707007
""
""
0.47290066
""
""
0.38864762
""
""
""
""
""
0.49066681
""
""
""
0.54009783
""
""
""
""
""
0.54827738
""
""
0.55984986
""
""
""
""
""
""
""
""
""
""
""
""
""
0.2908645
""
""
""
""
""
0.50866824
0.52753264
""
""
""
""
""
""
""
""
""
""
0.52714628
""
""
0.53370595
""
0.5074026
""
""
0.35218552
0.44556922
""
""
""
""
""
""
""
""
""
""
""
""
""
""
""
""
""
""
""
""
""
""
0.42991024
0.48838505
""
""
""
""
0.46509704
""
""
""
""
""
""
""
""
""
""
0.54030961
""
""
""
""
""
""
""
""
""
""
""
""
""
""
""
""
""
""
""
""
""
""
""
""
""
""
""
""
""
""
""
""
""
""
""
""
""
""
""
""
""
""
""
""
""
""
""
""
""
""
""
""
""
""
""
0.54231536
0.45005277
""
""
0.49980164
""
""
""
""
0.41731989
0.5038619
""
0.37030104
""
""
""
""
""
0.35595492
""
""
""
""
""
""
""
""
0.34999985
""
""
""
""
""
""
0.55150348
0.4852148
""
""
""
""
""
""
""
""
""
""
""
""
""
""
""
""
""
""
0.43976101
0.52697742
""
""
""
""
""
""
""
0.40120947
""
0.50683957
""
0.39835852
0.5067361
""
""
""
""
""
""
0.49368995
""
""
""
""
""
""
""
""
""
""
""
""
""
""
""
""
""
""
""
""
""
""
""
""
""
""
""
""
""
""
""
""
""
""
""
""
""
""
""
""
""
""
""
""
""
""
""
""
""
""
""
""
""
""
""
""
""
""
""
""
""
0.51905638
""
""
""
""
""
0.48252317
""
""
""
0.4970254
0.56840301
""
""
0.39807421
0.37551868
""
""
""
""
""
""
""
""
""
""
""
""
""
""
""
""
""
""
""
""
""
""
""
""
""
""
""
""
""
""
""
""
""
""
""
""
""
""
""
""
""
""
""
""
""
""
""
""
""
""
""
""
""
""
""
""
""
""
""
""
""
""
""
""
""
""
""
""
""
""
""
""
""
""
""
""
""
""
""
""
""
""
""
""
""
""
""
""
""
""
""
""
""
""
""
""
""
""
""
""
""
""
""
""
""
""
""
""
""
""
""
""
""
""
""
""
""
""
""
""
""
""
""
""
""
""
""
""
""
""
""
""
""
""
""
""
""
""
""
""
""
""
""
""
""
""
""
""
""
""
""
""
""
""
""
""
""
""
""
""
""
""
""
""
""
""
""
""
""
""
""
""
""
""
""
""
""
""
""
""
""
""
""
""
""
""
""
""
""
""
""
""
""
""
0.43490896
0.44721565
0.53212392
""
""
""
""
""
0.62425929
0.55588013
0.48091474
0.50474358
0.43952388
0.57119733
""
""
""
""
""
""
""
""
""
""
""
""
""
""
""
""
""
""
""
""
""
""
""
""
""
""
""
""
""
""
""
""
""
""
""
""
""
""
""
0.5524227
""
""
""
0.56468701
""
""
""
""
""
""
""
""
0.42693955
0.34957334
""
""
0.46793944
0.62831098
""
""
""
0.54592371
""
""
""
0.66352361
""
""
""
""
""
0.40926722
""
""
""
""
""
""
""
""
""
""
""
""
""
""
""
""
""
""
""
""
""
""
0.5263465
""
""
""
""
""
""
""
""
""
""
""
""
""
""
""
""
""
""
""
""
""
""
""
""
""
""
""
""
""
""
""
""
""
""
""
""
""
""
""
""
""
""
""
""
""
""
""
""
""
""
""
""
""
""
""
""
""
""
""
0.68247724
0.55405176
""
""
0.64646387
""
""
0.66292268
""
""
""
""
""
""
""
""
""
""
""
""
""
""
""
""
""
""
""
""
""
""
""
""
""
""
""
""
""
""
""
""
""
""
""
""
0.59624034
0.50156087
0.50694507
0.41606012
0.59419584
0.63062942
0.66483545
0.5582422
0.43148655
""
0.57279515
0.48142812
""
""
0.56350696
0.63174206
0.52569044
0.61106884
0.59648144
0.55016857
0.55768961
0.56921363
0.54325551
""
0.55110961
0.46275297
""
0.583574
""
""
""
""
""
""
""
""
0.45913652
""
""
""
0.48616892
0.44644356
0.58793503
""
""
0.64925277
0.485055
0.52229959
""
""
0.50100857
""
""
""
""
""
""
""
""
""
""
""
""
""
""
""
""
""
""
""
""
""
""
""
""
""
""
""
""
""
""
""
""
0.41898915
0.47531912
0.45930284
0.53758854
0.42723051
""
""
""
""
""
""
""
""
""
""
""
""
0.36307755
""
""
""
0.44193345
0.46162331
0.30547774
0.42230466
0.48317751
0.45239231
0.46424991
0.46650282
0.39782488
""
""
""
""
""
""
""
""
""
""
""
""
""
""
""
""
""
""
""
0.44844425
""
""
""
""
""
""
0.53315216
""
""
0.42818969
0.5649873
""
""
""
""
0.45662937
""
""
""
0.46713129
""
0.41268483
0.47978094
0.61760551
0.53379667
""
0.43552944
""
""
0.57116914
""
""
0.52507031
""
""
""
""
0.4308992
0.28852183
""
""
0.56465757
""
0.42123568
0.60071725
0.47936574
0.45744947
0.76010984
0.52013898
""
""
""
""
0.67150205
""
""
""
""
0.5419693
0.66148305
""
0.57972437
0.45484382
0.50026232
""
""
""
""
""
""
""
""
0.58748221
0.52228469
0.62843168
0.48529187
0.51993507
0.47675341
0.56239522
""
""
""
0.4795686
""
0.62260848
""
""
0.47578475
""
""
""
""
""
""
0.49367395
""
""
""
""
0.47375557
0.46580455
0.54022181
0.4441964
0.46888009
""
0.47127554
0.49617842
0.52865386
0.58423275
0.55458665
0.56461453
0.61361039
0.55270034
0.45115855
0.53905237
""
0.47048667
""
0.52324867
0.41231641
0.47074044
0.52852887
0.50327778
0.53768456
0.4973945
0.54562449
0.54243338
0.48894492
""
""
""
""
""
0.44399491
0.61886626
0.44613084
0.49012387
0.44263223
0.49058914
0.47218487
0.52450472
0.35630032
0.51171488
0.66817534
0.42044219
0.45371476
""
0.5968833
0.4098427
""
""
0.54156458
0.5209223
0.45834571
0.55518001
""
""
""
""
""
""
""
""
""
""
""
""
""
""
""
""
""
""
""
""
""
""
""
""
""
""
""
""
""
""
""
""
""
0.54001635
""
""
""
""
""
""
""
""
""
""
""
""
""
""
""
""
""
""
""
""
""
""
""
""
""
""
""
""
""
""
""
0.41137466
0.52749807
""
""
""
0.47999051
""
0.46863455
0.47598493
0.50951344
""
""
0.48486432
""
""
0.51226383
""
0.50277013
""
0.66127992
0.56572658
""
""
""
0.51132733
0.51712579
0.52517545
""
""
""
""
""
""
""
0.4240644
""
""
""
0.45910206
""
""
""
""
0.53056937
""
""
0.46235478
""
""
""
""
""
""
""
""
""
""
""
""
""
""
""
""
""
""
""
""
""
""
""
""
""
""
""
""
""
""
""
""
""
""
""
""
""
""
""
""
""
""
""
""
""
""
""
""
""
""
""
""
""
""
""
""
""
""
""
""
""
""
""
""
""
""
""
""
""
""
0.39673638
""
""
""
0.40225822
""
""
""
0.47546166
""
0.49851143
""
""
""
0.4756346
""
""
""
""
""
0.44607794
""
0.42157283
""
0.65821624
""
0.46961987
""
""
0.52329123
0.35187516
""
""
""
""
""
""
""
0.52551615
""
""
0.53604412
""
""
""
""
0.51042563
""
""
""
""
""
""
""
0.57827669
""
""
""
""
0.60072917
0.5186075
0.44133699
0.52262121
0.54111844
0.44873142
0.54895622
""
0.58592522
""
""
""
""
""
""
""
""
""
""
""
""
""
""
""
""
""
""
""
""
""
""
""
""
""
""
""
""
""
""
""
""
""
""
""
""
""
""
""
""
""
""
""
""
""
""
""
""
""
""
""
""
""
""
""
""
""
""
""
""
""
""
""
""
""
""
""
""
""
""
""
""
""
""
""
0.48189256
""
""
""
""
""
""
""
""
""
""
""
""
""
""
""
""
""
""
""
""
""
""
""
""
""
""
""
""
""
""
""
""
""
""
""
""
""
""
""
""
""
""
""
""
""
""
""
""
""
""
""
""
""
""
""
""
""
""
""
""
""
""
""
""
""
""
""
""
""
""
""
""
""
""
""
""
""
""
""
""
""
""
""
""
""
""
""
""
""
0.52593124
""
""
""
""
""
""
""
""
""
""
""
""
""
""
""
""
""
""
""
""
""
""
""
""
""
""
""
""
""
""
""
""
""
""
""
""
0.43814436
""
0.53812003
0.57175446
""
""
""
""
""
""
""
""
""
""
""
""
""
""
""
""
""
""
""
""
""
""
""
""
""
""
""
""
""
""
""
""
""
""
""
""
""
""
""
""
""
""
""
""
0.61119342
""
""
""
""
""
""
""
""
""
""
""
""
""
""
""
""
""
""
""
0.58099359
""
0.40919384
""
0.52698314
0.65928543
""
""
0.51754832
""
""
""
""
0.50203496
""
""
""
""
""
""
""
""
""
""
""
""
""
""
""
""
""
""
""
""
""
""
""
""
""
""
""
""
""
""
""
""
""
""
""
""
""
""
""
""
""
""
""
""
""
""
""
""
""
""
""
""
""
""
""
""
""
""
""
""
""
""
""
""
""
""
""
""
""
""
""
""
""
""
""
""
""
""
""
""
""
""
""
""
""
""
""
0.57526702
""
""
""
""
""
""
""
""
""
""
""
""
""
""
""
""
""
0.43710583
0.59443903
""
0.40160209
""
""
""
""
""
""
""
0.42953235
""
0.41341922
0.58893007
""
""
0.585899
""
""
""
""
""
""
0.39795041
0.44583091
""
""
0.38300002
""
0.52982962
0.36041814
""
""
""
""
""
0.51841789
""
""
""
0.47474805
""
""
""
0.41206932
0.52540469
""
""
""
""
""
""
""
""
""
""
""
""
""
""
""
""
""
""
""
""
""
""
""
""
""
""
""
""
""
""
""
""
""
""
""
""
""
""
""
""
""
""
""
""
""
""
""
""
""
""
""
""
""
0.45824096
0.59173876
""
0.60742044
""
""
""
""
0.48093554
""
0.50949019
""
0.45604315
0.60511869
""
""
""
""
""
""
""
0.59240055
0.52699506
""
0.648812
0.59626299
0.55022669
""
0.55433255
""
0.64606285
0.48781592
0.5491088
0.54175192
0.47063762
0.51878005
0.55239993
0.47374514
0.56122214
0.60096169
0.42699507
""
0.63144082
0.58709455
0.63064545
""
0.57313949
""
0.59136969
0.5838173
0.66606241
0.58801132
""
0.48841733
""
0.63941705
""
0.53334272
""
0.54030478
0.57238865
0.55292165
""
0.61332732
0.6609807
0.53150284
0.57228214
0.5413909
0.63114208
0.57631946
0.56839061
0.66617405
""
0.52244925
0.57314706
0.57382768
0.53788829
0.64096344
0.67920172
0.51604784
0.56974804
0.61230415
0.60358518
""
0.57013834
""
0.48182833
""
0.6590324
""
""
0.55504429
0.54980057
0.52917331
0.49444604
""
""
0.55657071
0.5047968
""
0.54233372
0.5047431
""
""
""
""
""
""
0.48434573
0.47749126
0.5201472
""
""
0.6336804
0.49097422
0.38452381
""
0.59625763
0.53152716
0.51090837
0.5205313
0.60111362
0.56112629
0.65049148
0.53187644
0.59368932
""
0.57663709
""
""
0.47570696
""
0.52842367
""
""
0.63382834
""
""
""
0.64075816
""
""
0.5878064
0.69952947
""
0.46437526
""
""
0.56784946
""
""
""
0.49792236
0.57872695
""
0.50725663
""
""
""
0.50078708
""
0.4943938
0.62006778
""
""
""
0.63530391
""
""
""
""
0.55041689
0.3814097
0.53973579
""
0.47274271
""
""
""
""
0.54475594
0.50990528
""
""
0.45796052
""
""
""
""
0.57217491
0.58050889
""
0.40724719
0.51895827
""
""
0.6040836
""
0.56951559
""
""
""
""
""
""
""
0.60294479
""
""
""
""
""
0.57505506
0.61486572
0.44925436
0.55180931
0.5787546
""
0.66390842
""
""
""
0.57947195
0.64379299
""
0.52559048
""
""
0.63576448
0.56560302
0.59996146
""
""
""
0.62865347
""
""
""
0.58794862
""
""
""
""
""
0.58359843
0.57849216
""
""
0.5440411
0.61709893
0.55142778
0.59497613
""
""
""
""
""
""
""
""
""
""
""
""
""
""
""
""
""
""
""
""
""
""
""
""
""
""
""
""
""
""
""
""
""
""
""
""
""
""
""
""
""
""
""
""
""
""
""
0.46437779
""
""
""
""
""
""
0.58355182
""
""
""
""
""
""
""
""
""
""
""
""
""
""
""
""
""
""
""
""
""
""
""
""
""
""
""
""
""
""
""
""
""
""
""
""
""
""
""
""
""
""
""
""
""
""
""
""
""
""
""
""
""
""
""
""
""
""
0.54193091
""
""
""
""
""
0.64637733
""
""
""
""
""
""
""
""
""
""
""
""
""
""
""
""
""
""
""
""
""
0.43173572
0.42342749
""
""
""
""
""
""
""
""
""
0.38388348
""
0.56482869
0.49765775
""
""
""
""
""
0.37695742
""
""
0.53499222
0.4814882
0.45013732
""
""
""
""
""
""
""
""
""
""
""
""
""
""
""
""
""
""
""
""
""
""
""
""
""
""
""
""
""
""
0.37447816
""
""
""
""
""
0.61999959
""
""
""
""
""
""
0.36686146
""
""
""
""
""
""
""
""
""
""
""
""
""
""
""
""
""
""
""
""
""
""
""
""
""
0.49901703
""
""
""
""
""
""
""
""
""
""
""
""
""
""
""
""
""
""
""
""
""
0.53275847
""
""
""
""
""
""
""
""
""
""
""
""
0.4656691
""
0.60222512
0.56706023
0.4326686
""
""
0.50507081
0.71651465
0.55569899
""
""
""
""
0.55023396
""
""
""
""
""
""
""
""
""
""
""
""
""
""
""
""
""
""
""
""
""
""
""
""
""
""
""
""
""
""
""
""
""
""
""
""
""
""
""
""
""
""
""
""
""
""
""
""
""
0.40733403
""
""
""
""
""
""
""
""
""
""
""
""
""
""
""
0.50029522
""
""
""
""
""
""
""
""
""
""
""
""
""
""
""
""
""
""
""
""
""
""
""
""
""
""
""
""
""
""
""
""
""
""
""
""
""
""
""
""
0.47276968
0.52536958
0.50882816
0.59732252
0.57066542
0.55415225
""
0.53278035
0.48616666
0.64355272
0.48564789
0.52568007
0.53552771
0.4358457
0.50204897
0.45844799
""
0.51758254
""
0.52571023
0.53658026
0.57833815
""
0.54368919
0.52348387
""
""
0.44181767
""
0.62104535
0.53366917
0.66478497
0.53529364
""
""
0.51026148
0.46067855
0.60338575
0.56097758
0.65048116
0.69941169
0.49095255
0.50758052
0.60330957
0.57411778
0.48984918
0.52390248
0.59555721
0.62346727
0.52147496
0.57576102
""
""
0.50755048
""
""
0.56501323
0.57566696
""
""
""
""
0.59986496
""
""
""
""
""
""
""
""
""
""
""
""
""
""
""
""
""
""
""
""
""
0.49486518
0.5195421
""
""
""
""
""
""
""
""
""
""
""
""
""
""
""
""
""
""
""
""
""
""
""
""
""
""
""
""
""
""
""
""
""
""
""
""
""
""
""
""
""
""
""
""
""
""
""
""
""
""
""
""
""
""
""
""
""
""
""
""
""
""
""
""
""
""
""
""
""
""
""
""
""
""
""
""
""
""
""
""
""
""
""
""
""
""
""
""
""
""
""
""
""
""
""
""
""
""
""
0.62596774
""
""
""
""
0.53502846
0.53438592
""
""
0.5593614
""
0.50687146
0.56048322
""
""
""
0.66427594
""
0.4826307
""
""
""
""
""
""
""
0.59217787
""
0.50808549
0.59369713
""
""
""
0.44879952
0.53302962
0.46944532
0.53033817
0.5950529
0.50924939
""
0.50592798
""
0.56354231
0.63522333
""
""
""
""
""
""
""
""
""
""
""
""
""
""
""
""
""
""
""
""
""
""
""
""
""
""
""
""
""
""
""
""
""
""
""
""
""
""
""
""
""
""
""
""
""
""
""
""
""
""
""
0.51392502
""
""
""
""
""
""
""
""
""
""
""
""
""
""
""
""
""
0.54259336
0.45908391
0.45510265
0.52640367
0.53557807
0.65182668
""
""
""
""
""
""
""
0.53330731
""
""
0.55479771
0.36438441
0.42278188
""
""
""
""
0.4147912
0.53469104
0.51021475
""
""
0.42164892
0.55161494
0.49046808
0.62216133
0.40345356
""
""
""
""
""
""
""
""
""
""
""
""
""
""
""
""
""
""
""
""
""
""
""
""
""
""
""
""
""
""
""
""
""
""
""
""
""
""
""
0.48897749
""
""
""
""
""
""
""
0.5428291
0.44197249
0.56824845
0.50774038
0.52578592
0.43730941
0.55993813
""
0.44973308
""
0.46209669
""
""
""
""
""
""
""
""
""
""
""
0.55910313
0.46487758
""
0.3876943
""
0.46863854
0.50300044
0.47017008
0.49336642
0.41671592
""
""
""
""
""
""
""
""
""
""
""
""
""
""
""
""
""
""
""
""
""
""
""
""
""
0.62609494
0.43160522
0.56535798
0.50274217
""
""
0.60843283
0.56012714
""
""
""
""
""
""
""
""
""
""
""
0.46849555
0.52880549
0.57486457
0.50967705
0.4664003
0.45332602
0.50415957
0.40136379
0.50453448
0.47867644
0.46731046
""
0.38748902
0.59940499
""
""
0.53522187
0.46364006
""
""
0.45240158
""
0.37708622
0.50748163
""
""
""
""
""
0.49922135
""
0.4150351
0.53081942
""
""
""
""
""
""
""
""
""
""
""
""
""
""
""
0.49542344
""
0.39566228
""
""
""
""
""
""
""
""
""
""
""
""
""
""
""
""
""
""
""
""
""
0.32727861
""
""
0.53205895
0.50545329
""
0.51944274
0.70504147
""
""
""
""
""
""
""
""
""
0.32045287
""
""
""
""
""
""
""
""
0.48311651
0.42358196
0.44264683
""
""
0.62430102
""
""
0.49269816
""
0.52363539
0.54576808
0.52531135
0.46339127
""
""
0.40616348
0.42716208
0.40823892
""
""
0.40719926
""
0.43965381
0.51889884
0.46022722
0.5181306
0.37423345
""
0.48759592
0.4148114
0.52887201
0.51707679
0.5415768
""
""
0.47326317
0.52290314
""
0.45757225
""
0.60084695
0.5182479
""
0.51261437
""
0.54872787
""
""
""
""
""
""
""
""
""
""
""
""
""
""
0.54628468
""
""
0.41505298
0.44457731
""
""
""
""
""
""
""
""
""
""
""
""
""
""
""
""
""
""
""
0.45866811
0.46843284
""
0.33507073
""
0.41552955
0.52023262
0.55592436
""
""
0.50422388
0.65051538
""
""
0.44072115
""
""
""
""
""
0.45966184
0.45341671
""
""
""
""
""
""
""
""
""
""
""
""
""
""
0.43085614
""
""
""
""
""
0.66203493
""
""
""
""
""
""
""
""
""
""
0.4847542
""
""
""
""
""
""
""
""
""
""
""
""
""
""
0.46784043
""
0.47857136
0.45103163
0.42193523
""
""
""
""
""
""
""
""
""
""
""
""
""
""
""
""
""
""
""
""
""
""
""
""
""
""
""
""
""
""
""
""
""
""
""
""
""
""
""
""
""
""
""
""
""
""
""
""
""
""
""
""
0.53860545
""
""
""
""
""
""
""
""
""
""
0.25146294
0.36868867
""
0.46884358
0.56475699
""
""
""
""
""
""
""
""
0.3496376
""
""
""
""
""
""
""
0.48031771
""
""
""
""
""
""
""
""
""
""
""
""
""
""
""
""
""
""
""
""
""
""
""
""
""
0.45812508
""
""
""
""
""
""
""
""
""
""
""
""
""
""
""
""
""
""
""
""
""
""
0.41594163
0.44016927
0.4847829
""
0.51995111
0.49510521
0.37750646
0.49404582
""
0.44441453
0.51749367
0.41041696
""
""
0.45500335
""
""
""
0.52579248
""
""
0.55786878
0.53386414
""
""
""
""
""
""
""
0.46658921
""
""
0.45325154
""
0.53436029
""
0.45452628
0.38039398
0.52955347
0.3770034
""
0.63650101
0.44652402
0.49789339
0.54603702
0.48346156
""
0.48449948
0.42872134
0.5226239
""
""
""
0.66387987
""
0.52683401
0.43383554
0.55853897
""
""
""
0.4336381
0.54870385
""
""
0.55083436
""
0.59723526
0.48856857
""
0.55974054
0.54007751
""
0.3733429
0.47980571
""
0.59525305
0.51620513
0.58784688
0.55815589
""
""
0.49060732
0.43774998
0.49185318
0.50141573
0.55697131
0.5044896
0.50792414
0.53109598
0.55600387
0.51587933
0.54007488
0.50257272
""
0.57000434
0.55210149
""
""
""
""
""
""
""
""
""
""
""
0.39630175
""
""
0.4863151
""
""
""
""
""
""
""
""
""
""
""
""
0.53445554
""
0.41623908
0.47876737
""
""
0.52676028
""
""
0.60597968
""
""
0.53026944
0.52899545
""
0.50050634
""
""
0.41710034
""
0.66010147
0.58288085
0.5175131
""
0.55941337
0.59761608
0.48506504
0.46629676
0.57561255
""
0.57260978
""
""
0.58625859
""
""
""
""
""
""
""
""
""
""
0.49213889
0.43550438
0.46453255
""
""
0.52325809
""
""
""
0.54741997
""
0.50522608
0.52410388
""
""
0.46062979
""
0.43072417
""
""
""
""
""
""
""
""
""
""
""
0.63883227
""
""
""
""
""
""
""
0.39789915
""
0.54677027
""
""
""
""
""
0.60810423
0.44567195
0.62435383
0.48194647
""
""
0.579898
""
""
""
""
""
0.4919478
0.58423173
0.44505307
""
""
0.47202864
0.51445419
0.4996123
""
0.50715923
""
0.37929583
0.22379717
0.48090294
""
0.58850563
0.50921744
0.48104972
""
0.43678582
""
0.53341907
0.55184352
0.50216943
0.53895348
0.55132198
0.53791761
0.47217664
""
0.41744509
0.44943926
0.36046997
0.54786938
0.42256346
0.3823283
0.56297481
0.58111906
0.42791116
""
0.33503515
0.49582371
""
0.61938012
0.4763054
0.58438563
""
0.53281134
0.59467942
""
""
0.52728629
0.37828663
""
0.55105358
0.62960351
0.54970276
0.53056145
0.46128163
""
0.50135571
0.38870347
0.40070635
0.40440577
""
0.36179984
0.30118385
""
""
0.39910144
0.38103005
0.51242691
""
""
0.55220234
""
""
""
0.57215202
0.39690152
0.56885648
""
0.55794382
""
0.51516509
0.51681167
0.55137092
""
0.44804782
""
""
""
""
""
0.49611756
""
0.47484052
""
""
0.47647294
""
""
""
""
0.34128469
""
""
""
""
""
""
""
0.46009606
""
0.45630196
""
0.40432701
""
""
""
""
""
""
""
""
""
""
""
0.46135768
""
""
""
0.46613097
""
0.49811172
0.49921876
""
""
""
""
""
0.29841286
""
0.51478243
0.61468858
""
0.53152877
0.54617518
0.49436784
0.41866478
0.45986935
0.4235284
""
0.34504101
0.55719566
""
""
0.60924059
""
0.44989097
0.58984184
0.42798489
0.60860562
0.51084203
0.57019585
0.50443202
0.53795457
0.51242548
""
""
""
""
""
""
""
""
""
""
""
0.48041159
0.56302679
0.58682281
0.55142641
""
""
0.40339059
0.47668368
0.40996209
0.61761439
0.43014553
""
0.47017503
0.57982486
0.32650349
""
""
""
0.42280248
0.5016802
0.48619878
""
""
0.40046269
0.48389468
0.59802347
""
0.43913433
""
0.44848496
""
""
""
0.40923941
0.4054268
0.54139447
0.56575942
0.4517234
0.52531362
0.42836541
""
""
""
""
""
""
0.64749628
0.39522231
""
""
""
0.52092052
""
0.30672294
""
0.37668371
""
""
""
""
""
""
""
0.55675107
0.50710344
0.44630882
""
""
""
""
""
""
""
""
0.42035764
""
""
""
""
""
""
""
""
0.39489749
""
0.41427407
0.46292043
0.38570651
0.44795638
""
""
""
""
""
""
""
0.53862303
0.42855966
0.31607792
0.39700234
""
""
0.6014269
0.52678972
0.47729784
0.60052383
0.4950428
0.59526646
0.57662326
0.47189415
0.50397509
0.50506687
0.38714159
0.48298547
0.46552393
0.43620533
0.54393333
0.48645857
0.57099503
0.50355941
0.58527189
0.49672121
""
0.44250649
0.49980822
0.44995165
0.49082783
0.49858022
0.54980201
0.42024669
0.51329994
0.46501389
0.49439332
0.46078116
0.48395595
0.51153177
0.46215671
""
""
0.50291228
0.59028256
0.5723899
0.57142502
0.58170706
0.46615538
0.5038994
0.59032971
0.4655486
0.60183078
0.62458938
0.52303755
0.54735756
0.52085078
0.37291908
0.48243108
0.59349144
0.5236994
0.56811237
0.40483555
0.51380038
0.64604938
0.53143311
0.56309307
0.4816432
0.54714292
""
""
""
0.58146811
0.59553844
0.47612068
""
0.56705672
0.53012586
0.61133826
0.36491993
0.56024128
0.49746644
""
""
""
0.4033165
0.42333022
0.49973801
0.55052567
0.49964353
0.51943696
0.48406357
0.5196141
0.47132838
0.53202403
0.44153476
""
0.42489567
""
0.55270708
0.55253083
0.54999286
0.47708192
""
""
""
0.54452747
0.5400117
0.58629525
""
0.58380663
""
0.64429659
0.52391332
0.53946513
0.56513685
0.50579482
0.52687627
0.58368737
0.50010902
0.57660449
0.5292635
0.44344053
""
""
0.59298348
0.5192284
0.56746805
0.47545269
""
0.47769281
0.54212415
0.61586457
""
0.50705671
0.56170416
0.50775176
0.47708058
0.49371794
0.39534947
0.49445212
0.53598493
0.52436864
0.46935302
""
0.50527114
0.45634425
0.39894241
0.48547152
0.51198566
0.52958268
0.47935712
0.52592623
0.4934009
0.50391084
0.55843341
0.55587506
0.50178653
0.45483482
0.49654311
""
0.4506067
0.55942714
0.54432207
0.52001441
0.54039341
0.50451505
0.55527377
0.52393091
0.46727392
0.48322046
0.42707035
0.49739271
0.4876467
0.43061528
0.4246951
0.46051243
0.5524134
0.45161474
0.56444818
0.33655247
0.55597752
0.43166134
0.45505667
0.48422626
0.49697462
0.52204698
0.56103128
0.45117974
0.59782386
0.54762894
0.53949666
0.46366674
0.51720709
0.54800624
0.58746898
0.5390535
0.55561697
0.57319731
0.52667493
0.47423542
0.5329175
0.61195982
0.49427649
0.57152414
0.48966375
0.50246775
0.49675098
0.54952538
0.45766863
0.48926345
0.46860641
0.48358643
0.53078407
0.4811444
0.52270353
0.55038589
0.44898805
0.50667775
0.50187927
0.50841665
0.54240936
0.47060552
0.52474368
""
0.41995868
0.4338558
0.55425137
0.56989264
0.43883607
0.67298627
0.51811588
0.45518142
0.5575875
0.5174849
0.49832442
0.57899642
0.54718602
0.5647226
""
0.6682393
0.49743012
""
0.48646814
0.53679067
0.40728411
""
""
0.58668488
0.46484959
""
0.55383641
0.59020591
0.57103401
0.61688662
""
0.62256587
0.56924301
0.57797438
""
0.53164816
0.48156321
0.49976024
""
0.41681421
0.5577848
""
0.49598628
0.51123244
0.51945597
""
""
""
""
""
0.57375026
""
""
""
0.61892295
0.48356801
0.51126164
0.29582563
""
0.53454661
0.58583945
""
0.59927857
0.56603909
""
""
0.48605493
0.49027833
0.47820646
""
""
""
""
""
""
""
""
""
0.55260605
""
0.70171613
""
0.49749914
0.53822023
0.46659935
0.5072065
0.54009998
0.5491513
0.51672304
0.47404665
0.55194229
0.47314849
0.46338651
0.43675023
0.48004013
""
0.47174919
""
0.4416005
0.69028217
0.56093258
0.51624411
0.60771662
0.59693938
0.51949918
0.47600996
""
0.51829243
0.53461409
0.52631491
0.61538255
0.5200333
0.5731048
0.59204882
0.50754172
0.54319113
0.56625527
0.53629112
0.56997192
0.53747469
0.50203413
0.3858754
0.45479316
0.55069375
0.57274538
0.52068883
0.54067677
0.48185501
""
0.50433332
0.49016294
""
0.57276428
0.48709786
0.49646148
0.45031613
""
""
""
""
""
0.45816609
""
""
0.40628994
""
""
""
""
0.60371047
""
""
""
0.44638661
""
""
""
""
""
0.49753043
""
""
""
""
""
""
""
""
""
""
""
""
""
0.59763438
0.48679233
0.47381097
""
""
""
0.62961018
0.55340731
""
""
""
0.52798951
""
""
""
""
""
""
""
""
""
""
0.50808144
""
""
""
""
""
""
""
""
""
""
""
""
0.45093945
0.54863828
0.45278007
0.5750249
0.48312798
0.65750927
0.47253767
0.41818756
0.60825521
0.56697834
0.52096635
0.45322853
0.46822429
0.48730022
0.46648926
0.43264723
0.42680827
""
""
0.46436983
0.48261148
""
0.38585278
0.4737553
0.53665137
0.45576033
0.54931891
0.43313295
0.48800129
0.49084628
0.50720358
0.46942064
0.49330977
0.42686206
0.50870168
0.46909085
0.4925696
""
""
0.54348654
""
""
""
""
""
""
""
0.49100053
""
0.60378104
""
""
""
""
""
""
0.54695475
""
0.64626598
0.50719923
0.54920202
0.59806669
0.5881899
0.54094827
0.52207118
0.53284895
0.52859819
0.57957947
0.53983676
0.57834965
0.51692361
0.54939497
0.51723552
0.53768516
0.50929338
0.53757906
0.55108809
0.5135287
0.4662973
0.51331919
0.47484902
0.50667316
0.50349909
0.4206503
0.46857756
0.53876293
0.50668257
0.49642488
0.47658485
0.4963778
0.42524138
0.44353768
0.49343234
0.47395721
0.54806012
0.41615027
0.52355695
0.46133825
0.47142142
0.51216775
0.48316967
0.44063956
0.48016459
0.55168998
0.51845884
0.50601959
0.53735226
0.56664479
0.43907845
0.55426419
0.50629002
""
0.59850711
0.55820727
0.5902102
""
""
0.56014103
0.54222667
0.50011081
0.57260543
""
""
""
""
0.47812119
0.53349608
0.4941259
0.4657743
""
0.56888467
0.47374776
0.58329618
""
0.54262584
0.57630944
0.52103233
0.6062007
0.58046466
0.50121337
""
0.50295198
0.60944873
""
0.60546958
0.5364809
0.42274067
0.47378778
0.43872902
0.47414348
""
""
0.59211749
0.63192052
0.53467208
0.62013358
0.63421834
0.36315179
0.48954642
0.52550876
""
0.36564979
0.4689427
0.55897701
0.52926701
0.40449443
0.45556319
0.43265763
0.52937394
0.54640794
0.51445293
""
""
""
""
""
""
0.46612301
""
""
""
""
""
""
""
""
""
""
""
""
0.6262387
""
""
""
""
""
""
0.352532
0.58195364
""
""
0.59823936
""
""
""
""
""
""
""
0.6104399
0.42155835
0.42804575
0.47989023
0.49418771
0.529585
""
""
0.40293035
0.6422556
0.58185619
0.5651204
0.48018774
0.54173905
0.64749104
0.52233052
""
0.62448353
0.532354
0.57808644
""
0.61223388
0.49372447
""
0.50812119
0.4930262
0.54151106
0.50209165
0.48389423
0.48047444
0.45293105
0.52820915
0.57033819
0.51586527
0.55487454
0.53895831
0.46936971
0.54045677
0.54096073
0.44280756
0.53764623
""
0.56459814
0.51263291
0.62084794
0.52782202
0.60969162
0.63001889
""
0.54869938
0.54531217
""
0.47218248
0.46206906
0.53207183
0.5478313
0.45914912
0.44982326
0.5635879
0.59882772
0.49936789
0.63584638
0.57603925
0.46566993
0.56604433
0.52669555
""
0.61461985
0.5348587
0.55734587
""
0.60013986
0.6067571
""
0.51918691
0.49463972
0.64947009
0.42368153
0.52884173
0.59325004
0.55548078
""
0.60936469
0.51512957
0.53277051
0.49489781
""
""
0.61121792
""
""
""
""
0.52061772
0.46037936
0.36272463
""
""
""
""
""
0.32207873
""
0.4944967
0.45630166
0.57127017
0.46756664
""
""
0.5310778
0.41284859
0.58223855
0.50434893
""
0.55585814
0.47476372
""
0.50438964
0.39757353
0.56853902
0.61969858
0.52098006
0.48864776
0.50449604
0.48506784
0.52744842
0.61642879
""
0.51740485
""
0.54456818
""
""
0.53252906
0.3912293
0.40586081
0.64117414
""
""
""
0.51430303
""
""
""
""
""
""
0.42430362
0.5438574
0.49303836
0.38457847
0.39356035
""
""
0.4879981
""
0.55401814
0.42808253
""
""
0.46020392
0.5024823
0.34605792
0.46775776
""
0.44652063
0.34053212
0.4575868
0.43645078
""
0.50804895
0.427571
0.39934206
0.38342151
0.37635902
0.33535361
""
""
""
""
0.46005625
""
0.50581205
""
0.47583312
""
""
""
0.51118398
""
0.51803279
""
""
""
""
""
""
""
""
""
0.57707429
0.49039075
0.50407881
""
""
0.43856159
""
""
0.57868075
""
0.3138991
""
""
""
""
0.56353456
""
""
""
0.47871822
0.53545368
0.35382146
""
""
""
0.43188167
""
0.4919365
""
""
0.38075665
""
0.55852389
0.50662106
""
0.45023325
""
0.48116657
0.54042327
""
""
0.50952858
0.55513537
""
""
0.61131209
""
0.43885791
0.40383434
0.6158964
""
""
0.48424268
0.37260115
""
0.63555223
""
""
""
""
""
""
""
""
""
0.62167025
""
0.56853473
0.40392944
0.39275819
""
0.49957761
0.52394027
0.57140684
0.47172952
0.45580938
0.52844173
0.5981847
""
0.45346177
0.47729605
0.54373574
0.64288676
0.46837303
0.59384131
0.5733493
0.5862239
""
0.51931715
0.4921481
0.49610499
0.4363237
0.35351554
0.56293267
0.61447257
0.50300193
""
0.51940757
0.50757694
0.58590859
0.61962402
0.56711358
0.55563033
0.54074383
0.52078992
0.5015583
0.53836775
""
0.44407848
""
0.53309929
""
""
0.46904743
""
""
""
""
""
""
""
""
0.34355327
""
0.5056271
0.48119363
""
0.47240761
0.58026648
0.54808426
0.50156772
0.59756345
0.58872461
""
""
0.42342907
0.50552642
0.44622564
0.53756762
""
0.53915298
""
""
0.3982943
0.53622556
""
0.55184633
0.5510366
""
""
""
0.51003301
""
""
0.44245207
0.55202872
0.45885637
0.49271283
""
""
""
0.377087
""
0.54479003
""
""
""
""
""
""
""
""
""
0.32795483
0.4172428
0.52334219
0.56997102
0.48476514
0.39877629
0.4786613
0.57592708
0.44233876
0.53386295
0.57533896
0.46581042
0.47012508
0.41033235
""
0.43214288
""
""
0.42783058
""
""
""
""
""
""
""
""
""
""
""
0.60318404
0.5068292
""
""
0.65503961
0.40733963
0.4191308
""
0.40048838
0.41936699
""
""
""
""
""
""
""
""
""
""
""
""
0.53377813
""
""
""
""
""
""
0.42126051
""
""
""
""
""
""
""
""
""
""
""
""
""
""
""
""
""
""
""
""
""
""
""
""
""
""
""
""
""
""
""
""
""
""
""
""
""
""
""
""
""
""
""
""
""
""
""
""
""
""
""
""
""
""
""
""
""
""
""
""
""
""
""
""
""
""
""
""
""
""
""
""
""
""
""
""
""
""
""
""
""
""
""
""
""
""
""
""
""
""
""
""
""
""
""
""
""
""
""
""
""
""
""
""
""
""
""
""
""
""
""
""
""
""
""
""
""
""
""
""
""
""
""
""
""
""
""
""
""
""
""
""
""
""
""
""
""
""
""
""
""
""
""
""
""
""
0.40430024
""
""
""
""
""
""
""
""
""
0.33896461
""
""
""
""
""
0.45066518
""
""
""
""
""
""
""
""
""
""
""
0.36543545
""
""
""
""
""
""
""
""
""
""
""
""
""
""
""
""
""
""
""
""
""
""
""
""
""
""
""
""
""
""
""
""
""
""
""
""
""
""
""
""
""
""
""
""
""
""
""
""
""
""
""
""
""
""
""
""
""
""
""
""
""
""
""
""
""
""
""
""
""
""
""
""
""
""
""
""
""
""
""
""
""
""
""
""
""
""
""
""
""
""
""
""
""
""
""
""
""
""
""
""
""
""
""
""
""
""
""
""
""
""
""
""
""
""
""
""
""
""
""
""
""
""
""
""
""
""
""
""
""
""
""
""
""
""
""
""
""
""
""
""
""
""
""
""
""
""
""
""
""
""
""
""
""
""
""
""
""
""
""
""
""
""
""
""
""
""
""
""
""
""
""
""
""
""
""
""
""
""
""
""
""
""
""
""
""
""
""
""
""
""
""
""
""
""
""
""
""
""
""
""
""
""
""
""
""
""
""
""
""
""
""
""
""
""
""
""
""
""
""
""
""
""
""
""
""
""
""
""
""
""
""
""
""
""
""
""
""
""
""
""
""
""
""
""
""
""
""
""
""
""
""
""
""
""
""
""
""
""
""
""
""
""
""
""
0.36773345
""
""
""
""
""
""
""
""
""
""
""
""
""
""
""
""
""
""
""
""
""
""
""
""
""
""
""
""
""
""
""
""
""
""
""
""
""
""
""
""
""
""
""
""
""
""
""
""
""
""
""
""
""
""
""
""
""
0.50435495
""
""
""
0.45510963
""
""
""
0.53007537
0.43398547
0.4176217
""
""
0.37021828
""
""
0.45924795
""
""
""
""
""
""
""
""
""
""
""
""
""
""
""
""
""
""
""
""
0.60045993
""
""
""
""
""
""
""
""
""
""
""
0.50790757
0.42767924
0.54518646
""
""
""
""
""
""
""
""
""
""
""
""
""
""
""
""
""
""
""
""
""
""
""
""
""
""
""
""
""
""
""
""
""
""
""
""
""
""
""
""
""
""
""
""
""
""
""
""
""
""
""
""
""
""
""
""
""
""
""
""
""
""
""
""
""
""
""
""
""
""
0.5312894
""
0.42761496
0.38338986
""
0.38223621
""
""
""
""
""
""
""
""
""
0.44163626
0.44046575
""
""
0.41509819
""
""
""
""
""
""
""
""
0.31448105
0.4502852
0.40284678
0.41333678
0.4895612
""
""
0.39326876
""
""
0.43934309
""
""
""
0.37904298
0.45659065
""
""
""
""
""
""
""
""
""
""
""
""
""
""
""
""
0.40183595
0.35674912
""
""
""
""
""
""
""
""
0.52509618
""
""
""
""
""
""
""
""
""
""
""
""
""
""
""
""
""
""
""
""
""
""
""
""
""
""
""
""
""
""
""
""
""
""
""
""
""
""
""
""
""
""
""
""
""
""
""
""
""
""
""
""
""
""
""
""
0.44757175
""
""
""
""
""
""
""
""
""
""
""
""
""
""
""
""
""
""
""
""
""
""
""
""
""
""
""
""
""
""
""
""
""
""
""
""
""
""
""
""
""
""
""
""
""
""
""
""
""
""
""
""
""
""
""
""
""
""
""
""
""
""
""
""
""
""
""
""
""
""
""
""
""
""
""
""
""
""
""
""
""
""
""
""
""
""
""
""
""
""
""
""
""
""
""
""
""
""
""
""
""
""
""
""
""
""
""
""
""
""
""
""
""
""
""
""
""
""
""
""
""
""
""
""
""
""
""
""
""
""
""
0.43204734
""
""
""
""
0.58076084
0.56247526
""
0.61503428
""
""
""
""
""
""
""
""
""
""
""
0.41610003
""
""
""
""
""
""
""
""
""
""
""
""
""
""
""
""
""
""
0.45835915
0.4501884
""
""
""
""
""
""
""
""
""
""
""
""
""
""
""
""
""
""
""
""
""
""
""
""
""
""
""
""
""
""
""
""
""
""
""
""
""
""
""
""
""
""
""
""
""
""
""
""
""
""
""
""
""
""
""
""
""
""
""
""
""
""
""
""
""
""
""
""
""
""
""
""
""
""
""
""
""
""
""
""
""
""
""
""
""
""
""
""
""
""
""
""
""
""
""
""
""
""
""
""
""
""
""
""
""
""
""
""
""
""
0.41509143
""
0.43932664
0.54500288
""
0.55332083
""
0.51595169
""
0.51456773
0.46596617
0.57612664
0.53157181
0.48460782
0.4537738
""
""
""
0.52253813
""
0.34923577
""
0.49593326
0.43602034
""
""
""
""
0.42562628
""
""
""
""
0.42517787
""
0.49120262
0.54724491
""
0.44610742
0.44830647
0.48419121
""
""
""
0.38019773
""
""
0.37893805
0.30059615
""
""
""
""
0.36129037
0.45547453
0.4408392
0.47898227
""
""
""
""
""
""
""
0.41940838
""
0.40060344
0.4618642
""
""
""
""
""
""
""
0.30940747
""
""
""
""
""
""
""
""
""
""
""
""
""
""
""
""
""
0.29897586
0.4344444
""
""
""
""
0.30921888
""
""
""
""
""
""
""
""
""
""
""
0.48895332
""
""
""
""
""
""
""
""
""
0.37139979
""
""
""
""
""
""
""
""
""
""
""
0.32712522
0.51507461
""
""
""
""
""
""
""
""
""
""
0.38299724
""
""
0.36723277
0.26315242
0.33575973
""
""
""
""
""
""
""
""
0.44910473
""
""
""
""
""
""
""
""
""
""
""
""
""
""
""
""
""
""
""
""
""
""
""
""
""
""
""
""
""
""
""
""
""
""
""
""
0.45200148
""
""
""
0.65719026
""
""
0.44809499
""
""
""
""
""
""
""
""
""
""
""
""
""
""
""
""
""
""
""
""
""
""
""
""
""
""
""
""
""
""
""
""
""
""
""
""
""
""
""
""
""
""
""
""
""
""
""
""
""
""
""
""
""
0.48620859
""
0.53834385
""
""
""
""
""
""
""
""
""
""
""
""
""
""
""
""
""
""
""
""
""
""
""
""
""
""
""
""
""
""
""
""
""
""
""
""
""
""
""
""
""
""
""
""
""
""
""
""
""
""
""
""
""
""
""
""
""
""
""
""
""
""
""
""
""
""
""
""
""
""
""
""
""
""
""
""
""
""
0.44052145
""
""
""
""
""
""
""
""
""
""
""
""
""
""
""
""
""
""
""
""
""
""
""
""
""
""
""
""
""
0.5248571
""
""
""
""
""
""
""
""
""
""
""
""
""
""
""
""
""
""
""
""
""
""
""
""
""
""
""
""
""
""
""
""
""
""
""
""
""
""
""
""
""
""
""
""
""
""
""
""
""
""
""
""
""
""
""
""
""
""
""
0.44259253
0.25504801
""
0.39021784
0.47563994
""
""
0.58986014
0.59048569
""
""
""
""
0.3972638
""
0.44523489
""
0.40890315
0.4089866
""
""
""
""
""
""
""
""
""
""
""
""
""
""
""
""
""
""
""
""
""
""
""
""
""
""
""
""
""
""
""
""
""
""
""
""
""
""
""
""
""
""
""
""
""
""
""
0.37220219
0.46208677
0.30825725
0.4082942
""
""
""
""
""
""
""
""
""
""
""
""
""
""
""
""
""
""
""
""
""
""
""
""
""
""
""
""
""
""
""
""
""
""
""
""
""
""
""
""
""
""
""
""
""
""
""
""
""
""
""
""
""
""
""
""
""
""
""
0.57923204
""
""
""
""
""
""
0.52072668
""
""
""
""
0.50707573
""
""
""
""
""
""
""
""
""
""
""
""
""
""
""
""
""
""
""
""
""
""
""
""
""
""
""
""
""
""
""
""
""
""
""
""
""
""
""
""
""
""
""
""
""
""
""
""
""
""
""
""
""
""
""
""
""
""
""
""
""
""
""
""
""
""
""
""
""
""
""
""
""
""
""
""
""
""
""
""
""
""
""
""
""
""
""
""
""
""
""
""
""
""
""
""
""
""
""
""
""
""
""
""
""
""
""
""
""
""
""
""
""
""
""
""
""
""
""
""
""
""
""
""
""
""
""
""
""
""
""
""
""
""
""
""
""
""
""
""
""
0.61603838
""
0.59207547
""
""
""
""
""
""
""
""
""
""
""
""
""
""
""
""
""
""
""
""
""
""
""
""
""
""
""
""
""
""
""
""
""
""
""
""
""
""
""
""
""
""
""
""
""
""
""
""
""
""
""
""
""
""
""
""
""
""
""
""
""
""
""
""
""
""
""
""
""
""
""
""
""
""
""
""
""
""
""
""
""
""
""
""
""
""
""
""
""
""
""
""
""
""
""
""
""
""
""
""
""
""
""
""
""
""
""
""
""
""
""
""
""
""
""
""
""
""
""
""
""
""
""
""
""
""
""
""
""
""
""
""
""
""
""
""
""
""
""
""
""
""
""
""
""
""
""
""
""
""
""
""
""
""
""
""
""
0.43582299
0.42294663
""
""
""
""
""
""
""
""
""
0.42729023
0.48439312
0.45487204
0.42994207
0.43580729
0.39576036
0.45688009
""
""
0.41074717
0.5047707
0.43779507
0.48613536
""
""
0.50543672
0.62898344
""
""
""
""
""
""
""
""
""
""
0.5341332
0.47928014
""
0.49702305
""
""
""
""
""
""
""
""
""
""
""
""
""
""
""
""
""
""
""
""
""
""
""
""
""
""
""
""
""
""
0.6738264
""
0.48334432
""
""
""
""
""
""
""
""
""
""
""
""
0.57003784
0.55062002
""
""
""
""
""
""
""
""
""
""
""
""
""
""
""
""
""
""
""
""
""
""
""
""
""
""
""
""
""
""
""
""
""
""
""
""
""
""
""
""
""
""
""
""
""
""
""
""
""
""
""
""
""
""
""
""
""
""
""
""
""
""
""
""
""
""
""
""
""
""
""
""
""
""
""
""
""
""
""
""
""
""
""
""
""
""
""
""
""
""
""
""
""
""
""
""
""
""
""
""
""
""
""
""
""
""
""
""
""
""
""
""
""
""
""
""
""
""
""
""
""
""
""
""
""
""
""
""
""
""
""
""
""
""
""
""
""
""
""
""
""
""
""
""
""
""
""
""
""
""
""
""
""
""
""
""
""
""
""
""
""
""
""
""
""
""
""
""
""
""
""
""
""
""
""
""
""
""
""
""
""
""
""
""
""
""
""
""
""
""
""
""
""
""
""
""
""
""
""
""
""
""
""
""
""
""
""
""
""
""
""
""
""
""
""
""
""
""
""
""
""
""
""
""
""
""
""
""
""
""
""
""
""
""
""
""
""
""
""
""
""
""
""
""
""
""
""
""
""
""
""
""
""
""
""
""
""
""
""
""
""
""
""
""
""
""
""
""
""
""
""
""
""
""
""
""
""
""
""
""
""
""
""
""
""
""
""
""
""
""
""
""
""
""
""
""
""
""
""
""
""
""
""
""
""
""
""
""
""
""
""
""
""
""
""
""
""
""
""
""
""
""
""
""
""
""
""
""
""
""
""
""
""
""
""
""
""
""
""
""
""
""
""
""
""
""
""
""
""
""
""
""
""
""
""
""
""
""
""
""
""
""
""
""
""
""
""
""
""
""
""
""
""
""
""
""
""
""
""
""
""
""
""
""
""
""
""
""
""
""
""
""
""
""
""
""
""
""
""
""
""
""
""
""
""
""
""
""
""
""
""
""
""
""
""
""
""
""
""
""
""
""
""
""
""
""
""
""
""
""
""
""
""
""
""
""
""
""
""
""
""
""
""
""
""
""
""
""
""
""
""
""
""
""
""
""
""
""
""
""
""
""
""
""
""
""
""
""
""
""
""
""
""
""
""
""
""
""
""
""
""
""
""
""
""
""
""
""
""
""
""
""
""
""
""
""
""
""
""
""
""
""
""
""
""
""
""
""
""
""
""
""
""
""
""
""
""
""
""
""
""
""
""
""
""
""
""
""
""
""
""
""
""
""
""
""
""
""
""
""
""
""
""
""
""
""
""
""
""
""
""
""
""
""
""
""
""
""
""
""
""
""
""
""
""
""
""
""
""
""
""
""
""
""
""
""
""
""
""
""
""
""
""
""
""
""
""
""
""
""
""
""
""
""
""
""
""
""
""
""
""
""
""
""
""
""
""
""
""
""
""
""
""
""
""
""
""
""
""
""
""
""
""
""
""
""
""
""
""
""
""
""
""
""
""
""
""
""
""
""
""
""
""
""
""
""
""
""
""
""
""
""
""
""
""
""
""
""
""
""
""
""
""
""
""
""
""
""
""
""
""
""
""
""
""
""
""
""
""
""
""
""
""
""
""
""
""
""
""
""
""
""
""
""
""
""
""
""
""
""
""
""
""
""
""
""
""
""
""
""
""
""
""
""
""
""
""
""
""
""
""
""
""
""
""
""
""
""
""
""
