kir_29_hisp_female_p100
""
""
""
""
""
""
""
""
""
""
""
""
""
""
""
""
""
""
""
""
""
""
""
""
""
""
""
""
""
""
""
""
""
""
""
""
""
""
""
""
""
""
""
""
""
""
""
""
""
""
""
""
""
""
""
""
0.40791565
0.31368831
0.749484
""
""
""
""
""
""
""
""
""
""
""
""
""
""
""
""
""
""
""
""
""
""
""
0.97671413
""
""
""
""
""
""
""
""
""
""
0.63074464
0.75378168
""
""
""
""
""
""
""
""
""
""
""
""
""
""
""
""
""
""
""
""
""
""
""
""
""
""
""
""
""
""
""
""
""
""
""
""
""
""
""
""
""
""
""
""
""
""
""
""
""
""
""
""
""
""
""
""
""
""
""
""
""
""
""
""
""
""
0.65487939
0.28744316
0.48311523
""
""
""
""
""
""
""
""
""
""
""
""
""
""
""
""
""
""
""
""
""
""
""
""
""
""
""
""
""
""
""
""
""
""
""
""
""
""
""
""
""
""
""
""
""
""
""
""
""
""
""
""
""
""
""
""
""
""
""
""
""
0.92999482
""
""
""
""
""
""
""
0.37414473
""
0.36165115
""
""
""
""
""
""
""
""
""
""
""
""
""
""
""
""
""
""
""
""
""
""
""
""
""
""
""
""
""
""
0.14750107
""
""
""
""
""
""
""
""
""
""
""
""
""
""
""
""
""
""
""
""
""
""
""
""
""
""
""
""
""
""
""
""
""
""
""
""
""
""
""
""
""
""
""
""
""
""
""
""
""
""
""
""
""
""
""
""
""
""
""
""
""
-0.29179409
""
0.5772717
""
""
""
""
""
""
""
""
""
""
""
""
""
""
""
""
""
""
""
""
""
""
""
""
""
""
""
""
""
""
""
""
""
""
""
""
""
""
""
""
""
""
""
""
""
""
""
""
""
""
""
""
""
""
""
""
""
""
""
""
""
""
""
""
""
""
""
""
""
""
""
""
""
""
""
""
""
""
""
""
""
""
""
""
""
""
""
""
""
""
""
""
""
""
""
""
""
""
""
""
""
""
""
""
""
""
""
""
""
""
""
""
""
""
""
""
""
""
""
""
""
""
""
""
""
""
""
""
""
""
""
""
""
""
""
""
""
""
""
""
""
""
""
""
""
""
""
""
""
""
""
""
""
""
""
""
""
""
""
""
""
""
""
""
""
""
""
""
""
""
""
""
""
""
""
""
""
""
""
""
""
""
""
""
""
""
""
""
""
""
""
""
0.95684332
""
""
""
""
""
""
""
""
""
""
""
""
""
""
""
""
""
""
""
""
""
""
""
""
""
""
""
""
""
""
""
""
""
""
""
""
""
""
""
""
""
""
""
""
""
""
""
""
""
""
""
""
""
""
""
""
""
""
""
""
""
""
""
""
""
""
""
""
""
""
""
""
""
""
""
""
""
""
""
""
""
""
""
""
""
""
""
""
""
""
""
""
""
""
""
""
""
""
""
""
""
""
""
""
""
""
""
""
""
""
""
""
""
""
""
""
""
""
""
""
""
""
""
""
""
""
""
""
""
""
""
""
""
""
""
""
""
""
""
""
""
""
""
""
""
""
""
""
""
""
""
""
""
""
""
""
""
""
""
""
""
""
""
""
""
""
""
""
""
""
""
""
""
""
""
""
""
""
""
""
""
""
""
""
""
""
""
""
""
""
1.3666304
0.38783142
""
""
""
""
""
""
""
""
""
""
""
""
""
""
""
""
""
""
""
""
""
""
""
""
""
""
""
""
0.29311264
""
0.73728031
""
0.7023949
""
""
""
""
""
""
""
""
""
""
""
""
""
""
""
""
""
""
""
""
""
""
""
""
""
""
""
""
""
""
""
""
""
""
""
""
""
""
""
""
""
""
""
""
""
""
""
""
""
""
""
""
""
""
""
""
""
""
""
""
""
""
""
""
""
""
""
""
""
""
""
""
""
""
""
""
""
""
""
""
""
""
""
""
""
""
""
""
""
""
""
""
""
""
""
""
""
""
""
""
""
""
""
""
""
""
""
""
""
""
""
""
""
""
""
""
""
""
""
""
""
""
""
""
""
""
""
""
""
""
""
""
""
""
""
""
""
""
""
""
""
""
""
""
""
""
""
""
""
""
""
""
""
""
""
""
""
""
""
""
""
""
""
""
""
""
""
""
""
""
""
""
""
""
""
""
""
""
""
""
""
""
""
""
""
""
""
""
""
""
""
""
""
1.0379828
""
0.62104976
""
""
""
""
""
""
""
""
""
""
""
""
""
""
""
""
""
""
""
""
""
""
""
""
""
""
""
""
""
""
""
""
""
""
""
""
""
""
""
""
""
""
""
""
""
""
""
""
""
""
""
""
""
""
""
""
""
""
""
""
""
""
""
""
""
""
""
""
""
""
""
""
""
""
""
""
""
""
""
""
""
""
""
""
""
""
""
""
""
""
""
""
""
""
""
""
""
""
""
""
""
""
""
""
""
""
""
""
""
""
""
""
""
""
""
""
""
""
""
""
""
""
""
""
""
""
""
""
""
""
""
""
""
""
""
""
""
""
""
""
""
""
""
""
""
""
""
""
""
""
""
""
""
""
""
""
""
""
""
""
""
""
""
""
""
""
""
""
""
""
""
""
""
""
""
""
""
""
""
""
""
""
""
""
""
""
""
""
""
""
""
""
""
""
""
""
""
""
""
""
""
""
""
""
""
""
""
""
""
""
""
""
""
""
""
""
""
""
""
""
""
""
""
""
""
""
""
""
""
""
""
""
""
""
""
""
""
""
0.91760874
0.58190006
""
1.032436
1.382648
""
0.91309696
0.80697346
0.98029524
0.6173203
0.51356173
1.3593892
0.88101196
0.46828845
1.3599579
""
""
""
0.44801635
0.57842636
0.89642847
0.78928477
0.41774866
0.46422639
0.76243323
0.76157928
0.69853759
0.57831609
0.40836066
-0.043201316
""
0.44706059
""
0.75959736
0.40872142
0.58173496
""
0.29685521
0.32439452
0.39325061
0.5787397
0.56256068
0.52961254
0.43154493
0.38819638
0.24480684
""
""
""
""
""
""
""
""
""
""
""
""
""
""
0.60233235
""
""
0.83061135
""
""
0.33426571
""
""
0.48406446
""
""
""
0.74223858
""
""
1.0415174
""
""
""
""
""
0.66989785
""
""
""
""
""
""
""
""
""
""
""
""
""
""
""
""
""
""
""
""
""
""
""
""
""
""
""
""
""
""
""
""
""
""
""
""
""
""
""
""
""
""
""
""
""
""
""
""
""
""
""
""
""
""
""
""
""
""
""
""
""
""
""
""
""
""
""
""
""
""
""
""
""
""
""
""
""
""
""
""
""
""
""
""
""
""
""
""
""
""
""
""
""
""
0.99277472
0.37289253
0.73987508
""
0.57406425
""
""
""
0.60709757
0.50182503
0.62893742
0.62408072
0.49858278
0.76528847
""
0.67910159
0.65132868
0.65519369
0.70079798
""
0.63041097
0.62037754
0.53913826
0.695898
0.61966026
0.66116744
0.76257753
0.69054067
0.65654868
0.38369814
0.62900555
0.82947576
0.53260446
0.25304183
0.63583273
0.4371174
0.59009939
0.61034727
0.57537091
0.77326053
0.50513285
""
0.63474661
0.48067078
0.63786393
0.26878271
0.63733548
""
""
0.84784436
""
""
""
0.36018559
""
""
""
""
""
""
""
""
""
0.70479107
""
0.90887564
0.50737059
""
""
0.5257479
0.60953194
0.58692902
0.56778622
0.58698678
0.94970363
""
""
""
""
""
0.35741132
0.50613737
0.64418507
0.30774102
""
0.4000251
0.62531012
0.37991074
1.1255821
""
""
""
""
""
""
0.62306225
0.34460646
""
""
""
""
""
""
""
""
""
""
0.074448504
""
0.36700049
""
""
""
""
""
""
""
""
""
""
""
""
0.43004796
""
0.63258713
0.62846422
""
0.99394602
0.40474552
0.61466366
""
0.64845514
""
0.21971826
0.59603256
0.65521234
""
0.85769451
0.52911299
0.075910747
0.63074845
0.37718311
0.52816027
0.61591619
0.52287006
0.66089469
0.73020363
0.6262114
""
""
0.39350748
0.62036568
""
0.39939368
0.33016655
0.067672223
""
""
0.50573134
""
0.63403285
""
0.55589259
0.35294643
0.44546255
""
0.64348364
""
""
""
""
0.83358049
0.44039285
""
0.45912313
""
0.51913047
0.61738306
0.105973
0.79834521
0.66732609
0.62384188
0.45259032
0.69783551
""
""
""
""
0.63163507
0.43357363
0.51720995
0.45425138
""
0.49505606
0.80887675
""
0.66734308
0.46974936
""
""
""
""
0.58336014
0.79246837
0.63020265
0.67544335
0.56426996
0.53581727
0.39694062
0.54960424
0.61337888
0.59632742
0.67228711
0.46175355
0.67533469
0.48826769
0.58684546
0.70638347
0.21523263
0.56571496
0.67502326
0.57945812
0.59306675
0.43830588
0.5320161
0.40269074
0.4476271
0.64333624
""
0.50274301
0.46665221
0.42816755
0.51936632
""
0.28834042
0.70421958
1.3303435
0.8086167
0.42918098
0.64744711
0.50408608
0.61916012
0.48782179
0.47278938
0.64270282
0.70643824
0.37957653
0.51322842
0.5916723
0.54690164
0.54719108
1.0541031
""
0.41614828
0.62031603
0.83692479
0.57435364
0.64103281
0.58960134
0.58934736
0.70138657
0.95063072
0.63489908
0.49803948
""
0.50817883
0.96649551
0.67191243
0.70228702
0.42291805
0.54300851
0.67097032
0.46544659
0.7877329
0.66588217
0.60592794
0.6777364
""
""
""
""
0.70921987
0.60304606
0.82734627
0.33997273
0.61567718
""
0.63363546
0.68933153
""
0.40328676
0.40924108
0.62966526
0.35232931
0.2291481
0.88186568
0.26349095
0.737028
0.62965411
0.61503047
0.5458293
0.71714222
0.69745308
0.38895249
0.64557356
0.57537913
0.66351068
0.69306821
0.48503748
0.52082473
0.55617458
0.4967722
0.75095862
0.83003414
0.70001972
0.70742911
0.48773947
0.84964198
0.68384141
0.57968789
0.75250602
""
0.47990519
0.7814967
0.53684253
0.75359297
0.76464313
0.71727204
0.68996823
0.29762697
0.76194525
0.57496244
0.69341767
0.91738629
0.78827745
0.22866531
0.70385569
""
0.62394184
0.32435989
0.55872458
0.87488347
0.53656423
0.60120374
0.79926336
0.84460884
""
""
""
0.40064225
0.53008622
""
0.77742702
0.8482151
0.52156335
0.92535734
0.49626443
1.1192017
0.61352235
0.63228536
0.75784653
0.57155579
0.51173121
0.83111787
0.2471396
0.045528553
0.42382449
0.71569991
0.64745075
0.72379369
1.0006679
0.73877203
0.69072849
0.62023658
0.86698157
""
0.23890105
0.68463761
0.5939216
0.59380949
0.45736676
0.56014067
0.58064753
0.32450634
0.55546749
0.45370051
0.76811856
0.40325972
0.83269721
0.46528623
0.97302765
""
""
""
""
0.76504576
0.79197031
0.71798742
0.53961301
0.54869652
0.73681796
0.62020737
0.66156793
0.43187714
0.55587721
0.6441164
0.53409457
0.61314553
0.43169665
0.62563127
0.44449285
0.20651655
0.46218246
0.42845851
0.41371885
0.69401836
0.68643922
0.79572332
0.63032335
0.65461403
0.76085144
0.65971917
0.81002861
0.42123005
0.34747419
0.60290456
0.51919556
0.62624985
0.61359555
0.66263407
0.51248485
0.31913394
0.71115476
0.46339285
0.77260369
0.54897368
0.72352296
1.1344737
0.56812006
0.48841444
0.4377256
0.58828223
0.55587476
0.90258837
0.73005056
0.32471493
0.70330447
0.819915
0.66590291
0.52836078
0.68954307
0.93924403
0.55343711
0.59954125
0.8245514
0.58618289
0.66785258
0.61103612
0.64220119
0.51832294
0.60564423
0.67642641
0.61318088
0.65101916
0.57664937
0.75825524
0.57433605
0.65729451
0.79974276
0.46076369
0.50301057
0.56151074
0.44182321
0.43476084
0.91066003
0.67807496
0.59835273
0.58355218
0.48168904
0.42487642
0.70225406
0.93958688
0.76406848
0.46998796
0.74776274
0.47186935
0.63734806
0.63107061
0.76293761
0.87687951
0.81131858
""
0.38062468
0.54162574
""
0.46400332
0.057631604
0.45899725
0.82490939
0.56417137
0.49233535
0.46632683
0.35795242
0.92397022
0.38981992
0.28439918
0.97529119
0.78987026
0.47434145
0.72475803
0.447992
0.67950451
0.43707791
0.54424173
0.39520034
0.7525211
0.48430616
0.47376531
0.63698703
0.9288981
0.50347567
0.56108105
0.518785
0.58750707
0.52810985
""
""
0.43439159
""
""
""
0.5272755
0.71487439
0.54950452
0.87523246
0.70319587
0.48519278
0.62003422
0.11653838
0.71590263
""
0.67208141
""
0.6400702
0.74964923
0.7514599
0.74552959
0.60271269
0.73696053
0.69543093
0.84735191
0.60185307
0.57273954
0.73593271
0.51267976
0.50028569
""
""
0.61237741
""
0.63595855
0.60955566
0.54068172
0.31061727
0.35180661
0.26477394
""
0.74688041
""
""
""
0.52777481
0.81324017
""
0.81498784
""
""
""
""
0.83141845
""
""
""
""
""
""
""
""
""
""
""
""
""
""
""
""
""
""
""
""
""
""
0.50842571
""
0.63316315
0.69455826
0.60919225
""
-0.060689379
""
""
""
""
""
0.73609817
0.50610554
0.61985898
0.80652034
0.45464084
0.33117571
0.81025243
""
1.0080357
0.51170284
0.5848549
0.41450748
""
0.81737566
0.5424552
""
""
0.76199955
0.34005415
0.73931068
0.60530806
0.71773994
0.58956277
0.57288951
0.65254086
0.88745135
0.58113205
0.55709398
0.6253978
0.48767173
0.48684484
0.76022547
0.3096849
0.80013102
0.64659303
0.60813981
0.61918187
0.71825445
""
0.55153477
""
0.58472639
0.34491053
0.67659265
0.40972474
""
0.32021058
0.53696156
0.81351238
""
0.57468885
0.58938456
0.4150911
""
0.61138773
0.30832252
0.72168559
""
0.45532888
""
""
0.38050279
0.6048336
0.48599979
0.54079384
0.17029384
""
0.3453885
0.88842696
0.5293054
""
0.57513195
0.57547909
""
0.20022747
0.60740864
0.68388087
0.56488234
0.68558496
0.50599003
0.68783945
0.48908922
0.44862875
0.57871199
0.67853558
""
0.32269856
""
0.38705412
0.74435443
0.32451361
0.36500552
0.7191757
0.49460605
0.36416492
0.43492454
0.47298798
0.8948434
0.8988018
0.76360846
1.1019244
0.77205348
0.823327
0.54158515
0.65201217
0.64296186
0.2923677
0.44366154
0.6859296
0.90803558
0.26538649
0.59801751
0.64860076
0.41153607
0.62447488
0.32670534
0.66710597
0.41303194
0.59411699
0.85626805
0.60126185
0.72498095
0.4986009
0.59841549
0.50284714
0.15037207
0.54831809
0.55366421
0.44749528
0.57981467
0.4696053
0.51862335
0.63126171
0.73957223
0.62092537
0.42224804
0.60443532
0.72829598
0.53326875
0.53409344
0.63628125
0.28374332
0.38037887
0.49064672
0.83207864
0.85208791
0.5529772
0.80433041
0.73377639
0.53648764
0.53285819
0.63974428
0.8684684
0.60639024
0.45892245
0.6785301
0.70803303
0.3402915
0.35666165
0.67120105
0.64786178
""
0.54417104
""
0.46751562
0.89323288
0.51144302
""
0.43328786
0.68364626
0.82665378
""
""
0.71126217
0.78084332
1.2094672
0.6820488
1.2733868
0.54331541
""
0.52766132
""
0.55602968
""
""
0.37518737
0.33234018
""
""
0.37212977
""
0.46903926
0.36806777
""
""
0.71102381
0.67016971
0.55077142
0.44819257
0.63574821
0.63809735
0.3239837
0.61241251
0.36398521
0.70752561
""
""
""
""
""
""
""
""
""
0.17947616
""
""
0.35797185
""
0.58092004
""
""
0.5103299
0.45649961
""
""
""
""
""
""
""
""
""
""
""
""
""
""
0.8348012
""
""
""
0.30785906
0.32109618
0.49937302
0.92691493
0.50488508
0.7095412
0.38021606
0.50469553
0.6678403
0.1608192
1.0757191
""
""
""
""
""
""
""
""
0.53504097
0.68410558
0.41818556
""
0.24811053
0.72932273
""
0.42336836
0.35317653
0.63077021
0.27594009
0.44891757
0.84392887
0.67866278
""
""
""
""
""
0.69435197
0.26902348
0.69000959
""
0.70061255
0.76425111
0.78026676
0.88478982
0.10721259
0.50413305
0.59195369
0.39818487
0.78694594
0.9099133
""
0.80392015
0.56247139
0.61051571
1.0200741
0.72454172
0.084951133
0.68975025
0.35895881
0.61755419
""
0.42258972
1.0145938
""
""
0.51009256
""
0.64353353
0.72916007
0.46308812
0.61540836
0.65064538
0.6119228
0.62172085
0.70425057
0.66805065
0.69210142
0.30240461
1.0186638
0.57659239
0.75750875
""
0.72913361
0.79260355
""
0.47314236
0.40796787
0.43047184
0.56347257
""
""
""
0.5331834
0.69886512
""
""
""
""
""
""
""
""
""
""
""
0.3704693
""
""
0.62627286
0.76311445
0.68040425
0.50656992
0.38652238
""
""
0.94084924
""
0.4690437
""
""
""
""
""
0.82415122
""
""
0.75035661
0.72261226
""
""
""
""
""
""
""
""
""
0.37006164
0.6936366
""
""
""
""
""
""
""
""
0.51492077
""
""
""
""
""
""
""
""
0.42282909
0.69411767
""
1.0295101
0.77192235
0.79036593
0.71758491
0.72687316
0.81960779
0.4541263
0.5780111
0.60312927
0.7341184
0.5040583
0.87956172
0.44927663
0.86453527
0.37108472
""
1.0160513
0.2793785
0.57161224
""
0.70147926
0.64164388
""
""
0.38916621
0.99241489
0.89248216
0.61612141
0.34004095
0.60075837
0.68229038
""
""
0.14893658
""
""
""
""
""
""
""
""
""
""
""
""
""
0.3922874
0.57089704
0.57007939
0.79480046
0.33589339
""
0.15657297
""
""
""
""
""
""
""
0.53406304
""
0.7508145
0.46296635
""
0.72006571
0.46841148
0.51911658
1.007983
0.69197881
0.7277956
0.24426553
0.45046383
0.46374491
0.56854254
0.55155563
0.54132146
0.40613705
0.72935396
0.5796144
0.44066918
0.74260205
0.31361634
0.26854795
0.40339395
0.6518631
0.6781401
0.53235489
0.46570066
0.44800043
0.5432629
0.41376564
0.3838762
0.73784095
0.63743335
0.53993922
0.53253782
0.61462635
0.31063902
1.0228227
0.60377777
0.66379011
0.11804955
1.0673286
0.57062358
0.030636117
0.58051306
0.5810138
0.42317465
0.48226953
0.50501055
0.69711608
0.8107366
0.51578391
0.50043988
0.60657734
0.53205872
0.52516264
0.53549856
0.60912216
0.55226451
0.52775782
0.53751153
0.54713368
0.51654136
0.51624846
0.53654259
0.62020028
0.50288016
0.58638889
0.62187308
0.47518244
0.31263238
0.55761182
0.50400847
0.40068245
0.51570964
0.61310142
0.54518461
0.58184087
0.63414121
0.52708113
""
0.74977952
0.42401737
0.48553699
0.61336309
0.45277554
0.60922956
0.75554454
0.60975307
""
0.61216903
0.52588326
0.63952529
0.66287184
0.43011495
0.29134741
0.83027565
""
0.50223374
""
0.65327048
""
0.66708213
0.617953
0.6592589
0.6370616
0.78222013
""
""
0.62936121
0.46363327
0.72382748
0.75462484
0.46485522
0.76597303
0.32383907
0.61044896
0.34386969
0.58699334
1.0217805
0.28603637
0.51815349
0.65773278
0.62764186
0.41321862
0.624327
0.62080532
0.5209471
0.40450856
""
0.56968856
""
0.53578669
0.57401413
0.54877126
0.38388026
0.51106191
""
0.59397858
0.60258335
0.5362258
""
""
""
0.64386833
0.67853713
""
0.35154074
""
""
""
0.46604201
0.37145254
""
0.50543797
0.56033653
0.64827687
0.60331482
0.73517019
0.68889177
0.57808989
0.56846845
0.6459713
0.62094545
0.60877967
0.71316779
0.40433976
0.6270687
0.58997023
0.51577878
0.72448111
0.49810913
0.11164416
0.26988581
0.43209311
0.80537295
0.42809784
0.61717397
0.62319523
0.48426589
0.34885591
0.73815185
0.45624217
0.64717495
0.71033221
0.77809089
0.49398816
0.42468071
0.84177351
""
""
0.70972824
0.68985748
0.47962707
0.77120388
0.57400441
0.67089492
""
""
0.57702941
0.61686176
0.56598151
""
0.77402866
0.64607704
0.23691364
""
""
""
""
""
0.48603186
0.51769263
0.7346043
0.61883098
0.52681124
""
0.49707797
0.57719928
0.62043709
0.34145027
0.48550543
""
""
0.42919719
""
0.74810463
""
0.72316182
""
0.64829522
0.75543523
0.68403757
0.43370068
""
0.57608682
0.54346383
""
""
""
0.30246583
0.35219327
0.5104031
""
""
""
-0.11849245
""
""
""
""
""
0.58970374
0.54346585
0.35005563
""
0.44346452
""
""
""
""
""
0.62447393
0.6135065
""
""
0.4811964
""
0.67383891
""
""
0.71007609
""
0.48880488
""
""
""
0.52657455
0.83256108
0.42744446
0.5347116
""
0.49729738
0.37460479
0.55987173
0.54766315
0.63860279
""
0.56793767
0.65959466
""
0.78698814
0.49439812
""
""
""
""
0.61025077
""
""
""
""
""
""
0.93513411
0.67805088
""
0.57386595
""
""
""
0.46879083
""
0.56446999
-0.17853142
""
0.49596727
""
""
0.84339416
0.52757215
0.63710767
0.61583126
0.54579014
0.58694673
0.70442683
0.57863194
0.77064377
0.31507879
0.4036856
0.67521274
0.44794267
""
""
0.41396174
0.53686392
0.43773577
""
""
0.6794467
0.51651686
""
""
0.51651615
0.41753817
""
""
0.45699769
0.32038173
""
""
""
""
""
0.47785071
0.19024393
""
""
""
""
""
""
""
0.25483713
0.4939419
0.45636243
0.54440802
0.38371944
""
0.59548289
0.5204522
0.38814655
0.63588119
0.55555177
0.6472615
0.61291432
0.58209485
0.49433988
0.68224049
0.46774423
0.65251124
0.44368082
0.57141465
0.57459402
0.43040749
0.65154517
0.5513519
0.56891072
0.61782694
0.73479927
0.57515228
0.48174965
0.40265113
0.39996335
""
0.79291612
0.561912
""
0.24570303
0.83233577
""
0.83569145
""
""
0.83627743
""
""
""
0.25791237
0.61612576
0.60033965
0.69976419
""
0.67754334
0.55989367
0.37262681
0.49552205
""
0.70033807
0.68095791
0.053396467
""
""
""
""
""
""
""
""
""
""
""
""
""
""
""
""
""
""
""
""
""
""
""
""
""
0.53431553
1.1727315
0.47710696
0.52056241
0.70215696
0.9706738
0.78932858
0.47157037
0.82812297
0.53131688
0.48795092
1.0618517
""
""
1.2890766
1.0816584
""
""
""
""
""
""
""
""
""
""
""
""
0.53740698
""
""
0.15957767
0.12097032
""
1.7734733
""
""
""
""
""
""
""
""
""
0.80540967
""
""
""
""
""
""
""
""
""
""
""
""
""
""
""
""
""
""
""
0.67295027
""
1.245523
""
""
""
""
""
""
""
""
""
""
""
""
""
""
""
""
""
""
""
""
""
""
""
""
""
""
""
""
""
""
""
""
""
""
""
""
""
""
""
""
""
""
""
""
""
""
""
""
""
""
""
""
""
""
""
""
0.43705353
""
""
""
-0.00031367334
1.1506863
""
""
""
""
""
""
""
""
""
""
""
""
""
""
""
""
""
""
""
""
""
""
""
""
""
""
""
""
""
""
""
""
""
""
""
""
""
""
""
""
""
""
""
""
""
""
""
""
""
""
""
""
""
""
""
""
""
""
""
""
""
""
""
""
""
""
""
""
""
""
""
""
""
""
""
""
""
""
""
""
""
0.60164326
""
0.3747392
""
""
""
""
""
""
""
""
""
""
""
""
""
""
""
""
""
""
""
""
""
-0.29107097
""
0.12341817
""
""
""
""
""
""
""
""
""
0.83047378
""
""
""
""
""
""
""
""
""
""
""
""
""
""
""
""
""
""
""
""
""
""
""
""
""
""
""
""
""
""
""
""
""
""
""
""
""
""
""
""
""
""
""
""
0.67814273
-0.012464659
""
""
""
""
""
""
""
""
""
""
""
""
""
""
""
""
""
""
""
""
""
""
""
""
""
""
""
""
""
""
""
""
""
""
""
""
""
""
""
""
""
""
""
""
""
""
""
""
""
""
""
""
""
""
""
""
""
""
""
""
""
""
""
""
""
""
""
""
""
""
""
""
""
""
""
""
""
""
""
""
""
""
""
""
""
""
""
""
""
""
""
""
""
""
""
""
""
""
""
""
""
""
""
""
""
""
""
""
""
""
""
""
0.71922517
""
""
""
""
""
""
""
""
""
""
0.40346184
""
""
0.34625578
-0.80146503
""
""
""
""
""
""
""
""
""
""
""
""
""
""
0.7597791
""
""
""
""
""
""
""
""
""
""
""
""
""
""
""
""
""
""
""
""
""
0.89394516
""
""
""
""
""
""
0.59707415
""
""
0.54482281
0.5415163
""
""
0.19960858
""
""
""
""
""
""
""
""
""
""
""
""
""
""
""
""
""
""
""
""
""
""
0.74103254
""
""
""
""
""
""
""
""
""
""
""
""
""
""
""
""
""
""
""
""
""
""
""
""
""
""
""
""
""
""
""
""
""
""
""
""
""
""
""
""
""
""
""
""
""
""
""
""
""
""
""
""
""
""
""
""
""
""
""
""
0.75013483
0.31617323
0.28353959
1.2717803
0.75336492
0.53000051
0.30992872
0.24308839
0.20142333
""
""
""
""
""
""
""
""
""
""
""
""
""
""
""
""
""
""
""
0.68460381
""
""
""
""
""
""
""
""
""
""
""
""
""
""
""
""
""
""
""
""
""
""
""
""
""
""
""
""
""
0.68327487
0.516159
0.38289893
0.93793112
0.68233854
0.72471428
""
0.40377086
""
0.27181137
""
""
""
0.76210314
""
""
""
""
""
""
""
1.1985115
""
""
-0.048552986
""
""
""
""
""
""
""
""
""
""
""
""
""
""
""
""
0.98008358
""
""
0.096952491
""
""
""
""
""
""
""
""
""
1.2435557
""
0.19558856
1.0121038
""
""
0.9972297
""
""
1.4860981
1.3523372
0.3954514
""
""
""
""
""
""
""
""
""
""
""
""
""
""
""
""
0.18092743
""
""
""
""
""
""
""
""
""
""
""
1.1718504
""
""
0.16083178
""
""
0.77139866
0.57160735
0.66758776
""
1.1286743
0.20561154
0.48611504
0.071988441
0.61754781
0.48496363
0.70598513
0.70178735
0.73135227
""
0.54323882
0.53122997
0.50561678
0.45587996
0.69568449
0.62032169
0.66961461
0.61619788
0.64469928
0.64443892
0.86691701
0.67347771
0.64710516
0.79544991
0.39506388
""
""
""
""
0.60163844
0.72939068
0.60556948
0.68912768
0.53035599
0.5766632
0.4562017
0.64385343
0.6655435
0.26141798
0.48746777
0.80182195
0.82349569
0.69958913
0.82249773
0.57619858
0.69646055
0.76886511
""
""
0.49764809
0.89904565
0.95149648
""
""
""
""
""
0.60764259
0.57693082
""
""
""
""
""
""
""
""
0.68536448
""
0.56667817
""
""
""
""
""
""
""
""
""
0.051481865
0.9485063
0.34437251
0.41391048
""
""
""
""
""
""
""
0.5016467
""
""
""
""
""
""
0.67016464
0.55880189
0.54062289
0.65352958
0.47502512
0.44259089
0.58944118
0.52564257
0.7105242
0.56267786
0.60383922
0.6282286
""
0.69607455
""
0.65361059
0.95071721
0.84774554
""
0.64796466
0.34701905
""
0.62469029
0.75473481
0.65813404
0.68972474
0.64417505
0.36231413
0.25041586
0.61481017
0.55742574
0.73980671
0.36481822
0.33611977
0.74191779
0.75490898
0.71700877
0.77205145
0.93378806
0.71136969
0.68401802
0.76621336
0.77810341
0.65527552
0.54550171
0.72262007
0.64852917
0.45557499
0.41029513
0.65845418
0.6793496
0.53921938
0.44439006
0.65332925
0.6087569
0.47769246
0.43107632
0.60312939
0.50870168
0.61565524
0.62724054
0.54535967
0.70104253
0.67953956
0.53964007
0.74277467
0.39865547
0.62323028
0.55064368
0.66411352
0.65498549
0.4820109
0.66873789
0.95821059
0.45765814
0.62645626
0.74804443
0.55635077
0.71518189
0.77535695
0.64962733
0.63915932
0.62611544
0.61889124
0.30713585
0.68102103
0.66451865
0.77574199
0.66052294
0.74956578
0.67370135
0.67030799
0.45456699
0.57883054
0.40670896
0.66775352
0.63860875
0.65696836
0.81459236
0.64007437
0.52190471
0.7185666
0.73389781
0.70381665
""
""
0.65914196
""
0.62424332
0.75740212
0.6985656
""
0.64814955
0.75213689
0.58175617
0.77811557
0.57002515
0.56848216
0.45904535
0.54257178
""
0.58126307
0.47557271
0.6977306
0.76729304
0.46657059
0.86301941
0.56963259
0.27228394
0.64803076
0.61676377
""
0.47981539
0.77365744
0.51494908
0.74466848
0.772111
0.62246132
0.67331839
0.70000798
0.72525626
0.4373903
0.58269072
0.50943547
0.62393379
0.61312836
""
0.55953002
""
""
0.62003684
""
0.53192234
0.70606655
0.75635082
0.50613958
0.73347169
0.63936108
0.556122
0.75480175
0.76700318
""
""
0.71684289
0.48729801
0.58539248
0.64625865
0.56712472
""
0.72113138
0.49322623
0.29636303
0.70214903
0.9000814
0.27227992
0.60116744
0.58514845
0.31831804
0.70083117
0.78197259
0.67282158
0.75884318
""
""
""
0.55802661
""
0.52975488
0.53419828
0.77540636
0.3508873
""
0.62085205
0.43003729
0.54859221
""
0.79957819
0.62923008
0.44211316
0.46741402
0.69571489
0.64736515
0.50780755
""
""
""
""
""
""
""
""
0.38541931
0.33176857
0.21431565
0.78201854
""
0.7379846
0.76747978
0.4974958
1.1451581
0.67416638
0.4494215
""
0.7785359
0.29829407
0.22503076
0.23765562
""
""
0.79785395
0.65942508
""
0.64701748
0.30580339
-0.17362867
0.84886837
1.1164753
0.51226914
0.62926227
0.64894158
""
0.80381769
0.43175417
""
0.72009414
0.074202619
0.37166774
0.80945861
0.67632031
0.58200985
0.65796518
0.36828431
""
""
0.4222798
0.99203974
""
0.46073189
0.67790502
0.43575901
0.77923399
0.24541554
0.78061873
0.46095365
0.73820341
""
0.4817563
""
""
""
0.44806796
0.62574929
""
""
""
""
""
0.75335658
0.85893226
0.48030832
""
0.58979923
""
0.56468326
0.47530434
0.64718491
0.68094033
0.52801037
0.35144514
0.52390438
0.58294898
0.56709093
0.42011932
0.61836135
0.57686055
0.60133213
""
""
""
""
0.4184261
0.721726
0.50651753
0.70975518
0.70607102
0.54409367
0.58372533
0.54401714
0.57915229
0.49017441
0.58446485
0.5658989
0.61187339
0.56918025
0.57118785
0.65842545
0.95543826
0.66699904
0.76722813
0.61240304
0.64441025
0.61379308
0.64870697
0.71731812
0.77012223
0.79849446
0.64190531
0.46589988
0.52737945
""
0.85291231
0.19506921
0.5942173
0.60490328
""
0.77700621
0.64253026
0.64799929
0.49812302
0.61352181
0.86395633
0.68065196
0.52240413
0.53340447
0.60783064
""
0.46113703
""
0.54591203
0.65787792
0.67721826
0.63718462
0.49827567
0.45410872
0.68459529
0.74229032
0.52875888
0.71621305
0.48259312
0.7909025
0.65539396
0.63302398
0.76891774
0.52357846
0.54889017
0.82507867
0.58646345
0.62988448
0.56504548
0.63675338
""
0.47041339
""
0.59059948
0.65754843
0.61078513
0.70477831
0.56413305
0.64414632
0.51833975
""
""
0.20660444
0.66494191
0.6003297
0.64997685
0.45522219
0.81348193
""
0.55125678
0.62657845
0.75833809
0.39487746
0.54465741
0.72977978
""
""
""
0.36770633
0.45031083
0.9480347
0.86216772
""
0.51351625
0.76479435
""
""
""
""
""
""
""
""
""
""
""
""
0.5578568
0.5055635
0.74509174
0.81987619
0.73579627
0.7137422
0.60284865
0.59492385
""
""
""
0.57155585
0.74660695
""
0.6704213
0.58634049
0.64699817
0.64210021
0.22173338
0.56379604
0.67995256
0.77865601
0.82454753
""
0.67245477
0.64922863
0.6157617
0.53678751
0.65624958
0.63544375
0.62190086
0.65618783
0.63895267
0.78860104
0.57794356
0.464883
0.72831565
0.82865536
0.69022548
0.54402512
0.46698579
0.65253186
0.63598222
0.21389671
0.74198657
0.71032178
0.57944238
0.7240113
0.70199805
0.6458841
0.21070234
0.76072657
""
0.55893397
0.81860524
0.13559717
0.49374807
0.65033007
""
""
""
0.4931334
0.56700629
0.077777483
""
0.77911705
""
""
""
""
0.64360416
""
0.25621229
0.84272856
""
0.55960745
0.16250686
""
""
0.37651083
""
""
""
""
""
""
""
0.38699356
0.41649958
""
0.53826034
""
0.78722674
0.55099189
""
0.69890797
0.65903252
0.51073664
0.9378373
0.50561053
""
0.30086339
""
0.60924441
0.53176492
0.3398321
0.52700752
""
0.30976558
""
""
""
0.53210664
0.22811987
""
0.60956681
""
""
""
""
""
""
0.39514601
0.77387065
0.46054703
0.59949636
0.71442473
0.75130731
0.78437883
-0.56423563
0.55627048
0.87506694
0.65249932
0.62826544
0.57860863
0.46503067
0.77846825
0.78446162
0.52765006
0.52581197
0.56871998
0.77022171
0.53266543
0.51061088
0.93519056
0.6612587
0.53474534
0.50219625
0.58670342
0.59444755
0.64697641
0.55770952
0.44636902
0.45728764
0.4865725
0.43749213
0.47004166
0.53259212
0.58152449
0.56240022
0.54861945
0.56219244
0.7996099
0.50774592
0.49691483
0.56832904
0.30266547
0.56403178
0.51437509
0.43511707
0.72756577
0.58856779
0.76497632
0.44513819
0.65383631
0.74685943
0.53671598
0.44225875
0.43417045
0.69881171
0.3248302
0.43894151
0.28329015
0.60499156
0.5559001
0.52387094
0.45061499
0.47994408
0.60348117
0.66298044
0.62654191
0.67197782
0.65528083
0.76139933
0.65933824
0.60920078
0.5552789
0.53254843
0.57438266
0.46103022
0.46156213
0.56991035
0.76526719
0.67298353
0.74045736
0.65680224
0.81906283
0.38788849
0.48545113
0.52605528
0.5634926
0.78125709
0.74553013
0.70900881
0.59418285
0.59768254
0.65299261
0.476457
0.54965383
0.57377297
0.61773741
0.64428437
0.59300286
0.84885043
0.65470153
0.52985477
0.54732877
0.57706517
0.70650697
0.61747086
0.7323181
0.72001231
0.58828354
0.72807002
0.90216178
0.58796257
0.40772247
0.69265342
0.95613784
0.65126681
0.3756189
""
0.64533204
0.52042407
0.58213443
0.66826302
0.75945234
0.77847379
0.62042469
0.44089991
""
0.53125191
0.80023998
""
""
""
""
""
0.56682509
1.3092773
0.53799599
0.6762715
0.57625186
0.64044625
0.66734695
0.40070409
0.52640629
0.35160765
0.59731293
0.49173769
0.51857173
0.38208517
0.54536331
0.46034083
""
0.45102724
0.50435072
0.50366187
0.71417016
0.50784445
0.41323999
0.49620008
0.6512242
0.58174706
0.79790652
0.64788663
0.32359865
0.73038131
0.60555094
0.70234317
0.6703946
0.54376477
0.47225156
0.53202504
0.68016326
0.45524797
0.59090513
0.61166859
0.49254707
0.53549021
0.4464308
0.79626662
0.74525106
0.47381598
0.60534298
0.7754156
1.5600985
0.71686637
0.72219181
0.67088073
0.72236836
0.51388425
0.50977898
0.6859442
0.70284212
0.64677984
0.50816894
0.59165245
0.58102614
0.66706103
""
0.87177759
0.44042191
""
1.1637136
0.53556424
0.45985669
1.0917034
""
0.30965945
0.40802926
0.3849954
""
""
0.039099649
""
""
""
""
""
""
0.14449361
0.91002738
""
0.55603081
0.4642047
0.75454724
""
0.38562566
0.30585003
""
""
""
""
""
0.47381505
0.79906148
0.16738857
0.57512683
0.59044391
0.61293191
0.51174414
0.42916593
0.56982529
0.5856334
0.59115267
0.51455218
0.4415673
0.67952043
0.65313733
0.65964621
0.60883075
0.59120345
0.55726063
0.62445968
0.42122588
0.53150439
0.52986515
0.56623983
0.79402274
0.44936475
""
1.0121877
""
-0.27832088
0.22261295
""
""
0.32053885
""
""
0.62817705
0.55647087
0.12837377
0.37691277
0.60427761
0.4075197
0.83777839
0.61393201
""
0.73107928
0.75255144
0.68827629
0.40476045
0.55386192
0.67893088
0.69128364
0.55120718
0.61941671
0.47094616
0.67742562
0.70111597
0.63734317
0.31680602
0.35161901
0.6108405
0.63559711
0.4525294
0.4244644
0.51928127
0.53904444
0.58174098
0.67123705
0.66826797
0.48100436
0.82706547
0.6634357
0.39063692
0.70162493
0.56723386
0.76563674
0.43388498
0.85447055
0.38044581
0.57329899
0.53250772
0.52396744
""
0.33928278
0.58919609
0.64890563
0.57443911
0.52457196
0.66003186
0.4901115
0.34513697
0.41123945
0.6091944
0.50327516
0.42666411
0.41428676
0.53160077
0.54312187
0.62522674
0.59804672
0.42537245
0.68970734
0.4885284
0.57284939
0.49316329
0.56920868
0.44716489
0.48516178
0.61274409
0.51255155
0.44801104
0.39906985
0.33823308
""
0.42168728
""
""
0.14028102
0.34694391
0.061574128
0.56406939
0.52998066
0.42132968
0.66343647
0.62887818
0.311869
0.51590681
0.65178668
0.34648955
0.62665159
0.72637302
0.63850814
0.57780367
0.66132033
0.50622219
0.50238734
0.7823717
0.60054439
0.55145061
0.67441088
0.81709129
0.64329708
0.64398837
0.76926351
0.86919522
0.74414581
0.60811126
0.76773673
0.7283197
""
""
""
""
""
0.34783402
0.48384279
0.42873898
0.58787906
0.67436987
0.35492444
0.61076516
0.42885014
0.39343941
""
0.68710572
0.72067058
0.56765473
0.75850648
0.50233144
""
0.23635326
0.26489803
0.58358228
0.38868922
0.34588695
0.72442758
0.69608337
0.57574421
0.45250693
0.57469904
0.69082218
0.61774111
0.053130172
-0.0051818076
0.68341219
0.79710186
0.61743164
0.72020042
0.54004633
0.37949067
0.54477531
0.51125103
0.61963946
0.70893103
0.34660113
0.49666288
0.7086314
0.49477407
0.45762736
0.40915623
0.34053794
0.71516019
0.50610942
0.43421227
0.69825298
0.68307978
0.32707852
0.65777135
""
0.16873221
0.52642417
""
""
""
""
""
""
""
0.60012567
0.39310968
""
""
""
""
""
0.73248678
0.34113139
0.52483654
0.758973
""
""
""
0.53962857
0.5168165
0.67018884
0.89859825
0.62164825
0.74589509
0.54014337
0.64165443
0.70372778
0.63628668
0.58998352
0.75877643
0.51937538
0.49136007
0.59197098
0.56078517
0.47822851
0.60423273
0.51323378
0.70949638
0.74588382
0.62617713
0.56251997
0.57880986
0.68696141
0.63924402
0.54312027
0.54385585
0.59556061
0.43785971
0.67335194
0.52982593
0.67048836
0.59363884
0.61862296
0.76246792
0.69258869
0.57931376
0.52452219
0.76757669
0.6946665
0.56461173
0.60663629
0.62695485
0.60022694
0.67124361
0.49720755
0.64950997
0.50110525
0.73338807
0.62778389
""
0.65617013
0.68220741
0.48398986
0.38420323
0.71001142
0.73011243
0.67194653
0.61170572
0.55523264
0.63453186
0.51873994
""
""
""
0.65059286
0.62167662
0.57341254
0.63307589
0.56357884
0.55980319
0.45598796
0.74646938
0.56849474
0.42805722
0.62609929
0.50321215
0.64891398
0.66452712
0.1991193
0.67036086
0.67414218
0.53308797
0.51798916
0.68250269
""
0.81325829
0.52038336
0.57123566
""
0.727081
0.65692496
0.67809343
0.58756971
0.52326053
""
0.83185112
0.8481819
0.66123819
0.61825866
0.67181098
0.53664148
0.80717713
""
0.60944891
0.61263812
0.79464036
0.70258421
0.70200908
0.6258831
0.80802095
0.79212409
0.6515491
0.50509059
0.63255864
0.53332055
0.52018166
0.62382925
0.56104654
0.61219501
0.62739688
0.54503918
0.5138725
0.66432071
0.55362648
0.59341455
0.53867131
0.65379256
0.62973303
0.61329192
0.79450685
0.65183669
0.42352381
0.89523667
0.77076072
0.59510314
0.52188873
0.56169391
0.63748121
0.77223295
0.83798885
0.81990796
0.62802911
0.95648301
1.0069609
0.79489368
0.80386889
0.66006565
0.8398248
0.6247533
0.70814312
0.64523786
0.53039479
0.7873494
0.71807432
0.60589623
0.65282905
0.48928887
0.70338064
0.69064325
0.72993928
0.65116429
0.59354174
0.62762398
0.4647719
0.51130444
0.70717812
0.70448804
0.57601064
0.61094165
0.68751377
0.74368298
0.65830636
0.66064084
0.44866243
0.37028062
0.79411638
0.48267442
0.52635449
0.64304894
0.56179678
0.61760557
0.72571331
0.81566018
0.82126659
0.57757843
0.67968464
0.4361048
0.81881005
0.75771308
0.42522967
0.53280771
0.84193009
0.13470775
0.74424589
0.77605212
0.5567643
0.61860776
0.63632435
0.57003897
0.2936531
0.10366298
0.6250807
0.54404181
0.28571689
0.329234
0.56033301
0.6852904
0.51937628
0.23989272
1.0971285
0.67040217
""
0.54858756
0.53530502
0.56199777
0.83283627
0.57466859
0.66205722
0.53014374
0.74425948
0.67275864
0.46518388
0.47506091
0.67615145
0.61432308
0.2962124
0.86392945
0.38540927
0.52407598
0.49361631
0.86497861
0.79691315
0.52788299
0.76659644
0.77981287
0.59815443
0.68845689
0.49363062
0.73546767
0.80053073
0.47076461
0.40496275
0.88547546
-0.22887518
0.75742471
0.58596981
0.64439785
0.66596824
0.5591073
0.39865398
0.67924184
0.74538016
0.50816023
0.55444169
0.79927039
0.62157512
0.53648698
0.51200551
0.57932734
0.57245094
0.50411898
0.73297757
0.45361722
0.5696668
0.67283416
0.38441887
0.68864751
0.20426409
0.66446364
0.92741126
0.58793002
0.57910246
0.57834989
0.59443879
0.71750945
0.60393888
0.60397607
0.71057248
0.60627037
0.5067603
0.64295453
0.38766855
""
0.42081404
0.64633387
0.68603605
0.53686273
0.50341594
0.75964051
0.6890384
0.88080865
0.56527579
""
0.52053213
0.53421706
""
0.69798791
0.8763572
0.80661124
0.66195285
0.84088212
""
0.46336761
""
""
0.3800585
0.54177976
0.73152512
0.76834446
""
""
0.5383504
0.74790412
0.67663515
0.4895373
0.53497535
0.65736109
""
1.0974391
-0.29994172
""
""
0.70576674
""
""
""
""
0.67301172
""
0.74222201
""
0.3112624
""
""
0.99136835
""
""
""
""
0.20703501
0.9852342
0.50369918
""
""
""
""
""
""
""
""
0.51454967
0.69858277
0.51558107
0.62496167
0.52351755
0.78886241
0.61334878
0.63937551
0.65417057
0.50080967
0.50953358
0.59083563
0.72423208
0.70855844
0.50987983
0.66495872
0.70376325
0.44284612
0.5692333
0.77817518
0.77403247
0.44009045
0.64683032
0.73034608
0.53435791
0.51549232
0.74918085
0.61289513
0.67676079
0.49840203
0.80170113
0.75688511
0.31692341
0.74125504
0.35452405
0.48723456
0.73488057
0.92123353
0.71016675
0.49609143
0.47254172
0.75081635
0.66709524
""
0.57956833
0.60290295
0.9191103
0.7348184
0.70439363
""
""
""
0.45264661
""
""
""
""
""
""
""
1.0987116
0.95475012
1.3055826
0.99622142
0.62355828
0.74128771
0.4180643
0.47169015
0.16970114
1.1808019
0.49949735
0.50938869
0.80431318
0.37389427
0.49864164
0.79128158
0.55729485
0.58655041
0.79413933
0.30908179
0.79755062
0.62676966
0.42998725
0.74773496
0.55365574
0.36690149
0.46957549
0.34904793
0.65311581
0.74073559
0.58282757
0.80740339
""
""
""
0.54596961
0.65376633
0.85785431
0.73982751
0.54495513
0.57058811
0.62370056
""
""
""
""
""
""
""
0.45935246
0.76339585
0.33159131
0.74938679
0.75805438
0.69665402
0.51940906
0.71404654
0.28382346
1.026352
0.83249915
0.25206012
0.58336502
0.648628
0.74142456
0.494744
0.33863211
0.44559366
0.58903056
0.58506238
0.14389819
0.52818149
0.74649405
0.65000385
0.48556128
0.42664182
0.62147623
0.69754064
0.70759964
0.56138498
0.42171228
0.89917558
0.66209722
0.53012544
0.59681678
0.5027321
0.48449466
0.5732851
0.67314017
0.62118506
0.77331454
0.62679094
0.49534956
0.68204153
0.80808169
0.41294125
0.35144871
0.42171583
0.68570209
0.65794522
0.55819559
0.64413953
0.59937328
0.86998641
0.32706845
0.47544134
0.51966268
0.5523867
0.57968891
0.61171365
0.67856383
0.60248184
0.49535218
0.45197341
0.50619507
0.62381691
0.43257511
0.54100329
0.69278371
""
0.48118848
0.54909962
0.89078045
""
""
""
-0.051127635
""
0.89402515
""
""
""
""
0.22509129
0.51259959
0.69372588
0.53122109
0.13365272
0.40845388
0.36303985
0.27112105
0.15957364
0.84401792
0.85304815
0.62904054
0.50844687
0.32133988
0.20622343
0.64656323
0.35758549
0.87934119
0.47440866
0.29220924
0.65798336
0.78388357
0.52086651
0.67809165
0.40670535
0.50732899
0.9391672
0.59970844
0.73577088
0.61642694
0.60853314
0.63571227
0.6873675
0.36475024
0.64629126
0.87744731
0.68697923
0.54047507
0.76801229
0.32781765
0.96638346
0.62101632
1.0618421
0.63429153
0.62837583
0.52176249
0.98447514
1.0290931
0.68791622
0.52155232
0.90082318
1.3478361
1.9346311
0.43753144
1.1145658
0.54238796
0.92824388
0.56058097
0.63382268
1.0123599
0.79114759
1.0636591
0.55666739
0.60377562
0.84659624
0.34151641
0.90444452
0.51286924
0.57881713
0.72214955
0.62199575
0.81434667
0.68707001
0.88548642
0.55243015
0.84765244
0.47770366
""
""
""
""
""
""
""
""
""
""
""
""
""
""
0.313849
0.62606895
""
""
0.45729628
0.57233578
0.60175061
""
0.027450154
0.92589122
0.38418242
0.80394858
0.57693923
0.52551174
0.83219826
0.80436659
0.36919197
0.71909904
0.72837126
0.64229494
0.87244892
0.42867514
0.47319707
0.34891135
0.56902206
0.56804234
""
0.4363023
0.8060841
0.53440595
0.3325884
0.49551174
0.71410972
0.68041813
0.69725549
0.81042719
0.53595376
0.68764192
0.44472137
0.3696073
0.99370605
0.48110613
0.69023103
0.76122415
0.44951034
0.80754495
0.52824485
0.76413065
0.60773605
0.5052917
0.54644239
0.71946597
0.60517108
1.0692168
0.48856682
""
0.35036987
0.79969972
0.64192754
0.66859442
0.79963261
0.42860249
0.87925029
0.50098705
0.81247884
0.67814392
1.0408629
0.51043123
0.83439064
0.65135515
0.59341127
0.5238992
0.564044
0.41871428
0.68595302
0.69277912
0.45271099
0.47498932
1.0813407
0.72594452
0.820158
0.68059808
0.86778629
0.56817561
0.49359623
0.59329587
0.58017445
0.63370144
0.78623754
0.48199391
0.64754504
0.4476198
0.33982122
0.59294271
0.73365182
0.87743586
0.67669201
0.6163671
0.46014601
0.68221748
0.57745302
0.5038107
0.69496572
1.0713545
0.6672703
0.81047833
0.34640062
0.68863553
0.52290505
0.68861502
0.77904677
""
0.5268482
0.67187452
0.48138168
0.47602871
0.3409113
0.38587013
0.52046537
0.52450401
0.55746675
0.41625437
0.61737889
0.35158235
0.91168064
0.35686705
0.52176332
0.11307854
""
0.84389979
0.72132212
0.74330819
0.89500976
0.30458257
0.60299975
0.62945241
0.77251333
0.47196636
1.0379572
0.34981555
0.88079864
0.50130033
0.32620504
0.39652172
0.55694461
0.49016738
0.90137452
0.8870154
0.12522924
0.7724576
0.70912105
0.37915361
0.74953133
0.53023934
0.74790376
0.67157114
0.34796131
0.63120455
0.72592479
0.46599892
0.55765486
0.56709468
0.74322259
0.62924176
0.59055805
0.58339012
0.53111202
0.73377115
0.49265853
0.35559759
0.61735982
0.74773049
0.83608246
0.66527963
0.38549361
0.55055416
0.6055156
0.55036479
0.61354083
0.91796076
0.29869136
1.1457615
0.71242392
0.66839999
0.6382612
0.605156
0.32219791
0.56061143
""
""
""
""
""
""
""
""
""
""
""
""
""
""
""
""
""
""
""
""
""
""
""
""
""
""
""
""
""
""
""
""
""
""
""
0.69760859
1.2586186
0.92078352
""
""
0.61609501
0.26302883
0.77397376
0.6072703
""
""
""
0.86043
""
""
""
0.62106073
0.36775634
0.58774114
0.55573046
0.82470727
0.6020928
0.9799819
0.3600083
0.51640719
0.23664184
0.8608861
1.0433228
""
0.68310052
0.70042151
0.3986699
""
""
0.61182046
0.57117212
0.5760752
0.42207986
0.82235873
1.1200455
0.53957725
0.8984924
0.54483831
0.73934925
0.64550048
0.57959437
0.22726329
0.22656107
""
0.80014223
0.93127924
0.84608734
0.33138555
0.61471421
""
""
0.46699366
0.50257009
0.68425751
0.34078589
0.64898902
0.47141385
0.56218231
""
0.50009346
0.67729563
-0.098826125
0.45819211
""
""
1.1661477
""
0.5697605
0.77947623
0.70329583
0.27915815
0.54920626
""
0.52965498
0.75322825
0.67274648
0.62300819
0.58434725
0.65303469
0.52628922
0.72644329
0.70961404
0.60692894
0.61796975
0.51049846
0.34471869
0.35580909
0.43227077
0.69546914
0.55593133
0.48133335
0.43761718
0.5423817
0.75724143
0.42135811
0.61096609
0.58472347
0.63403749
0.4058685
0.41022697
0.50610542
0.5296964
0.66046631
0.42571312
0.52067071
0.75024945
0.57689649
0.60312665
0.59362084
0.57382119
0.59926909
0.7270298
0.61931193
0.75851709
0.55987942
0.50152653
0.61964786
0.57478786
0.60388315
0.39511535
0.59201097
0.2114521
0.68261832
0.58536613
0.80272382
0.66309267
0.74532425
0.57718682
0.56004983
0.63701028
0.51838267
0.45191553
0.70072114
0.82033062
""
0.38350749
0.56053329
0.82778323
0.73155898
""
0.48856384
""
0.56547189
""
0.32629296
0.62581503
0.66059393
0.29323003
0.51708412
0.75128335
0.66102934
0.47376534
1.1133325
0.38447484
0.36512023
0.68372661
0.80168664
0.55916655
0.64435697
1.1354055
0.49902323
0.43990228
0.67808974
0.78083324
0.85600144
0.61203402
0.68299925
0.64458281
0.68168342
0.66082495
0.31932124
0.75349432
0.62550235
0.56219327
0.54624748
0.70736086
0.58947843
0.3271988
0.72540182
0.51181793
0.47512034
0.66852593
0.55172992
0.47412711
""
0.5541721
0.55570585
0.63067997
0.54044473
0.75919217
""
0.61421376
0.77744484
0.67447102
0.64815438
0.67649472
0.46847051
0.57372338
0.51312488
0.66215128
0.70314187
0.51763213
0.57410473
0.47958821
""
0.61063594
0.71359247
0.2716389
0.4294475
0.58493274
0.66847211
0.25395331
0.65387201
0.96838981
0.52185392
0.67781705
0.50090557
0.42170417
0.66079617
0.57656127
0.62946171
0.74046135
0.50853676
0.63779086
0.63510567
0.62039238
0.23915385
0.56669283
0.57679898
""
0.60840327
0.62693948
0.52205437
0.54737008
0.64747316
0.5746358
0.62327266
0.51822037
0.62457854
0.58747816
0.58575773
""
0.79326439
0.74094534
0.5053224
0.58168721
0.64514673
0.75014561
0.5406369
0.48760581
0.47048724
0.78061092
0.59183949
0.48036376
0.5853954
0.47323895
0.47569034
0.75538486
""
0.54343867
0.5732078
""
0.69865394
0.65616244
0.76537156
0.54674768
0.36927491
0.60891342
0.59421414
0.67829156
0.507034
0.51067621
0.4983829
0.60362911
0.55050975
0.75593269
0.7869913
""
0.55546409
""
0.53938705
0.61487502
0.5830518
0.55901927
0.66788143
0.61099494
0.5528447
0.52641892
0.48339295
0.517555
0.62267566
0.51082736
0.60806912
0.58319795
0.49272192
0.69687462
0.5797683
0.47736591
0.67428809
0.65016091
0.46341294
0.67443061
0.58293533
0.70603204
0.57246262
0.85169917
0.58976102
0.52160114
0.62049669
0.45906579
0.59231043
0.48594117
0.53490734
0.60409427
0.69856852
0.53028208
0.46450341
0.56926888
0.50888109
0.67734069
0.47680679
0.53180218
0.46731248
0.57234544
0.55960679
0.58527941
0.53392678
0.59716618
0.54516828
0.50807989
0.54864311
0.69805157
0.55381626
0.64673644
0.66398627
0.67437166
0.55805534
0.54733551
0.55674464
0.43976057
0.51014304
0.59903985
0.55360276
0.60196596
0.60296845
0.47682407
0.5862146
0.54988045
0.60278964
0.50784868
0.66198897
0.8787328
0.3664822
0.49489471
0.62909305
0.47244546
0.58481109
0.52407694
0.61753088
0.68629473
0.53803456
0.61561209
0.42199117
0.59093481
0.47814229
0.68248779
0.55676055
0.62068355
0.46082264
0.40282202
0.59487903
0.56645584
0.7376411
0.53542709
0.7173878
0.56935203
0.54637438
0.58383089
0.63387072
0.54694945
0.49300346
0.59155643
0.66184026
0.63682348
0.67999917
0.62318647
0.57279056
0.39614922
0.68179739
0.70406264
0.72377074
0.60778546
0.50694454
0.64911002
0.57966977
0.67812198
0.40653256
0.62768197
""
0.44238812
0.64607108
0.56217474
0.71966559
0.56115818
0.42226678
0.31360325
0.74703926
""
0.89578015
0.71591103
0.51509345
0.74868661
0.4354488
0.62008953
0.44232273
0.74321729
0.48392126
0.72817397
0.61552936
0.54197115
0.67458051
0.59806365
0.68104941
0.67964983
0.31145743
0.52630001
0.43057939
0.81686896
0.51403445
0.82135803
0.39360467
""
0.45014077
0.63550711
0.80757248
0.69244987
0.65664935
0.35590613
0.68020964
0.40253875
0.62242007
0.55645794
0.62026453
0.47004005
0.57970679
0.6698482
0.63117754
0.31049275
0.54370296
0.74270076
0.76871794
0.70580018
0.6370796
0.58594155
0.32163477
0.55833203
0.62076581
0.77030724
0.65076375
0.51760042
0.68980938
0.80564702
0.77512515
0.76477563
0.58863676
0.42199892
0.72334301
0.61460012
0.47046191
0.64942443
0.55032229
0.75376564
0.67207974
0.75057292
0.66097736
0.82736862
0.52807266
0.57158589
0.4655003
0.53610671
0.45536286
0.59998727
""
""
0.93310827
0.5391227
0.73352772
0.50550753
0.39696684
0.66708833
0.64383072
0.56289202
0.39594394
0.67395902
0.72923726
""
0.68346238
""
0.51515961
0.61174065
0.43951377
0.31181735
""
0.78964365
0.61016381
0.60887897
0.91194946
0.49486613
0.30333778
0.74683827
0.78869486
0.54999661
0.49046823
0.59880823
0.64939362
""
0.54573536
0.39443889
0.60593504
0.93804365
0.27407089
""
0.62433147
0.52935636
0.58928227
0.50222576
0.64515871
0.27456355
0.64546752
0.67852592
0.74712336
0.66771168
0.71723014
0.66980219
0.64069235
0.57403332
0.73240781
0.4337869
0.60995871
0.6080851
0.69183809
0.65423608
0.4744302
0.54027158
0.8062337
0.77807969
0.57090312
0.55766171
0.57199216
0.551359
0.72071445
0.91722035
0.59366786
0.52315879
0.5617547
0.90472847
0.65610152
0.7712459
0.5474003
0.62564236
0.80290985
0.74054521
0.70081115
0.31727132
0.3626169
0.69040447
1.2702459
0.52439582
0.64561391
0.5640074
""
0.59660435
0.56795365
0.66794485
0.27503064
0.64671439
0.54588491
0.63126063
0.75326031
0.67239845
0.69792604
0.76855648
0.78036332
0.65554601
0.50289494
0.47072569
0.52717513
0.58423847
0.63354331
0.74195135
0.4887476
0.58485031
0.65877098
0.68006545
0.55585271
0.56516922
0.32593068
0.41656959
0.5956825
0.50134373
0.60982925
0.5387007
0.68840718
0.73983306
0.62573647
0.55616498
0.6703167
0.62430346
0.53084469
0.67318952
0.49674514
0.51715374
0.58092606
0.62159532
0.56086111
0.55710751
0.61234397
0.6154784
0.49132136
0.54938036
0.66829824
0.72325373
0.69197375
0.54963988
0.56897545
0.52938831
0.44062331
0.56220078
0.65418762
0.49135679
0.64977658
0.5804441
0.60399055
0.49250054
0.84441215
0.35487783
0.53989124
0.53250498
0.55707282
0.60563588
0.67140973
0.54020709
0.57911909
0.67304957
0.63731927
0.56938475
0.5740667
0.61745793
0.5885753
0.62753636
0.61728555
0.62459832
0.33808315
0.42924643
0.62084019
0.52865434
0.47635919
""
0.58524209
0.63448584
0.63998312
0.69466513
0.73301607
0.53856158
0.58188099
0.76425886
0.72258621
0.61581129
0.62483972
0.65496641
0.70177746
0.46515173
0.52456021
0.75225824
0.47609505
0.6090675
0.57117748
0.61046839
0.59167612
0.54273713
0.41019529
0.73533398
0.6648764
0.51399881
0.52297014
0.77787846
0.34479663
0.43924955
0.71200126
0.59074157
0.6267603
0.460673
0.61268413
0.49232417
0.69723862
0.49096251
0.60690045
0.76099366
0.47661841
0.60902154
0.55979663
0.59639722
0.60640651
0.58733857
0.67140406
0.68149823
0.40717721
0.67841369
0.49981055
0.68435735
0.69640106
0.60314238
0.51486146
0.5664773
0.60532165
0.58297163
0.64946824
0.6901896
0.68681145
0.48964438
0.57482654
0.58296627
0.98235834
0.54196274
0.55651629
0.81690794
0.76160449
0.83921289
0.91924781
0.96974945
0.51190478
0.63320643
0.57872367
0.56845915
0.56350422
0.61578673
0.5953685
0.8034761
0.51599634
0.53936386
0.64681834
0.55410862
0.59763187
0.63813329
0.56632781
0.66860259
0.52514166
0.5706678
0.49790654
0.55039412
0.55748528
0.52455521
0.51420152
0.56363666
0.6857776
0.79718816
0.52406275
0.63196707
0.75504494
0.77340025
0.5276292
0.68399769
0.69623208
0.84044713
0.60373914
0.23043059
0.60231543
0.57390451
0.77194744
0.67851186
0.66489744
0.55804944
0.42847842
0.71153861
0.65242088
0.73140192
0.57447511
0.71659952
0.6294831
0.55881113
0.68811393
0.63220149
0.59658694
0.61908025
0.5728718
0.56626582
0.57138568
0.45543247
0.47616291
0.61467099
0.61278057
0.71891338
0.76225877
0.532516
0.57798558
0.46999568
0.72027302
0.66470897
0.40773872
0.64724839
0.57916296
0.34570566
0.453289
0.65705013
0.52933335
0.49769029
0.56285208
0.63870406
0.77705246
0.62536573
0.60943317
0.46572047
0.50614548
0.51354307
0.46099094
0.66052955
0.68773389
0.64648461
0.67329526
0.5456512
0.34794843
0.42573601
0.57861418
0.6760295
0.72077447
0.23812722
0.6297664
0.62206107
0.66923064
0.48138988
0.55325121
0.54015189
0.54501325
0.61553872
0.52938902
0.58318532
0.78354913
0.5935334
0.41532442
0.56933808
0.56089479
0.64204389
0.62792265
0.62174016
0.5912714
0.62676293
0.8108151
0.59908611
0.63257158
0.62058192
0.47988045
0.57850993
0.51677841
0.76708466
0.53588134
0.39428532
0.52440226
0.76116204
0.64133316
0.46184173
0.57529527
0.64459145
0.62562895
0.69756567
0.60713363
0.51313454
0.66991889
0.55759805
0.51476628
0.58451092
0.57925129
0.60082632
0.45718768
0.63151187
0.5191955
0.62872285
0.56299239
0.32372302
0.62759906
0.56477773
0.55681509
0.57698429
""
0.57502568
0.55844128
0.48748735
0.56067926
0.71297216
0.59064245
0.6076681
0.73110431
0.57755071
0.55893546
0.65075964
0.63825244
0.66393572
0.63567042
0.44165277
0.635988
0.50048071
0.51533341
0.60305321
0.64393955
0.52259052
0.63251662
0.49955344
0.5861395
0.59178621
0.74279284
0.64586687
0.52470291
0.67228889
0.8189196
0.50910902
0.58460659
0.71772814
0.53363621
0.86076659
0.4020946
0.42258462
0.4590629
0.69737178
0.58192748
0.54173946
0.33929276
0.54443675
0.67346531
0.34045637
0.45669463
0.43253398
0.76644272
""
0.58308804
0.34564608
0.4730753
0.61810344
0.61736155
0.87538803
0.55643493
0.53872919
0.31575996
0.68596447
0.68036425
0.61877084
0.5054068
0.45979333
0.55754215
0.39735997
0.94771904
0.73997957
0.79677755
0.44451237
0.39658636
0.49422842
0.72077584
0.26822457
0.67937529
0.63424909
0.65658504
0.51487303
0.66771215
0.66052973
0.59718186
0.51299405
0.54517317
0.70501143
0.55407435
0.63109839
0.49127096
0.35765582
0.46188995
0.51757187
0.42405865
0.61387658
0.49470657
0.56515437
0.66364425
0.5308097
0.62577021
0.62091744
0.58558065
0.57116139
0.71318811
0.72619891
0.39900404
""
0.6476773
0.54461402
0.60934585
0.52031505
0.49865189
0.40587234
0.70545208
""
0.70461518
0.57631606
0.56028342
0.5077706
0.42875835
0.54652244
0.59360242
0.75974137
""
0.70232075
0.52292538
0.6626305
0.53530747
0.55338818
0.74617058
0.43582124
0.34381789
""
0.79870176
""
0.47166541
0.53972548
0.62974268
""
0.58082753
0.64627635
0.61216855
0.64258856
0.69213206
0.42275986
0.8736499
""
""
""
""
""
0.72654247
0.74815291
0.96848398
0.53195739
0.83397108
0.65510684
0.80998838
0.78684878
0.74227273
0.41080165
0.75616091
1.0119327
0.51863778
0.71896225
0.58403349
0.23510496
0.26551247
0.80694717
0.45209792
0.62001073
0.17727743
0.68637395
0.81900859
0.50235802
0.69793296
0.54781693
0.51517832
0.68338221
0.64796257
-0.08030282
0.23023452
0.99322462
1.0847512
0.34931138
0.36291194
0.69219923
0.5677827
0.32329822
0.44684005
""
""
""
0.70931005
0.46269143
""
""
""
0.57356513
0.69853091
0.54452038
0.73060668
0.87156749
0.3830215
0.40481287
""
0.47280625
""
0.78132087
0.54752171
""
""
0.34321821
""
0.82139999
0.55086988
0.61276978
0.67224252
0.50422406
0.57746649
0.72162682
0.75820827
0.58341467
0.7468974
0.33439422
0.48641294
0.67956477
0.58922172
0.79645509
0.73322165
0.68020439
0.7654388
0.71010208
0.64443302
0.68828362
0.8169812
0.64315963
0.63342381
0.88914371
0.6841594
0.64441955
0.66382635
0.58032048
0.68957227
0.43181434
0.51885563
0.62397915
0.66695434
0.73619801
0.30467755
0.77227193
0.57803822
0.67152631
0.57772613
0.55914128
0.88791364
0.68554133
0.88785297
0.66591477
0.65331525
""
0.47840759
0.60282582
0.79224503
0.71217203
0.30718485
0.81101429
0.40050608
0.39591426
0.64326394
0.72519672
0.53774732
0.61261016
0.7815429
0.59227622
0.65455091
0.51789528
0.63301152
0.83934742
0.67362338
0.42204791
0.64545923
0.70350933
0.5398075
0.73790598
""
""
""
""
0.80408901
0.51460356
0.50574476
0.54261571
0.64203697
0.55897111
0.51305997
0.65869409
0.47904032
""
""
""
""
""
0.86393183
0.51652426
0.6378426
0.096303493
0.84360188
""
""
0.7810629
0.44507164
0.68651038
0.54532075
0.48735097
0.56672448
0.57653821
0.6263833
0.48401183
0.6641562
0.81868327
1.0388279
0.39943585
0.73447704
0.70483357
0.71873552
0.6253196
0.48988605
0.61642182
0.64958805
0.42366764
0.56230593
0.50388104
0.65539259
0.77110386
0.77254778
0.54082125
0.58484119
0.63468677
""
0.51578742
0.57115823
0.59846532
0.4628574
0.50992101
""
""
""
""
""
""
""
""
0.54973304
""
""
""
""
0.51685727
0.62169927
0.34374821
0.55215621
""
""
""
""
""
""
0.69544923
""
""
""
""
0.64445531
0.30560195
""
""
""
""
""
0.49968451
1.0236878
0.42451698
""
0.46858972
0.65527606
0.87628061
0.50762177
0.66445601
""
0.85888624
0.60227883
0.58275235
0.80757844
0.51017338
0.63592994
0.62187141
0.40078536
0.59742934
0.74087417
0.71400028
0.69197005
0.90270764
""
0.45118406
""
""
""
0.57089716
0.70734984
""
0.78146744
""
0.55195946
""
0.57287621
0.44012037
""
0.60620058
""
""
0.66306144
""
0.57979155
""
""
""
1.3327018
0.43276182
0.60446709
0.82566911
""
0.63813138
0.61179185
0.48323855
0.54342556
0.50564045
0.60051239
0.44083223
0.45342276
0.66978383
0.6766181
0.49727842
0.70014495
0.69302523
0.68199688
0.61550939
0.65181434
0.59220201
0.40877631
0.61697453
0.85107017
0.79800683
""
0.53527033
""
0.6633625
0.60086364
0.64120275
0.54239947
0.49888054
0.52832198
0.46566451
""
0.87451541
0.6177541
0.43661639
0.72441357
0.87297249
0.52583784
0.83151162
""
""
0.52741921
0.53867871
0.56382334
0.40264282
0.76518214
0.45022753
0.72004956
0.37563238
0.63505507
0.69901192
0.5567947
0.68648893
0.57182556
0.56639725
0.51545113
0.3224619
0.68185949
0.61813498
0.50377941
0.3915244
0.58320206
0.68164456
0.75084823
0.56215549
0.65443307
0.5677169
0.5455153
0.54241872
0.59743774
0.76980108
0.48156461
0.6424675
0.48745674
""
0.51943207
""
""
0.39886972
0.87888122
""
""
0.62452424
0.70565856
0.60058117
0.52235097
""
0.50543106
0.58391839
""
0.65633345
0.57570273
0.82664782
0.35149533
""
""
0.68748099
0.60129964
0.86299711
0.45701379
0.192377
0.91277534
""
0.12253109
0.528427
""
0.590693
0.59109521
0.37445328
0.37687594
0.61955523
""
""
""
0.70228273
0.35004282
0.54482406
0.64264864
0.74941963
0.26324534
0.46268883
""
""
0.65170276
0.57918406
0.56785834
0.76167053
0.66877604
""
0.406692
0.54592836
0.57918364
0.80836147
0.8092646
0.54819518
0.54566532
0.26928517
0.75167525
""
""
""
""
""
""
""
""
""
""
""
""
""
""
""
""
""
""
""
""
""
""
""
""
""
""
""
""
""
0.76796079
0.35947788
0.47821337
0.63877255
""
0.71831763
0.66633564
0.55999267
0.42042407
0.53962278
0.56357926
0.44946778
0.64634264
0.59028369
0.61660373
0.39922774
0.57399893
0.56576377
0.5121724
0.46851027
0.24914807
0.88474596
""
0.86392796
""
0.44206858
0.87950695
0.33093917
0.63528675
0.56373698
0.91783381
0.42189494
""
0.21834825
""
0.80776429
0.6445756
0.52107292
0.48581833
0.56887758
""
1.0398176
""
0.3787035
0.39664435
0.85924065
0.066178553
""
0.5100522
""
""
""
""
""
""
""
""
""
""
0.46091944
""
""
""
""
""
""
""
""
""
""
""
""
""
""
""
0.063947327
""
""
""
0.67579001
0.99750793
""
""
""
0.3218672
0.64369208
1.0080955
0.5625273
0.51740474
0.57790232
1.0090272
0.56443411
""
""
""
""
0.48666415
0.74965346
0.56376845
0.74902648
0.60567015
0.99947214
0.70733166
0.51588124
0.65931118
0.59152699
0.74557352
0.43075809
0.35928744
0.77500963
0.61652148
0.72978169
0.61968505
0.65694261
0.69150406
0.53158051
0.81088197
0.67200977
0.37784246
0.52261925
0.38390696
0.56660599
0.63762218
0.46971476
0.55447507
0.59344661
0.51724762
0.57475346
0.53201687
0.65456104
0.61664391
0.57174528
0.71315473
0.85197306
0.79229444
0.43806988
0.4208703
0.55881429
0.62066507
0.52225041
0.51583087
0.66699141
0.68085492
0.67191589
0.52205485
0.68841761
0.57417464
1.0677623
0.82801586
0.44594193
0.64567721
""
""
""
""
""
""
""
0.85313177
0.62465715
0.65180135
0.70386809
0.61460191
0.61191374
0.55514836
0.69851583
0.60255319
0.68362242
0.66878086
0.69511986
0.65567183
0.73813802
0.63134259
0.60259235
0.69380826
0.73846537
0.45535883
0.64841008
0.77054799
0.49115688
0.61463106
0.75943011
0.63029909
0.57458442
0.86052656
0.67379618
0.61945075
0.6579687
0.57465321
0.43277103
0.69871312
0.74632281
0.64921629
0.66648638
0.75160813
0.97593689
0.63217551
0.50955254
0.64662308
""
0.59373313
0.65952188
0.60862005
0.68072879
0.59247601
0.85377026
0.3936221
0.56764901
0.6590004
""
0.77933145
""
""
""
""
""
0.62583435
""
""
""
""
""
0.85705602
""
0.61665171
0.50424719
0.78439438
""
""
0.60528731
""
0.65131122
0.43068847
0.74352026
0.87585694
0.93521273
0.76825744
0.22349577
""
0.50021845
0.78531623
0.59910858
0.71146095
0.57718933
0.64296472
0.45762312
0.76218593
0.78816235
0.61170787
""
0.45542434
0.57754809
0.84534299
0.73739642
0.86313742
0.58778715
0.93597728
0.98183876
0.82329673
0.81811047
0.62909579
0.67347014
""
0.62124515
0.94944221
0.73239881
0.61564738
0.61321294
0.34345138
0.67128819
""
""
0.4274464
""
0.74885732
0.44060203
""
0.521635
0.53112406
""
0.90336931
0.7543335
""
0.42873949
0.25739223
0.53387737
1.082015
""
""
0.57024753
0.57016969
0.47693467
""
""
""
""
0.67045557
0.62431818
0.49396074
0.49788016
0.6136567
0.29045895
""
""
0.5798285
""
""
""
""
""
0.56054717
0.57531828
0.54121548
0.71968025
0.59278697
0.59589088
0.47001886
0.61252344
0.65458155
0.73892581
0.40732074
0.5578981
0.4311451
0.48928279
0.58999354
0.70419985
0.72547853
0.59070516
0.61922073
0.47837785
0.71024597
0.71979952
""
0.83251381
0.50634319
0.51324677
0.65469283
0.73572034
0.76871967
0.5934751
0.57520103
0.56140155
0.65044039
0.63996398
0.82702172
0.97477394
""
0.65076095
0.72152704
""
0.34445086
0.6424377
0.58989596
0.58368349
0.52845377
0.54434812
0.48973215
0.44113106
0.69379711
0.42895681
0.62533224
0.54236311
""
0.8455919
0.41626683
0.6600318
0.45555317
0.51351261
0.47282377
""
0.64612025
0.63848639
""
0.57828146
0.55761504
0.5127182
0.57725298
0.5548799
0.63549972
0.62059152
0.6278761
""
0.59047723
0.67898583
0.63782179
0.61949021
0.6894533
0.70597744
0.35780561
0.74428666
0.5620966
0.48143291
0.67674404
0.88675308
0.64639038
""
0.68420076
0.55905688
0.49010447
0.48621365
0.67887086
0.83892226
0.54032618
0.64007455
0.49783033
""
0.63579446
0.72349298
0.8042649
0.69361943
0.64750922
0.70599157
0.40947661
0.65147984
0.32912552
0.65880483
0.84657979
0.45481157
0.65607548
0.60151708
0.68376541
""
0.69211531
""
0.63453871
0.56912297
0.60509473
""
0.90156084
""
0.63862747
0.63718212
""
0.85198754
0.58459181
0.74027598
0.6073041
0.74060428
0.52187395
0.46248421
0.86252987
0.5773533
""
""
""
""
0.43095401
""
0.92225862
0.5846777
0.49652481
0.52990025
0.39495105
0.75624281
0.98506302
0.38820988
0.45578519
0.58769244
0.66518241
""
0.55954576
0.60800153
0.69072115
0.52174103
0.56848627
0.56065995
""
0.74619848
0.76105738
0.51949006
0.72561115
0.60427332
0.6269033
0.76646942
""
0.26338315
0.7553528
0.50807023
0.43163398
0.33806005
0.63101006
1.1481664
0.74439454
""
0.75458789
0.32940704
""
0.8015663
0.44944254
0.68071371
0.52814269
0.60815626
0.91774797
0.53808492
""
0.66497993
0.51296073
0.58445632
0.76576281
0.45747951
0.51977068
0.95232177
1.0151139
0.63629979
0.4360733
0.96625787
""
0.66658497
0.56657976
0.37216538
0.73260677
0.58656353
""
0.7576918
""
0.90236586
""
""
0.4365561
0.66987681
0.77429336
0.51662421
0.55761009
""
0.30447695
0.52117568
""
0.58947641
""
""
0.6502406
0.32128254
""
0.56684518
""
""
""
""
""
""
0.60903364
""
0.61535364
0.43781444
0.24255262
0.4757221
0.54651898
0.35728779
0.56972468
0.50649327
""
""
""
""
""
0.7736876
""
""
""
""
""
""
0.87742198
""
""
""
""
""
""
""
0.42622671
""
0.30198085
0.81734312
0.32847965
0.76559263
""
""
0.63967127
0.98036039
0.75134957
0.51390266
0.85000747
0.48689228
0.54176086
0.31862885
0.25800753
0.77783066
0.30756634
0.53114921
0.54766095
0.45103818
0.55286622
0.73502189
0.5991708
0.83730513
0.64304918
0.6290403
0.5705871
0.56999642
0.6495291
0.58897781
0.77624357
0.63710213
0.38868043
0.70760983
0.69087189
0.75044733
0.54588825
0.70415425
0.63363439
0.61250865
0.55494952
0.66532826
0.59848189
0.558213
0.79633176
0.68802035
0.64528459
0.64019156
0.70074761
0.50127661
0.61802036
0.59866756
0.63109219
0.63401037
0.69465727
0.4867489
0.51587415
0.59315878
0.60736895
0.54248631
0.53005779
0.59085858
0.87857014
0.72322184
0.56996489
0.74173373
0.64408457
0.57321
0.47026041
0.61184847
0.50648522
0.71965814
0.35418266
0.4169195
0.59630466
0.28311408
0.56283426
0.8783862
0.82482308
0.59144646
0.37452868
0.57586807
0.45288458
0.78591985
0.75280696
0.6681444
0.42849663
0.67267138
0.68742055
0.67530632
""
""
0.52537644
0.43433502
0.67845541
""
0.68710524
0.54842651
0.66504151
0.52257144
0.63035953
0.64743423
0.62050968
0.53241539
0.45467126
0.60152262
0.59510559
0.49057043
0.54927868
0.61238617
0.61158526
0.5848518
0.4809835
0.72612417
0.58840477
0.56925178
0.68748915
0.68911427
0.50056881
0.44529644
0.68422854
0.56613439
0.5991056
0.65789944
0.68350589
0.68335676
0.53537273
0.57021689
0.61585158
0.65069783
0.78897613
0.62627
0.48136452
0.59946245
0.34270635
0.55189621
0.57923263
0.83327574
0.4319115
0.70804095
0.61516541
0.5007993
0.92758274
0.77945811
0.60897589
0.50453514
0.62224394
0.69025856
0.61262649
0.64004648
0.48244914
0.6942876
0.62378436
0.79420006
0.62455946
0.67379767
0.76224244
0.44082469
0.71022606
0.68828255
0.56927329
0.62976718
0.58202785
0.39514229
0.78613371
0.67318988
0.7145372
0.42190084
0.66320944
0.50071937
0.44778875
0.69547248
0.67283422
0.67959201
0.41859916
0.66802806
0.44329655
0.56773871
0.61744398
0.35760993
0.43614855
0.42301467
0.45006895
0.69203287
0.59227741
0.77428043
0.66593313
0.65849131
0.57164913
0.26200917
0.53839523
0.56883657
0.73546892
0.55543178
0.93145472
0.62395704
0.46262631
0.53591222
0.73782033
0.41826347
0.26202616
0.49437186
0.47658578
""
0.4852412
0.62382072
0.91061693
0.62930524
0.66899639
0.57101369
0.52380627
0.65245378
0.72956812
0.55518854
0.58893567
0.31993127
""
0.48564565
0.21134046
""
0.9003222
0.79700726
0.46915248
0.51900238
0.65564466
""
0.71647882
0.63056481
0.53366226
0.66894108
0.58334768
0.63721681
0.45822501
0.41846687
0.36522898
""
0.38890249
0.38857666
0.49668846
0.63105357
0.24767365
0.53559583
0.6293748
0.58218277
0.5674004
0.67570758
0.52732038
0.56690294
0.57163823
0.67700458
0.58382213
0.3239637
0.70237124
""
""
""
0.59726971
""
""
0.41335297
0.15671119
""
0.70900935
0.47703749
0.69422942
0.48766541
0.66053498
0.66845435
0.72257799
0.38038987
0.54183918
0.41109264
0.66710979
0.52169889
0.61951655
0.4540827
0.56865311
0.75682336
0.49673608
0.45264712
0.59791613
0.58577627
0.4004142
""
0.8031888
0.47665045
0.34892568
0.79587972
0.62460345
0.71767575
0.55986023
0.52476394
0.64202023
0.64788634
0.52297175
0.69703454
0.64462894
0.53935206
0.60856146
0.43434498
0.56987625
0.55904359
0.69598925
""
0.59660035
0.55624127
0.39587772
0.44305918
0.51226002
0.60184646
0.46686664
0.58969802
0.65291917
0.66124046
0.58235359
0.63047373
0.5048064
0.61639869
0.48911595
""
""
""
""
""
0.2336085
0.47829327
""
0.80546612
""
""
0.6113373
0.52771401
0.6586358
0.44528824
""
0.42701304
0.5183928
0.65267485
0.84941095
0.52283454
0.71295273
0.38792941
0.87538189
0.81000102
0.83594495
0.58866388
0.55833685
""
0.4055455
""
0.47796324
""
""
""
0.35860881
0.5786311
0.46446738
0.46685869
0.90270859
0.023364814
0.49224436
""
0.54073781
0.82220829
0.48724282
""
0.68058646
0.86855876
""
0.52557635
0.71662009
""
0.79926938
0.6216982
1.01859
0.60726357
0.18151397
0.46375448
0.52426779
0.83479965
""
0.20329817
0.63180119
""
""
""
""
""
""
""
""
0.34886435
""
0.59834743
""
""
""
""
""
""
""
""
""
""
""
""
""
0.71443182
""
""
""
0.38603276
0.71155894
0.46913645
0.75829065
0.42131737
0.68049586
0.6036222
0.89936543
0.51721305
0.60766757
0.72167826
0.81735766
0.74354964
0.45712358
0.51540041
0.43864802
0.51402265
0.38421994
0.67182815
0.45934919
0.63216025
0.43937394
0.59778142
0.39158949
0.71659565
0.488792
0.50747323
0.67385077
0.50862199
0.63003713
0.54305738
0.44190216
0.7479648
0.58199394
0.47476143
0.61970001
0.53667265
0.61387998
0.63871616
0.44461983
0.45587048
0.66801792
0.61889225
0.62854546
0.41810578
0.46571186
0.44289672
0.51386422
0.4313719
0.60890472
0.64173627
0.52265096
0.48292801
0.44346359
0.57001644
0.41131404
0.51981962
0.45353842
0.35169369
0.62035024
0.45099303
0.58013791
0.83680779
0.6928913
0.43606856
0.57780844
0.61926705
0.48769173
0.52991372
0.67813253
0.64754683
0.46655509
0.49399471
0.71139443
0.6381979
0.6375401
0.62004775
0.59556514
0.53524578
0.62645197
0.47027004
0.53307062
0.50395972
0.69056529
0.64225656
0.45533633
0.53508413
0.65052199
0.46221238
0.49719632
0.58165079
0.58572996
0.53409606
0.61467421
0.47960067
0.51440144
0.55927002
0.4505069
0.62536353
0.64635766
0.73214084
0.53574634
0.80471379
0.85524231
0.44041976
0.55866784
0.51302725
0.58162516
0.34908271
0.46044078
0.62709314
0.46071899
0.61462241
0.58628488
0.46517563
0.51917452
0.53060257
0.47962674
0.44196269
0.40259925
0.39001316
0.52714652
0.54490113
0.48084429
0.62701845
0.46870637
0.5373072
0.6922664
0.73534971
0.37570128
0.55286127
0.28143501
0.60709989
0.85672569
0.5433321
0.67169952
0.58104783
0.58291912
0.67933375
0.65177369
0.82015324
0.4993234
0.51731169
0.20760405
0.51436561
0.64729941
0.62859607
0.67504579
0.49291915
0.25091803
0.64032954
0.64620495
0.46516913
0.39562055
0.5319078
0.73408997
0.39367554
0.63097584
0.50776577
0.35580835
0.60986668
0.59680873
0.37513438
0.039416097
0.62305862
0.4748238
0.54064649
0.63339454
0.59508443
0.38836768
0.60853291
-0.036903329
0.55754369
0.40658656
0.59726852
0.59805518
0.4876214
0.76130027
0.537709
0.5501613
0.51888156
0.7726208
0.70151877
0.52762848
0.36761957
""
""
-0.014360575
0.54513174
0.35451981
0.56184018
0.67188591
0.32859793
""
0.43490428
0.46112004
""
""
0.53901249
0.57680136
0.56730521
0.44087473
0.73683578
0.62657803
0.54406643
0.29839253
0.72483939
0.56986618
0.5741002
0.44306579
0.40982822
0.46670943
0.32425228
0.41869161
0.4281728
0.55200481
0.44774565
0.57465315
0.50811714
0.54969215
0.29044801
0.41741171
0.52760077
0.52132362
0.54777658
""
0.76693994
0.70077819
0.44776708
0.45820296
0.61071444
0.81335056
0.10617704
0.50156653
0.59650856
0.42497528
0.72733223
0.80278623
0.34486824
0.46562296
0.83834171
0.66874444
0.45202971
0.47728148
0.57555258
0.56039238
1.0848773
""
0.64375883
0.47424251
0.40939096
0.70331973
0.48417449
0.49662876
0.45766404
0.81423974
0.90262514
0.30264166
0.55191398
0.37024254
0.50057548
0.25264618
""
0.53241152
0.839647
0.52423704
0.67404741
0.72512704
0.81439209
0.46006215
0.70801717
0.28175429
0.54491717
0.56160659
0.42136526
0.36292869
0.70134002
0.52385563
0.64056188
0.64471793
0.32025272
0.26073587
0.75347751
0.67537606
0.54962897
0.76826924
0.039334744
0.26788807
""
0.48451403
""
0.72235316
""
0.70446217
0.4009814
""
0.41875282
0.44739234
0.62692964
0.74865246
0.71683168
0.49336988
0.39524019
0.44895238
0.55786771
0.28598785
""
""
0.74460053
0.76913905
0.69995141
0.549523
0.52219087
0.50632119
""
0.74159026
""
""
0.76816857
0.43050379
0.36396402
0.44757158
0.50577736
0.59668046
0.44137037
0.53375298
""
1.0294038
""
0.70690513
0.11816549
0.71262234
0.4950026
0.91779989
""
""
""
""
""
0.44914982
0.63641888
0.43423244
0.40506253
""
0.85110897
0.79246569
0.60312253
1.017534
0.50763029
0.61793315
0.35081673
0.56800127
0.60588908
0.65520346
""
""
""
0.55040115
0.34038714
0.09890788
0.60510433
0.60843498
""
""
""
""
0.69636655
0.63813412
0.79527307
0.49616203
0.61709774
0.50251335
""
0.58744383
""
0.64339101
0.67120749
0.39402786
0.46563116
0.67913002
0.41003156
0.523642
0.61691183
0.62874895
0.82465327
0.63879442
0.82388401
""
0.72465807
0.48565084
0.88330197
0.50615823
0.66302425
0.7199778
0.35175624
0.6384691
0.46945071
0.8843776
0.45244986
0.54443395
0.59714657
0.42787939
0.4220112
0.563245
0.83577621
""
0.50224
0.23504244
0.53217632
0.67729431
0.55790091
""
""
0.54330355
0.68955356
0.5670563
0.47944424
0.9261207
0.59756005
0.66603303
0.64803177
0.43137214
0.44353735
0.20877546
0.75840431
0.33582652
0.56911707
0.7988891
0.61492115
0.54339039
0.6055339
0.47932747
0.3860932
0.61940324
0.71866161
0.68593138
0.447604
""
""
0.74391478
""
""
-0.059514325
""
0.5001573
0.40270895
""
0.87915105
1.0517994
0.29583678
0.7421779
""
0.67557359
0.67458814
0.45379248
0.61604518
0.90008968
""
""
""
""
""
0.5696888
""
0.53410012
0.65777856
0.74650431
0.89712298
0.13184974
0.23171788
0.9600594
0.48540863
0.89537644
0.72175413
""
0.56009918
0.34646302
0.71835917
0.79873955
0.62249863
0.73532808
0.61014026
0.56750065
0.3838937
0.8440516
0.61659086
0.66631478
0.53250438
0.61580968
0.58209282
0.41634622
0.41850662
0.6939165
0.33098158
0.62428784
0.73761445
0.4182277
0.75822604
0.68698353
0.85307527
0.6858685
0.74259979
0.62876207
0.66004872
0.86551833
0.44800794
0.64689952
0.49537131
0.70749176
0.63140929
0.50743508
0.57435155
0.73058277
0.88517565
0.58601427
0.78047991
0.68891615
0.59964377
0.76241761
0.84931636
0.81559545
0.51569909
0.80153102
0.74671602
0.6565423
""
0.68486303
0.73022616
""
""
""
""
0.58112967
0.53467607
0.97790492
0.55905002
0.79108238
""
0.75965941
0.46989381
0.65264344
0.36942577
0.67060447
""
0.77785873
""
""
0.2957443
0.99664742
0.68431783
0.83450758
0.78251594
0.56747997
0.31231794
0.89603734
0.65656275
0.55181348
0.4984712
0.50175619
0.56452531
0.97805053
0.6826632
0.36636558
0.52105659
0.37864691
0.72210848
0.53662068
0.70986128
0.49293986
0.5976885
0.52311295
0.62805218
0.49411267
""
""
""
""
""
0.95673621
""
""
""
""
""
0.67137879
""
0.59478748
0.45030779
0.86980134
0.50029683
0.49061131
0.46503416
0.71837157
0.67099714
0.36760709
0.46420857
0.62075651
0.70301074
0.61970353
0.85917187
1.2046186
0.75965339
0.50814652
0.68949068
0.58294636
0.25475073
0.7085073
0.72999793
0.20725523
0.71344924
0.87586218
0.60589564
0.83978754
0.36859658
0.56948674
0.75786591
0.82229942
0.46852008
0.66970503
0.77918661
0.66366196
0.89813566
0.67076778
0.80817568
0.71216494
0.61491221
0.61921942
0.40702543
1.0775925
0.37964848
0.30593622
0.28070721
0.33130798
0.78103369
""
0.41690513
0.53803682
0.68566221
0.47537878
0.46503589
0.56957501
0.67157441
0.57035369
0.75656992
0.33901045
0.95497352
0.89356345
0.58872443
0.90617931
0.52038521
0.35543185
0.46398714
0.52232802
0.63764691
0.45250013
0.63275903
0.46736473
0.70351905
0.64443845
0.63262028
0.41886348
0.67257887
0.7733202
0.52595675
0.64460605
0.83240181
0.7879225
0.60859066
0.71460849
0.72453493
0.53102058
""
""
""
""
0.95303786
""
0.56161958
""
""
0.67112643
""
0.31047809
""
""
0.58073509
0.42595935
0.72523177
0.27973714
0.56905103
0.6102981
0.93299103
0.80306357
0.44063124
0.40012661
0.57372016
0.66897947
0.077236302
0.33817261
0.94826108
""
0.5053826
1.1565512
0.91752881
0.68084031
0.7791642
0.72474039
""
0.74902648
0.19303001
0.71909565
0.53216285
0.53406024
0.49937201
0.86749101
0.67316699
0.68283802
0.57935411
0.57565272
0.60102004
0.84280181
0.6218431
0.55444056
0.62147659
0.81155574
0.59635168
0.6324507
""
0.6637516
0.32270765
""
0.82009232
0.39376834
""
0.99807566
0.39459866
""
0.46574888
1.4153591
0.35262775
0.72533929
0.31099486
0.67011958
0.58074671
0.57224578
0.48427066
0.53776652
0.73152387
0.35970581
0.50400275
0.40057579
0.52407849
0.6336382
0.70874488
0.72625464
0.74478638
0.72023261
""
0.86812943
0.7590059
0.71640843
""
0.85382098
""
""
0.71472996
""
0.7381981
""
0.5091657
0.49653667
0.58893174
0.55845255
0.44062269
0.50123292
0.64809
0.61254275
0.56916368
0.34459743
0.32589516
0.60605526
0.49888375
0.55641687
0.59977168
0.64569843
0.49295971
0.7058512
0.61142743
0.59291595
0.50363284
0.54335809
0.58163768
0.61098355
0.69506806
0.53768086
0.53152627
0.35494339
0.65843427
0.5441739
0.57019597
0.47132492
0.66224754
0.63095677
0.50443757
0.3743712
0.58398211
0.61876172
0.80224192
0.63514632
0.71950936
1.0682883
0.48524195
0.5274654
0.63734961
0.76444834
0.74404681
0.43339476
0.62293971
0.62099236
0.65873843
0.52784944
0.98137498
0.58183038
0.40549135
0.67586386
0.58304143
0.50792414
0.72083861
0.62411934
0.64915603
0.66859311
0.1832508
0.38989174
0.6654231
0.43041503
0.55715811
0.67299598
0.55443931
0.60852242
0.34163001
0.5527274
0.70753181
0.77164805
0.51265776
0.46743527
0.48778245
0.50256729
0.64120764
0.49041435
0.73452985
0.60235882
0.58374661
0.54067081
0.68763149
0.44880247
0.48180017
0.5634563
0.54085821
0.4871392
0.51055706
0.57346952
0.40450388
0.46090612
0.5739122
0.35117817
0.3944869
0.58529252
0.53752053
0.70926285
0.4636651
0.55450463
0.55922109
0.58343482
0.62579668
0.63104635
0.58663702
0.31849936
0.43752679
0.6792872
0.51195776
0.60656005
0.65390879
0.56382686
0.51484156
0.6473698
0.42415693
0.63334423
0.49714494
0.6986475
0.50505286
0.74809277
0.4969191
0.21647424
0.50684309
0.54553998
0.46314555
0.47433189
0.59168649
0.56358659
0.50964618
0.5705353
0.53998518
0.48384231
0.58750767
0.67242682
0.51474583
0.58579183
0.50866604
0.6063695
0.48445162
0.46437079
0.57168436
0.57230252
0.59215003
0.4962852
0.29583552
0.61973685
0.78923571
0.58715039
0.67798162
0.63125014
0.28654763
0.47754753
0.56200665
0.70992357
0.66412067
0.57592058
0.53174675
0.63039845
0.42724666
0.46578068
0.48089468
0.57772547
0.71922535
0.61365068
0.55147016
0.50300509
0.52605271
0.65093213
0.5798046
0.64055431
0.39568514
0.79172409
0.53597951
0.36346588
0.48675534
0.50985092
0.60860008
0.52677721
0.44640744
0.50620741
0.44618484
0.54758364
0.66396266
0.46187741
0.55509835
0.63296103
0.50035661
0.51578808
0.42386594
0.45690331
0.60049528
0.49374083
0.3950876
0.48019257
0.45170781
0.48993045
0.74408734
0.59178764
0.80658031
0.64042646
0.50138342
0.48821527
0.53375137
0.63760924
0.44307238
0.69229144
0.5331018
0.25639856
0.51337773
0.4699443
0.53192353
0.56517935
0.59517038
0.49220654
0.40026534
0.71969074
0.72315282
0.67932296
0.54721719
0.58238375
0.60354418
0.5219698
0.53253907
0.37600005
0.4266831
0.53837019
0.86767209
0.56771249
0.58372462
0.53932631
0.48221925
0.69183826
0.49136907
0.47068328
0.67499441
0.64565969
0.81717342
0.46258807
0.47863182
0.61197174
0.65036923
0.6568554
0.31542233
0.3406589
0.85603166
0.46045819
0.73954099
0.54811162
0.67232978
0.63001502
0.73142403
0.55986613
0.61466014
0.64625746
0.64048457
0.51412964
0.57171422
0.56840497
0.61447597
0.41997591
0.44025889
0.62511617
0.63305342
0.65049529
0.50295365
0.66838121
0.77450383
0.51409358
0.64411807
0.31579575
0.50063246
0.43579924
0.526577
0.47100264
0.51134914
0.46761045
0.29056239
0.4486987
0.50342673
0.54380673
""
0.77550572
0.57358688
0.2711131
0.53442651
0.55106729
0.43853694
0.59436011
0.44480827
0.56270003
0.48972061
0.583354
0.56570625
0.41075432
0.48601419
0.82787186
0.64465988
0.4555299
0.45313928
0.48472297
0.64143515
0.62260044
0.53503019
0.75981987
0.49454877
""
0.74475116
0.44618025
0.51508337
0.54035324
0.53144455
0.46772259
0.48500317
0.5671832
0.37039262
0.26239383
0.47936541
0.57746786
0.52834308
0.48249045
0.45833123
0.5797888
0.71052235
0.52968264
0.81087434
""
0.40541598
0.10123564
0.33263376
0.60465258
0.52386487
0.36224797
0.45375517
0.38699809
0.51871163
0.3190034
0.24234425
-0.073842824
0.077504128
""
0.67965358
""
""
""
""
""
""
""
""
""
""
""
""
""
""
0.86462742
""
""
""
0.25884929
0.38701597
0.55718958
0.4288668
0.61655444
0.50546908
0.53595638
0.17181805
0.29315695
""
0.55534631
0.44035703
0.63067722
0.59098083
0.011514146
""
""
1.0443903
""
""
0.72485483
0.70150107
0.35894251
0.41341496
0.59608704
""
0.30739218
0.76969272
0.69550389
0.19820258
0.69380504
0.47295293
0.55816472
0.70030719
0.66451782
0.50442702
0.58004934
0.61118656
""
""
0.81759489
0.90049809
0.97805035
1.1073662
0.62033468
0.61549652
0.66036433
0.50067461
0.73525095
0.50081956
0.40314463
0.41025627
0.73366505
0.53870434
0.81346005
0.86050242
0.95975345
0.23669118
0.62343669
0.69537097
""
0.2201158
0.67001092
0.49506399
0.53473312
0.28950578
1.2278675
0.43574288
0.49246213
0.69804949
0.5165168
0.66210413
0.61201751
0.59506685
0.64979923
0.38549227
0.40067902
0.54710358
0.59329659
0.78001553
0.55742359
0.41340426
0.56926107
0.52651221
0.60993689
0.3958351
0.67277801
0.73091245
0.57729697
0.46763033
0.40047583
0.7238583
0.67548668
0.62745744
0.68293357
0.51533896
0.43339255
0.47201598
0.43888372
0.43792346
0.60983908
0.42687201
0.56370431
0.58956909
0.63004965
0.38853082
0.68896818
0.67084414
0.61522615
0.32759345
0.49783149
0.40976575
0.47877932
0.60679775
0.66413599
0.10754393
0.76850122
0.32727101
0.36811426
0.67235875
""
0.68052644
""
1.5097655
0.46292278
""
0.98046982
""
""
0.75633436
1.3204045
0.14381304
0.55134934
1.0784796
""
0.09479399
""
""
""
0.57945037
1.0315909
""
0.39704916
0.61332411
""
0.50544518
""
""
""
0.10976523
0.12317819
""
""
""
""
""
0.8745361
""
""
""
""
0.91101879
0.29298037
""
0.30336303
""
0.60314679
0.43881044
""
0.75675029
0.71530628
""
0.68293685
0.7615543
0.55839884
0.81887168
""
0.93758005
""
0.79830927
0.7107864
""
0.59067035
0.35087487
0.51938677
0.61122054
0.6648652
0.7219047
0.49009931
0.48342717
0.75326538
0.43875679
0.9740082
0.43229127
0.53095019
0.58707148
0.57333684
""
""
""
0.75906926
""
0.54108912
0.53392667
0.75202924
0.50229824
0.42578715
0.51793909
0.79363877
0.55800533
0.76936036
0.59328479
0.76157695
0.56269819
0.39065403
0.52116805
0.48021638
0.54313177
0.57954752
0.60851973
""
0.45585155
0.63403463
0.34736168
0.35663623
0.86723518
0.61793858
0.65990573
0.41200376
0.31995288
0.53097421
0.12437548
0.55184215
0.82236445
0.31657934
0.47125128
""
0.55560166
0.41940814
0.75212383
""
0.5497309
0.63432467
0.70740908
-0.019714866
0.96700615
0.72344238
0.823511
0.48147056
0.47681943
0.50977135
0.4183754
0.69273865
0.7379564
""
0.6455344
0.54360133
0.56242687
0.63422644
0.64851171
0.68372118
0.68618107
0.58718455
0.74315763
0.6210807
0.68719244
0.53014487
0.73676616
0.73854595
0.75169879
0.62682986
0.73904055
0.62620753
0.35512701
0.48864299
0.47857222
0.45905867
0.48915723
0.852763
0.66792291
""
0.79432768
""
0.67161989
0.58288765
""
0.57536042
0.81307739
0.55028462
0.61852413
0.70329672
0.50719631
0.57140398
0.70586616
0.44288197
0.31288567
0.66399944
0.64545178
0.79246187
0.65091306
0.71907097
0.607113
0.33472842
0.67803651
0.57868379
0.54453778
0.71179461
0.53059077
0.70307314
0.52405089
0.56157649
0.63416696
0.64293736
0.59847504
0.60994112
0.46257606
0.53628373
0.61879247
0.52131224
0.6240766
0.6456635
0.56597388
0.6122936
0.54963911
0.53948224
0.3595047
0.63048518
0.56434655
0.58485156
0.62413961
0.5998376
0.59583288
0.61774069
0.66308206
0.49314025
0.58210617
0.69850957
0.69300467
0.5855031
0.70999777
0.62714934
0.57755035
0.31400588
0.71317279
0.57144523
0.65189266
0.59688437
0.81688112
0.53763711
""
0.60365504
0.5469619
0.47775808
0.5045464
0.58904165
0.68279517
0.39195827
0.42277822
0.76676518
0.61716747
0.78135604
0.67746937
0.4150995
0.55953074
0.39547855
0.39595649
0.81783235
0.5399273
0.56893402
0.34284031
0.41182455
0.56740171
0.81550151
0.58638012
0.69142121
0.51981527
0.56513327
0.85362011
""
0.48591998
0.89440238
0.67170787
0.59718627
0.51982117
0.33630741
0.40413332
0.36098394
0.53775769
0.68335396
0.77695954
0.84238607
0.32800019
0.59623986
0.31411394
0.28149056
0.49407503
0.37367433
0.56873864
0.49281511
0.4395681
0.66731411
0.45375919
0.46109122
0.66031754
0.86176491
0.5531143
0.4533889
0.59500051
0.84448671
0.89830858
0.30493793
0.64518058
0.27923167
0.63551211
0.84533465
0.55037689
0.73544204
0.29646078
0.58079094
0.64809328
0.57087362
0.54923409
0.50795692
0.79694879
0.57095963
0.8208937
0.53160352
0.57079238
0.53323609
0.64090914
""
0.82662153
0.41679376
""
0.41072935
0.51691043
0.76867324
0.51749372
0.52632749
0.73657364
""
0.48654145
0.64153951
0.62236494
0.6864813
0.61791754
0.52312559
0.1592529
0.73688239
0.67575163
0.7262556
0.44762066
0.64195293
0.76694745
""
""
""
0.75080621
0.28776774
0.79158872
0.71807271
0.64903456
0.83935142
0.68087745
0.69358748
0.45748553
0.79559618
0.46049589
""
""
0.54182464
0.55691147
0.68744648
""
""
0.86499166
""
""
0.38892689
0.59741575
0.61959481
0.84200484
0.59121764
0.54611462
0.7617451
0.82048917
0.4463439
0.40603182
0.50381583
""
0.68869382
0.70119411
""
""
0.59279943
0.59029013
0.53224111
0.56581873
1.00334
0.32008678
0.70747578
0.61660099
0.55001104
0.7337712
0.46285447
0.35552058
0.71523541
0.56790507
0.55037141
0.85651469
0.65824592
0.49967217
0.60004485
0.4673447
0.80109459
0.88008916
0.56630898
0.47621503
0.71840286
0.49682766
0.76231223
0.80977565
0.6375435
0.32724413
0.67614353
0.93319923
0.68348759
0.48252386
0.59295619
0.54505938
0.74903005
0.8316763
0.49615261
0.54209006
0.52239031
0.44210228
0.94898188
0.85434026
0.75620753
0.49540329
0.69071567
0.57875597
0.58985531
0.68294775
0.58322036
0.56954384
0.77966887
0.60586107
0.53857756
0.5258894
0.60794252
0.66490328
0.78469133
0.57849377
0.5153628
0.64179784
0.20644286
0.47751871
0.63578612
0.59426862
0.42917925
0.66291869
0.6916135
0.46984997
0.42431834
0.36467478
0.76654613
0.43130675
0.80249536
0.70073277
0.48106658
0.69292021
0.41882831
0.42552876
0.76423061
0.69158554
0.55298305
0.60714579
0.49082935
0.36030167
0.52806628
0.54539609
0.5736683
0.62384033
0.42860091
0.6828872
0.65763289
0.54341274
0.67329252
0.55852902
0.77685565
0.69048309
0.46590185
0.40170696
0.57045561
0.63103044
0.8867293
0.67687881
0.4640604
0.54871458
0.65787053
0.82317883
0.34347966
0.59483033
""
0.68170476
0.30152652
0.50301665
0.59509003
0.6144442
0.52143061
0.53629923
0.60779476
0.44283935
0.56618482
0.616678
0.84627682
0.40729263
0.65128541
0.57656687
0.28502813
0.65652382
0.74968737
0.62115449
""
""
""
0.68070525
0.36875209
""
0.54335016
0.50621849
""
0.63706136
0.69447988
0.48962042
0.71742076
0.60773957
0.42927963
""
0.65559047
0.63176543
0.5839563
""
""
""
""
""
""
""
""
""
""
""
""
""
""
""
""
""
""
""
""
""
""
""
0.51089597
""
""
""
""
""
""
""
""
""
""
""
""
""
""
""
""
""
""
""
""
""
""
""
""
""
1.0535654
""
""
0.86414468
0.51805431
0.6194821
""
""
""
""
""
""
""
""
""
0.96086204
0.62224323
""
0.62438905
0.91756827
""
0.75678474
0.66102839
0.33239391
""
""
""
""
0.52563155
0.67769414
0.55317652
0.65978652
""
""
""
0.38842246
0.67810452
0.99220812
0.6530236
0.56725234
""
""
""
0.47505558
0.12911788
0.72358698
0.62000173
0.52365637
0.66180551
0.65452129
0.68801612
0.55634516
0.04445219
0.27703992
0.25797755
0.92416221
0.91543883
0.51322049
0.76008123
0.57356054
0.7176491
0.93795401
0.60973632
0.70995897
0.66135067
0.89416957
0.64777148
0.31407285
0.61176401
0.45220217
0.6619125
0.57753682
0.30810001
0.56162846
0.78878278
0.59350127
0.48106152
0.2953262
0.70822501
0.73146361
0.62205344
""
""
""
""
""
""
""
""
""
0.59313256
0.70339161
0.98060292
0.45730156
0.63540578
0.8231383
0.79390866
0.40343609
0.89298129
0.42738324
""
""
""
""
""
""
""
0.75070935
""
""
""
1.3204852
0.45160383
0.75580978
""
0.21379125
0.47189248
""
""
""
""
0.78516328
""
""
""
""
""
""
""
""
0.58434987
""
0.8038578
""
0.82465702
""
0.18785118
""
0.44419092
0.42968342
""
""
""
""
""
""
0.85864627
0.66439617
0.53724003
0.78003573
0.75843263
0.55517876
0.72529757
0.42315611
0.47927913
0.5802933
0.62959343
0.76623982
0.57768345
0.58129156
0.30128732
0.62874794
0.59083962
0.58959508
0.63553393
0.84890842
0.49280071
0.44957006
0.51133579
0.60558265
0.73897517
0.64808691
0.71218437
0.46106544
0.73349571
0.7112245
0.68266261
0.27325475
0.83941144
0.46724319
0.57594919
0.64213878
0.69381732
0.50531667
0.75266808
0.5835501
0.59466511
0.54168665
0.51648659
0.5020321
0.67749441
0.70737785
0.78183514
0.58183247
0.56171763
0.49341869
0.36995542
0.56273556
0.87813926
0.74869192
0.75408852
0.37944055
0.53343427
0.41014275
0.58551478
0.50256044
0.45465147
0.85736758
0.90849143
0.72029674
0.51351684
0.58105099
0.43532419
0.90272552
0.71356964
0.65877628
0.33767071
0.37935096
0.78739178
0.85228229
0.50824839
0.56038392
0.68239081
0.44907454
0.84307003
0.66644418
""
0.41637325
0.2389124
0.54895943
0.41608724
0.31251547
0.60175937
0.70602876
0.7587263
0.67203832
0.60710192
0.58969444
0.77548856
0.61038435
0.20874731
0.575032
0.46113741
0.82153153
0.55817574
0.58942538
0.37118226
0.70871007
0.39425135
0.40925109
0.47338328
0.35494921
0.49293301
0.48444307
0.53947067
0.53451431
0.80190247
0.62953925
0.64628196
0.69476217
0.57110763
0.32838607
0.69110441
0.59789997
0.55694377
0.66704232
0.45315886
0.4240385
0.85351783
0.93330711
0.55882269
0.43950889
0.50797975
0.68632877
0.53500062
0.6216687
0.60507381
0.52274263
0.55758113
0.60702133
0.51680809
0.50314116
0.42974228
""
0.81177634
0.64818537
0.39696977
0.47036627
0.62064105
0.76905149
0.61328852
0.35674351
0.53756499
0.63388509
0.68175751
0.67807209
0.44215611
""
0.94934815
""
0.67266887
0.86258852
0.31042027
""
""
0.68640667
""
0.59999603
0.56464899
0.30621356
0.66006333
0.72001785
""
0.6940946
""
""
0.81800002
1.1909176
0.33149099
0.58330917
0.50331908
0.63863665
0.51214349
0.51078314
0.63636023
0.67636007
0.56980765
0.52298778
0.57368875
0.61968952
0.47341526
0.5416891
0.52213693
0.61375898
""
0.68295115
""
0.68899173
0.58941382
0.71755743
0.89334649
0.81017774
0.81693298
0.65279996
0.72187209
0.15486729
0.33083168
0.47002366
0.67789298
0.69352365
0.80483741
0.88857275
0.83584911
0.75972897
0.57458711
0.57335657
0.13262665
0.54642522
0.64222372
0.63765514
0.73629433
0.64197004
0.71131462
0.61609238
0.68246382
0.84572953
0.54807097
0.57042295
0.73713791
0.60991222
0.90451926
0.44646877
0.59583282
0.6616416
0.33602935
0.47392523
0.65566605
0.60993725
0.75185961
0.76018059
0.71087831
0.52743787
0.6791445
0.28664336
0.78786337
0.58019114
0.5117622
""
""
0.38765275
""
0.7134257
0.90845752
0.66435504
0.39492172
0.75706846
0.67987043
""
""
0.21461537
0.27026582
0.75017005
0.67606872
0.8713581
0.59030092
0.662714
""
0.56122679
""
""
""
""
""
0.72366947
0.60682249
0.37309352
0.32446471
0.85441267
0.88452762
0.65215343
0.58678526
""
""
""
0.70308697
""
0.61899322
""
""
""
0.73535424
0.70291227
0.60953069
0.5978539
0.56552756
0.61706942
0.3092289
""
1.0158005
0.93697792
0.57371229
0.35676506
""
0.62570024
""
""
0.87064332
0.71082109
0.60123211
0.65194863
0.76881045
0.52564871
0.77755034
0.61780357
0.686975
0.31838489
0.7926333
0.37587106
0.62354541
0.78302264
0.60091728
0.63809991
0.71128559
0.55921805
0.59443182
0.73348576
0.78317994
0.72820348
0.56255275
""
""
""
0.59783709
0.77218425
0.79633427
0.55243564
0.49345523
""
""
""
""
""
""
""
""
""
0.60492986
0.50816107
0.68739772
0.68685752
""
0.49429899
0.62382978
1.1654217
0.50365686
""
0.53296679
0.58564961
0.6620366
0.50597912
""
0.61312574
0.56722277
0.54565877
0.76105529
0.71189368
0.6479401
0.6487965
0.53835797
0.81858146
0.84777588
0.51237291
0.53472465
0.67278546
0.63387281
""
""
0.59305298
0.51853782
0.64034349
0.45306334
""
0.57961869
0.36273086
0.57649624
0.41785687
0.72786343
0.61900187
0.61658555
0.49517807
0.72814161
0.81865966
0.67544669
0.88696617
0.78787535
0.41187769
0.75420851
0.67229301
0.51627094
0.59455526
0.4782573
0.67378485
0.50859886
0.78248316
0.66535896
0.53879356
0.52342248
0.62239945
0.78788346
0.38445795
0.72285408
""
0.81345934
0.73496169
0.64745474
0.59642917
0.57170641
0.60304564
0.36468539
0.62355691
0.57145745
0.5153389
0.64102882
0.47598571
0.81481582
0.63253057
0.29281271
0.72341013
""
""
1.3377228
0.039033018
""
0.57692814
0.66877395
0.82756585
0.50870049
0.54713416
0.68702084
0.51796275
""
0.61711591
0.4256635
0.6337055
0.54973954
0.56635654
0.45078701
0.8065325
0.76440597
0.47275898
0.57303989
0.50821793
0.5903281
0.70393842
0.62300956
0.51128787
0.48969314
0.67496455
0.53298157
0.44281688
0.69273466
0.63778156
0.81632161
0.58964008
0.74019837
0.60727113
0.68205321
0.4433755
1.0616285
0.66702002
0.61865789
0.7088446
0.8199296
""
""
0.32255256
0.70724475
0.58040971
0.4274075
0.41211283
0.68141919
0.70975554
0.5381797
0.69307762
0.58704364
0.81046438
0.60901386
0.69215208
0.47587946
0.37548077
0.53382665
0.79493701
0.70150352
0.67230982
0.61643797
0.68111706
0.55345261
0.83585089
0.71354389
0.61034757
0.50362808
0.43069386
0.58313656
0.63131016
0.48170257
0.68411773
0.6452257
0.77004826
0.57574195
0.7733137
0.51010138
0.56517881
0.42819965
0.77501005
0.53796387
0.82566595
0.64236176
0.64491147
0.73559582
0.63437968
0.50219518
0.49027649
0.74780941
0.57824343
0.56869924
0.4930816
0.35288319
0.79404002
0.773332
0.56921464
0.79719073
0.67869413
0.64488357
0.71871567
0.58429056
0.51289165
0.65515208
0.55787855
0.66161656
0.65021062
0.68955821
0.58991855
0.4499386
0.53474838
0.59085971
0.56877041
0.60951465
0.46865594
0.55349952
0.70839107
0.60510385
0.52292991
0.59551495
0.59878236
0.67741549
0.52720571
0.44310969
0.67836004
0.68443447
0.601475
0.5478304
0.6331349
0.66146863
0.58026183
0.47372511
0.67611355
0.62852991
0.73077166
0.43449426
0.57090908
0.65962785
0.48823881
0.52053887
0.75232255
0.75338405
1.077029
0.60169017
0.6733126
0.77554798
0.71378869
""
0.60272229
0.68696946
0.70890599
""
0.54788208
0.65372682
0.49678999
0.67785543
0.71075028
0.91282809
0.62494671
0.55406624
0.67908502
0.32796443
0.36744192
""
0.50272626
0.81787616
0.62228173
0.59620953
""
0.49521869
""
0.62958688
""
0.44026378
0.41607818
0.75580055
0.5379554
0.59917104
0.63915044
0.617392
0.58100849
0.839104
0.75920236
0.71590734
0.80855715
0.89194632
0.53164941
0.64847916
0.64242518
0.84537733
0.44763306
0.6772511
0.93309981
0.45989406
0.48740122
0.94420522
0.68515277
0.49541682
0.86891252
0.56334901
0.8106848
0.80409634
0.59551084
0.30116227
0.98383224
0.62882203
0.42489171
0.90661466
0.651986
0.22241355
0.82513344
0.44091597
0.71977091
0.19717418
0.70761216
0.6678369
0.8677907
""
0.51826298
0.43999922
""
""
""
""
""
""
""
""
""
""
""
""
""
0.73241705
0.7441799
0.39660549
""
""
0.85914439
""
0.62800074
0.48796177
0.5532105
""
1.0355538
0.91317099
""
0.63317364
1.1307052
""
0.53686339
""
0.44400352
0.49239394
""
0.30594721
0.48949951
0.60023719
0.5782131
""
0.5886032
0.60570747
0.72465909
0.6443733
0.37420535
0.78554732
0.57880288
0.57866228
0.50983214
0.51836061
0.74681032
0.44623068
0.68559098
0.64285791
0.5765782
0.68295687
0.31854391
0.36954123
0.32653689
""
0.67221713
0.52669847
0.71017635
0.64685333
0.66210538
""
0.66690034
""
""
""
""
""
""
""
""
""
0.48445222
0.57645416
""
""
""
0.55266654
0.52467155
""
""
""
""
""
""
""
""
""
""
""
""
""
""
""
0.48427257
0.70547318
""
0.55202574
0.72007823
1.0173103
0.55890143
0.526272
0.52744597
0.48757905
0.80375677
0.63738209
0.65184939
0.75344527
0.63749641
0.6069746
0.52774465
0.59078538
0.64892858
0.51532352
0.57790095
0.59450716
0.76478082
0.61500579
0.65495169
0.57809532
0.57130963
0.73719347
0.65759146
0.72884691
0.65826905
0.65370733
0.55250639
0.65036589
0.46784341
0.52427173
0.67794472
0.51792949
0.90242738
0.43753999
0.62730485
0.5017066
0.58561438
0.75182956
0.62350082
0.54483891
0.6748476
0.5800212
0.63483441
0.65651965
0.62423611
0.63623464
0.64047444
0.63474679
0.63845766
0.55617225
0.65038669
0.67389661
0.58390307
0.57303113
""
""
0.68049294
0.60461855
""
""
0.40142295
0.45726877
""
0.67626166
0.4327442
0.66538864
0.66106158
0.96382123
0.56373191
0.61764747
0.87472963
0.77567542
0.67526293
0.78942883
0.84232789
0.74389422
0.74359214
0.41841796
""
0.48276752
0.74627447
0.63842195
""
0.58512181
0.26071551
""
""
0.54607755
0.63269067
0.60594982
0.505436
0.72454351
0.77457398
0.37359786
0.71388954
0.69939721
0.47068
""
0.6560517
0.59004354
0.52392876
0.39656955
0.6822353
0.83751768
0.3982009
0.67578441
0.53972864
0.99829268
""
""
0.77364981
0.48499265
0.99734366
""
0.42362249
""
0.89721614
0.72619927
0.56953561
0.42144924
""
0.35182416
""
0.55697048
0.51079565
""
0.77285773
0.62006623
0.55399632
0.54275757
0.63429254
""
""
0.58854431
0.36996797
""
-0.29605114
0.75364232
""
""
""
0.57346946
0.43635741
0.41630158
""
0.39348036
""
0.73261523
""
""
""
""
0.30375117
""
0.67564863
""
""
""
""
""
""
""
""
""
0.83799756
""
""
0.099002309
0.86642087
1.1231133
""
0.7995168
0.73852164
0.57159132
0.87750667
0.72870606
0.78181481
0.37962359
0.57242984
0.63354141
0.5166012
0.70413548
0.74186295
0.32380548
0.50632954
0.22060448
0.67805266
0.47210881
0.51120865
0.69038343
0.95104033
0.71958107
0.7374801
0.3220953
0.63214707
""
0.51265311
0.7602154
0.77421939
0.71028376
0.87306958
0.46567917
0.19597231
0.51978099
0.47312048
0.70630807
0.47522807
0.69523966
0.52216607
0.32416114
0.43441018
0.77656054
0.48402712
""
0.71800894
0.87943965
0.83853298
0.71583205
0.7880556
0.71851963
0.37904391
0.52294296
0.54993999
0.41718531
0.88982373
0.68865019
0.20458321
0.5665012
0.42041263
0.55525857
0.46287188
0.48611692
0.67684585
0.43391639
0.66024601
0.80155122
0.36277694
0.75471216
0.79024982
""
0.74643916
0.60589755
0.74168932
0.66267747
0.4684853
0.59913015
0.64550346
0.59012413
0.39635327
0.52139461
0.6088841
0.81812572
0.6127637
0.48578113
0.68385834
0.64930218
0.5664354
0.56560099
0.55228037
0.59737343
0.61426455
0.70368266
0.72143263
0.65101057
0.56205297
""
0.77016377
0.34284738
""
""
""
0.76499426
0.72921991
0.72707373
0.63121194
0.37183061
0.42499462
0.59206063
0.70343351
0.87282205
0.78503674
0.75051445
0.42367411
0.48133337
0.54276139
0.34224224
0.55029947
0.69932681
0.77628791
0.74360389
0.48916662
0.44877896
0.65161961
0.57693672
0.56708831
0.75070447
0.48433143
0.55207175
0.78424531
0.58800209
0.66608357
0.72335202
0.58550328
0.46106303
""
0.46145391
""
""
0.38803351
0.65199608
0.50496787
""
0.70447201
0.73576343
0.72351569
0.32082334
0.67199141
0.71781611
0.3519105
0.26329541
0.69042104
0.22161508
0.7034449
0.50237489
0.38657281
0.58232814
0.3204619
0.88150722
0.27746287
0.70808506
0.5783866
0.39531377
0.50341535
0.44042763
0.89913601
0.70337713
0.53916585
0.59125394
0.51896119
0.56188649
0.50892675
0.67470986
0.32170117
0.67801613
0.5666911
""
""
0.6872775
0.36088538
0.6576677
0.61109269
0.78691077
0.59853661
0.5505091
0.65159875
0.61721843
0.60542935
0.39286572
0.48957729
0.74584478
0.58726406
0.54855746
""
""
""
0.52796417
0.34257594
0.54059112
0.6439513
0.49070862
0.69584334
0.464075
0.45140269
0.75174582
0.64175445
0.3950091
0.40590706
0.60562849
0.43889087
0.58448583
0.3948693
0.6821779
0.42661932
0.64827794
0.56523216
0.47520888
0.2386186
0.51226592
0.59758896
0.59731698
0.66456723
0.59057683
0.68649542
0.60466737
0.38658813
0.66150004
0.50360775
0.58344674
0.37943265
0.51459658
0.32317948
0.66521102
0.57692641
0.55830312
0.48091403
0.64886534
0.49897259
0.6580528
0.70053309
0.45878643
0.61685586
0.32585618
0.43677256
0.36987576
0.55953425
0.68033391
0.68460208
0.54089427
0.70178461
0.49873456
0.54388058
0.56519377
0.60851187
0.47074807
0.57036179
0.55763173
0.69053197
0.77078617
0.3443428
0.52653706
0.47662839
0.4336189
0.71011811
0.58584017
0.61633593
0.52678138
0.61929733
0.6770665
0.53165901
0.52110958
0.50952971
0.46656466
0.58486277
0.58127075
0.54260695
0.40919235
0.56203151
0.60273474
0.64810807
0.46042651
0.53461719
0.56885231
0.41427147
0.8602953
0.45351282
0.62094563
0.4265146
0.58455205
0.65494573
0.56097853
0.48182553
0.33246315
0.37149122
0.78540891
0.5729512
0.613832
0.44163898
0.34699175
0.82801938
0.59658521
0.50511891
0.80943573
0.61765409
0.57049406
0.94542891
0.66760641
0.45348516
0.62044585
0.70339078
0.27644408
0.55437493
0.36679608
0.47456652
0.77139401
0.53779405
0.52859008
0.40505689
0.84537423
0.085551083
0.75571424
0.75289851
""
""
""
""
""
0.57645059
0.84144968
0.52319807
0.51141328
0.60271013
0.60977638
0.63352031
0.4385196
0.81139916
0.69248396
0.54801708
0.60019404
0.67370147
0.4079611
0.49967459
0.56764239
0.71070129
0.6761077
0.59073019
0.71274078
0.51914316
0.46975726
0.72083026
0.47053191
0.66657811
0.74608195
0.67128873
0.64534491
0.48815528
0.53051513
0.43473777
0.69710553
0.60470551
0.45453456
0.58853275
0.72492832
0.61157745
0.47838268
0.55661303
0.62912905
0.6914047
0.44377807
0.55042928
0.7188794
0.51505524
0.66248214
0.38311049
0.66657233
0.64130974
0.6626057
0.64010507
0.40247643
0.51729465
0.46779174
0.58508641
0.6409024
0.66125208
0.40551901
0.68436593
0.70602888
0.53924793
0.45752025
0.54984462
0.60625708
0.59144366
0.61129576
0.67348403
0.60406041
0.91047633
0.76767683
0.61440599
""
0.80958092
0.47327396
0.7377665
1.1707143
0.77409452
0.50971633
0.87687397
0.83623636
""
0.6368109
0.46969008
0.65895665
0.52043468
""
0.50178128
""
""
0.71815968
0.66087466
0.6868341
0.70297068
0.53150457
0.50440645
0.80398381
0.62610561
0.64355671
0.62848681
""
""
0.70905238
0.34653351
0.53465903
0.41990188
0.78880292
0.59107435
0.45698398
0.5217939
""
0.57152385
0.60479492
0.48242417
0.54237974
0.50131607
0.49373198
0.4860926
0.68622327
0.33737895
0.43467346
0.71090472
0.77500761
0.70142645
0.55332226
0.5072065
0.61303055
0.65388417
0.59748298
0.3944419
0.63588709
0.51726192
0.61153877
0.47664919
0.60103577
0.71662921
0.51548129
""
0.66553581
0.67340904
0.43984666
0.58660352
0.64379108
0.61909884
0.73169643
0.65893161
0.70303124
0.46153265
0.60449398
0.78097731
0.64322847
0.77445561
0.67157567
0.60244268
0.49906385
0.72481656
0.61743057
0.43794551
0.66139299
0.55210376
0.53927344
0.74480999
0.66956109
0.57676315
0.55334556
0.66551703
0.73535711
0.49918175
0.75295287
0.41237837
0.59377313
0.79032737
0.79858011
0.62019378
0.61951065
0.22163865
0.54878718
0.48963204
0.4920392
0.43697107
0.64832699
0.65782934
0.7323274
0.59134626
0.72329456
0.73358387
0.7829169
0.6432218
""
0.7758221
0.82533664
0.4978722
0.52645701
""
""
0.58455992
""
0.80537635
0.8115142
0.75853413
""
0.55148369
""
0.67611372
0.54452187
0.65566075
0.65142262
0.60600704
0.10481647
0.6771512
0.73919082
""
0.78117377
""
0.56257337
""
0.44461948
""
0.57421774
0.67503709
0.75961846
0.74877
0.26683167
0.25889957
""
0.69930518
0.81802589
0.63781291
0.68282998
0.63872325
0.68421072
0.72407001
0.69614685
0.47193217
0.52464092
0.56210184
0.57748449
0.52035016
0.4850907
0.64299488
0.54863197
0.48472866
0.73730403
0.64865351
0.48376238
0.45345309
0.11143078
0.51229632
0.46985024
0.25250024
0.59525067
0.65666056
0.52201807
0.48110712
0.44781908
0.60438889
0.65916198
0.64424187
0.65370822
0.73024642
0.66273594
0.53577167
0.56036758
0.66905296
0.5326423
0.46618995
0.73026985
1.1021372
0.56338716
0.65551621
""
""
0.78053337
""
1.1763127
0.76769924
""
0.28494823
""
0.66912121
""
0.57186687
""
0.07752686
""
""
""
0.76788896
0.6376828
0.65067375
0.57049906
0.60277706
0.68885678
0.74774432
0.65856797
0.55652076
0.79464221
0.66238314
0.85917884
0.75579822
0.66366005
0.83521318
0.60384065
0.66770619
0.49884281
0.59489292
0.61436766
0.41389591
0.56921262
0.64799458
0.86401129
0.61887908
0.30740377
0.76522225
0.61549181
""
0.37958971
0.36309865
0.60853028
0.79822719
""
0.56628144
0.67519492
0.43862194
0.40382987
0.93137395
""
0.52454257
0.56938732
0.53489625
0.51757145
0.41285869
0.67775714
0.57480305
0.58836156
0.38200963
0.64641255
0.50053608
""
0.49216419
""
0.54559684
""
0.62952614
0.5397234
0.52205533
""
0.43904382
0.54053724
0.77290899
""
0.71365303
0.48645371
""
0.67932242
0.63845992
0.67937917
0.63257581
0.25076854
0.85312283
0.50754929
0.66774553
0.58287621
0.40860921
0.73313135
0.60920185
0.53016984
0.38897714
0.56910533
0.53753006
0.61129439
0.5500775
0.68496031
0.51089656
0.52370048
0.62709105
0.48394707
0.52397364
0.67273462
0.6279121
0.74111378
0.51217872
0.46107203
0.82557535
0.099927574
0.31412324
0.50989246
0.78731304
0.72474748
0.5862993
0.57815909
0.5757609
0.68884271
""
0.5967775
0.71785903
0.48680633
0.54781568
0.76729268
0.47695798
0.27410495
0.49408028
0.54726619
0.63611823
0.64735979
0.49490049
0.50077611
0.51767832
""
0.72134173
0.772587
""
""
0.51221496
0.57051688
0.60201412
""
""
0.79817277
0.58797514
0.68044591
0.6390205
0.82064801
0.5050981
0.53180951
""
""
""
""
""
0.5771423
""
""
0.61196882
""
0.43416312
""
""
""
""
0.8596338
""
0.93412232
""
""
""
0.4684993
""
1.328438
""
0.55838275
""
0.58957595
0.78536087
0.74254221
0.60303128
""
""
0.5535906
0.82458317
0.62372416
0.53254747
""
""
""
""
0.7781316
""
""
""
""
""
""
""
""
""
""
""
0.61496139
0.62986314
0.523458
0.44845995
0.6719119
1.3200287
0.69932735
0.64947617
0.67667419
0.36606514
""
""
""
0.41841114
0.10295238
0.38349214
0.50739628
0.42821613
0.70537686
0.5143472
0.82171696
0.90043175
0.8267085
0.3506543
0.83150601
0.47265241
0.46740127
0.47007555
""
0.57133943
0.60608268
0.68022382
0.66681772
0.96645403
0.57379502
0.71737605
0.29982018
0.93574911
""
0.032161899
0.86172998
0.59255832
0.51227099
""
0.54026794
0.36069906
0.38076931
0.74654329
0.59684688
0.54222828
0.74108303
0.21115662
""
0.67831802
0.60450441
0.46994105
0.52155918
0.85329545
0.4750084
0.66905808
0.6683051
""
""
""
""
""
""
0.39394251
0.6264146
""
0.76599634
""
""
0.60977912
0.61589885
0.74610811
""
""
""
""
""
0.49202889
""
0.68446827
""
0.52865416
0.5001114
""
""
""
""
""
""
0.52465403
""
0.24351603
""
""
0.4158113
""
""
0.44489834
""
""
""
""
""
""
""
""
""
""
""
""
0.33024296
""
""
""
""
""
""
""
0.61086833
""
0.57604551
0.76824236
0.4625715
""
0.23904279
""
0.53324181
""
""
""
0.52702248
0.43038124
0.69050372
0.51454949
0.51077801
""
0.71672177
0.36945209
0.60809773
0.62036771
0.84984398
0.40291607
0.45607087
0.5509311
0.64867926
0.7182079
0.48350859
0.90859884
""
""
""
""
0.43488902
""
0.54888767
0.48652914
""
""
""
0.95135343
0.60202461
""
0.65036637
0.22467998
""
0.72246569
""
0.45936212
0.61774218
""
""
""
""
""
""
0.41004074
0.27871832
""
""
""
""
""
""
""
0.52625984
0.87103885
""
""
0.62812334
""
""
""
0.53789985
0.72268921
""
0.75860572
""
0.62157059
0.58739519
0.44228905
0.6942454
0.75317961
0.51280731
0.55398911
0.58511549
0.62355262
0.477743
0.52655524
0.488525
0.50189465
0.38257241
0.58738619
0.59925157
0.58296514
0.65123522
0.59444886
0.64863926
0.68143213
0.47806594
0.78475583
0.59134495
0.51091856
0.74936861
0.62283051
0.49950421
""
""
0.84108353
0.34068248
""
""
0.62059629
0.42122516
0.65397799
0.34813616
0.35426393
0.22688621
0.45923629
""
0.554968
""
0.45845771
0.38366124
0.65430707
""
0.51394528
0.87211573
""
""
""
1.2301959
""
""
""
""
""
""
0.7476722
0.57474577
0.5517152
0.28520945
""
0.48047882
0.84530938
0.31339547
""
""
""
0.61167121
""
0.51481873
""
0.12517594
0.35034233
0.36027679
0.53118551
""
""
0.62740517
0.88792437
0.58082563
""
""
0.24888635
0.91289735
0.64385462
0.59599406
""
0.3745341
0.5052824
0.48702484
0.69086289
0.44628277
0.63816303
0.55383974
0.56371814
0.41961142
0.81221676
0.7402516
0.50220114
0.47100002
""
""
""
0.72065526
""
""
0.48873699
0.34259999
0.60263705
""
0.5250141
0.49117956
0.55170643
0.88770056
0.37213302
0.62617642
0.17904739
""
0.53828287
0.72543353
0.59781152
0.51993698
0.80849165
0.63199884
0.39050803
0.41153818
0.37559241
0.45963398
0.50703537
0.85303545
0.76701403
0.54082245
0.52536118
""
0.47227281
0.61533695
0.70483118
0.84351283
""
""
""
""
0.3195059
""
0.59233558
""
0.35332674
""
""
""
0.57040989
""
""
""
""
""
""
""
""
""
0.193905
""
""
0.76002443
""
""
0.74808854
""
""
""
""
0.52821738
""
""
""
""
""
0.78258371
""
""
0.63299179
""
""
0.84569591
""
""
""
""
""
0.55755806
""
""
""
""
""
""
""
0.56406349
""
""
""
0.74100554
""
""
""
0.63632756
""
""
""
""
""
""
""
""
""
""
""
""
0.59668922
""
""
""
""
""
0.59042281
0.73893404
0.70539403
0.83567268
0.77546793
0.31882262
0.32600084
-0.1142766
0.98044968
0.65064186
0.79253024
""
""
0.71291572
0.45509836
0.88536185
0.58718073
0.61284721
0.77993137
""
0.2372652
""
0.8390159
0.3912518
0.85155714
0.62865335
0.67864811
0.65570319
0.3068071
""
""
0.56982875
0.3121216
0.25751489
0.72185504
""
0.55101931
0.34966633
0.87746763
0.68679279
0.70335293
""
""
0.50475609
0.77182156
0.52206552
0.54054451
""
0.52296454
0.89128512
""
1.0482017
0.58385086
0.53985357
0.51319659
""
0.52661741
0.50075841
0.53334534
0.50766778
0.09097486
""
""
0.69830614
0.59901959
0.42511031
0.71408379
0.30691981
0.52856535
0.81985658
0.57967573
0.75816405
0.65561724
0.57069266
0.64023185
0.46604216
0.51276118
0.97192943
0.79426718
0.63663346
0.65823126
0.60545719
0.74061126
0.23611854
0.48270068
1.0708574
""
0.45636505
0.70921278
0.57316601
0.64637065
0.62687194
0.78330868
0.60838401
0.55447572
0.48278236
0.553119
0.58937061
0.6386742
0.40353325
0.41370609
0.78806096
0.55804515
0.74215245
0.65450168
1.113011
0.23460488
0.4720096
0.53270334
0.80272895
""
0.66545171
0.49312377
0.36395872
0.55537045
0.25756189
0.41968089
""
0.80814189
""
0.61242431
""
0.50257432
0.71981978
""
""
0.4216651
0.48830715
""
0.69982457
0.57901371
0.59511155
0.5522266
""
0.60167795
0.74687749
0.82950598
""
0.5707587
""
""
0.63103056
""
0.7113111
""
0.37467885
0.67287862
0.46167365
0.53700125
0.7065829
0.3020899
0.7613616
""
""
""
""
""
""
""
""
""
0.72568238
0.24279018
""
""
""
0.78736311
0.60885191
0.74611866
0.49048913
0.44285902
0.57944566
0.93466783
0.95167285
""
0.52377421
0.2636334
0.5860486
0.32557625
""
""
""
""
0.84627223
""
""
0.5895285
""
""
""
""
0.45892543
""
""
0.74467582
""
""
0.21547145
""
0.57055914
0.55121654
0.66559255
0.87813824
0.53241378
0.44019747
0.42288503
0.73303127
0.70283467
0.69610268
1.2094532
0.68836629
0.49841228
0.38277251
0.5814811
0.68776345
0.22508079
0.62434769
0.73319489
""
0.86684579
0.59786975
0.55962282
0.36323929
0.7041837
0.43616375
0.63076466
0.15118861
0.51564896
0.45078388
0.55681604
0.67042118
0.74521905
0.46052831
0.69875348
0.70286137
0.43326586
0.77465522
0.39975101
0.52567977
0.62427998
0.61688417
0.74923062
0.64023393
""
0.35415128
0.67734373
""
0.76052403
0.69961649
0.52614444
0.83439946
0.67516887
0.57214332
0.4617728
""
0.4542428
0.4551591
0.7067309
0.40715992
0.85696751
0.75504738
0.64745396
""
0.86809736
""
""
""
""
""
""
""
""
""
""
0.4862583
0.35862127
0.3376748
0.71866465
0.69062853
0.66502786
0.44730607
0.86200798
0.88548535
0.7586599
0.3279258
0.50757295
""
0.6072731
0.45223647
""
0.78974766
0.7932983
""
""
0.52515703
0.34746432
0.17694528
""
0.5063777
0.5709964
""
""
""
0.34074607
""
""
0.65797263
0.96433836
0.073081307
0.36481741
0.52508879
""
0.65613508
""
0.83965021
0.76914078
0.61786759
0.48748034
""
""
0.32330546
0.51650035
0.088838167
0.67570829
0.54362607
0.62908369
0.29955158
0.4812434
""
""
""
""
0.6461674
0.51862997
0.44887513
""
0.78640223
""
0.74805593
""
0.53865355
0.69521832
0.43278861
0.33333158
0.48648402
""
0.53346747
0.12517187
""
0.56216657
0.4459987
0.44589484
0.58612293
0.42233837
""
0.74433339
0.73642176
0.66926032
""
""
""
0.72631341
0.54417753
0.36667022
0.50723696
0.27942625
0.63048613
0.2251745
1.0431181
0.58303797
""
0.33601913
0.73467839
0.31168056
""
0.72165501
0.38757944
0.71908176
""
0.40358427
""
""
""
0.64701581
0.34007743
""
0.38929781
0.26518586
""
""
""
0.57781488
0.60075033
0.75849843
0.91006601
0.51201224
0.53056407
""
""
""
""
0.63086951
0.54528803
0.5108785
""
0.54840899
0.31061321
1.2102787
""
0.49073583
0.50232494
0.53844249
0.55686206
0.22455029
0.62232524
0.37691024
0.55796343
0.46989247
0.21463759
0.3183507
0.67351758
""
""
""
0.53055215
0.78165418
""
0.27902904
0.61392164
0.46996975
0.69737983
0.62125814
""
0.66845059
""
""
0.25777447
0.27079111
""
""
""
""
""
0.41193449
0.46052441
0.76020962
""
0.75279558
0.66826868
0.91060859
0.75367427
""
""
0.8250044
0.60095876
""
0.59946674
0.74558419
0.77977604
0.56540346
0.70264649
0.67269957
0.39245042
""
""
0.28611115
0.92211014
0.57920504
""
0.31502664
0.44045806
""
0.54574811
""
""
""
""
1.0859088
""
""
""
""
""
""
0.67429781
0.44832596
""
0.5855419
0.66645783
0.61673278
""
0.76003122
0.43530002
0.55964136
0.50068402
0.67823386
0.62356019
0.4829517
0.47853383
0.60853142
0.50354648
0.7246998
0.58753556
0.37469646
0.53264362
0.26055145
0.51561093
0.5483855
0.63052231
0.48779917
0.6988793
0.60677248
0.45746183
0.69743091
0.72906572
0.55777532
0.57886034
""
0.43726075
0.57021052
0.81408161
0.47101986
0.57568103
0.75979143
0.50964421
0.32106113
0.58794254
0.46023843
0.76640075
0.47106794
""
0.55840528
0.39566818
0.47299156
0.7191028
0.47735989
0.61095577
0.54267341
0.5394702
0.89807421
0.39946061
""
1.0516485
0.62756252
0.60059124
0.26037642
""
""
""
""
""
""
""
""
""
0.4755795
""
""
""
""
""
""
""
""
""
""
""
0.73831517
""
""
""
""
""
""
""
0.46677744
0.42465919
0.60415077
0.27195409
0.53159004
0.49839482
0.20220053
0.42395943
0.32693285
""
0.6395511
0.69702715
0.7065264
0.91840065
0.36457479
0.44840997
0.29654694
0.70197207
0.52934998
0.4006809
0.54719228
0.68085992
0.60700971
0.33862779
""
0.52961177
0.50956357
""
0.68977702
""
0.43579274
0.5672937
0.28875861
""
0.71305484
0.66490579
0.58177346
0.339573
0.61281347
0.6969831
0.53819954
1.0409745
0.61539567
0.53985745
0.5873273
""
""
""
""
""
0.7711342
""
""
""
""
""
0.71561599
""
""
""
""
""
0.34788164
0.62716877
0.55785787
""
""
0.73661375
0.51020294
""
0.46099573
""
""
0.77119887
0.28995624
0.35496247
""
""
0.86585736
""
0.4369716
""
""
""
""
0.94374979
""
0.77952135
""
0.62980282
""
""
""
1.0047414
0.58591336
""
0.44656494
""
""
0.38119426
""
""
0.75956064
""
0.51783723
0.58969355
0.67454636
0.77173299
0.84756589
0.66244662
0.50919127
0.83301264
0.6860503
0.62911397
0.58891577
0.68297315
0.45737681
0.87745631
""
""
""
""
""
""
""
""
""
""
""
""
""
0.69296187
""
""
""
0.80028296
""
0.67032605
""
""
0.96395212
0.75945657
0.7002213
0.66961372
0.41515639
0.90901071
""
0.70008016
0.48059925
""
""
""
""
""
""
""
""
""
""
""
""
""
""
""
""
""
""
""
""
""
""
""
""
""
""
""
""
""
""
0.89006311
0.81313503
0.15929763
0.41279536
0.27103409
0.85025716
0.55225211
0.87570232
0.46983591
0.53711247
0.95681638
0.56187588
0.79519373
0.58626306
0.77983111
0.77446848
0.60513777
0.5488019
0.52386779
0.45832154
0.73528939
0.53240377
0.55132812
0.56123936
0.38751462
0.72773975
0.61117738
0.57877976
0.97464877
0.74548137
0.72402138
0.54666036
0.75116098
0.49878326
0.72560072
0.67308986
0.13392396
0.84777564
0.45163885
0.83162224
""
""
""
""
""
0.45951661
""
""
""
""
""
""
0.56692266
""
""
""
""
""
0.4957355
""
""
""
0.4169445
""
""
""
""
""
0.51390684
0.52049935
0.26395631
""
""
""
""
""
0.77735353
0.72505963
0.38160154
0.5304392
0.83107477
0.69515878
0.63243312
0.74575394
1.0427805
0.61877519
0.61634594
""
0.66721553
""
""
""
""
""
""
""
""
""
""
""
""
""
""
""
""
""
""
""
""
0.66610646
""
""
""
""
""
""
0.71093541
""
0.092805207
0.45415145
0.64374638
""
""
""
0.26233578
""
0.53295153
""
""
0.86529309
0.40299052
0.67885834
0.60670769
0.92971796
0.44856969
1.0503817
0.95111859
0.52211481
0.84211689
0.43701902
0.66344035
0.51451689
0.6386469
0.60888737
0.29265788
0.50814635
0.87234229
""
""
0.56013077
""
0.86354947
0.75162083
""
""
""
""
""
""
""
""
""
""
""
""
""
""
""
""
""
""
""
""
""
""
""
""
""
""
""
""
""
""
""
""
0.70975792
0.25778911
0.85004431
""
""
0.41242245
""
0.88645548
0.62887084
""
""
0.70685083
0.55889922
0.55290699
""
""
""
""
""
""
""
""
0.24439873
""
""
""
""
""
""
""
""
""
""
""
""
""
""
0.60048771
""
0.67910862
""
0.43064684
0.51632363
""
""
""
0.6283614
""
""
""
""
0.43140498
""
0.38569331
1.0116086
0.75223905
""
""
""
0.69550496
0.71792674
0.79810864
""
""
""
""
""
""
""
""
0.48517847
0.28534266
0.70627809
0.14355601
0.57616138
""
0.57784867
1.6130701
0.66923469
0.21948203
0.28879893
0.53052491
0.76283967
0.98643309
0.75621861
0.76151997
0.57591122
0.43819571
0.58083463
0.25578794
0.86716366
0.3451508
0.56854957
0.77654916
""
""
0.91953903
1.1014553
""
0.65597093
0.55009437
1.0715567
0.84480369
0.61222416
0.73066288
0.50791615
0.61065179
0.6005553
0.54905772
0.55520016
0.40080297
0.72815239
0.60904282
0.78926337
0.43669561
""
0.51773357
0.87034321
""
""
0.68363756
""
""
0.45140672
0.5779435
0.51632744
0.89586323
0.33246133
""
""
""
0.58346784
""
0.63262022
""
""
0.63658559
""
""
""
""
""
""
0.5240761
0.9544962
""
0.96112287
0.54096401
""
""
""
""
""
""
""
""
""
""
""
""
""
""
""
""
""
""
""
""
""
""
""
""
""
""
""
""
""
""
""
""
""
""
""
""
""
""
""
""
""
""
""
""
""
""
""
""
""
""
""
""
""
0.33197418
""
0.87675333
""
""
0.70327544
0.34026352
""
""
""
""
""
""
""
0.89808017
""
""
""
""
""
""
""
""
""
""
""
""
""
""
""
""
""
""
""
0.89459401
0.55862111
""
0.4177776
0.62775737
""
""
""
""
""
1.0914395
1.0540218
0.58191913
0.85307467
0.6021651
0.39217418
0.82011729
1.2562273
""
""
1.0352608
0.8869828
0.41166714
0.25358906
1.1298132
""
""
""
""
""
0.89142507
0.27780354
0.61237061
0.84193188
0.32199797
0.44085571
0.83751363
0.59408838
""
0.9006092
""
0.32433614
""
""
""
""
""
""
0.72444648
""
0.6237722
0.7672708
0.88836396
0.18845619
0.71087468
0.67365479
""
0.71785504
0.59524649
""
""
""
""
""
""
""
""
""
""
""
0.97845036
0.71707469
0.11129172
""
""
""
""
""
""
""
""
""
0.69497859
0.47930396
0.77656978
""
0.76683289
0.30889145
0.79631603
0.52837723
0.90338767
0.56315809
0.81348467
0.63085645
0.59370065
0.61651748
0.60389662
0.45839214
0.40836307
0.61101091
""
0.35472393
0.70286041
0.58772367
""
""
""
""
""
""
0.56862921
""
""
""
""
""
""
""
""
""
""
""
""
""
""
""
""
""
""
""
""
""
""
""
""
""
""
""
""
""
""
0.97822601
0.64918846
0.34531367
0.28955379
0.58660406
""
""
""
""
""
""
""
""
""
0.48684233
0.66201872
0.69497663
0.77815813
0.56216532
0.75008982
0.45903647
0.45917514
0.24030535
0.59815991
0.39919803
0.49018261
0.51123297
""
""
0.26293129
0.74149299
""
0.83480585
0.98274922
0.35464099
0.73100793
0.56259489
0.31869301
0.78134048
0.40914878
0.59797627
0.54098541
""
""
""
""
""
0.94422144
""
""
""
0.44536585
0.58427262
0.45537788
0.54586387
0.52750641
0.55205083
""
""
""
""
""
0.35192099
0.76699692
0.75347531
""
""
0.44343472
""
""
0.62100357
0.77597791
0.81039649
""
0.69571608
0.53858596
""
""
""
0.65354401
""
0.48169637
0.78007251
""
""
""
""
""
""
""
""
""
""
""
""
""
""
""
""
""
""
""
""
""
""
0.68260199
0.59724426
0.39506528
""
""
""
""
""
""
""
""
""
""
0.49140793
""
""
""
""
""
""
""
""
""
""
""
""
""
""
""
""
""
""
""
""
""
""
0.83625638
0.81492692
0.57987398
0.56578511
0.54741478
""
""
""
""
""
""
""
""
""
""
""
""
""
""
""
""
""
""
""
""
""
""
0.20180352
""
""
""
""
""
0.9761526
0.760212
0.50382584
""
""
""
""
""
""
""
""
""
""
""
0.75466406
0.77784836
""
""
""
""
""
""
""
""
""
""
""
""
""
0.42701063
""
""
""
""
0.57379735
""
1.7767792
""
""
0.65628487
0.53294182
0.73170835
0.9502461
0.32516587
0.38226086
""
""
""
0.34128132
""
""
0.20977074
""
""
0.48430592
""
""
""
""
""
""
""
""
""
""
""
""
""
""
""
""
""
0.48423925
""
0.60285765
0.96926045
0.5875991
1.0408766
0.32940146
0.30472079
0.47886446
""
""
0.53466254
""
""
""
0.4733333
""
""
""
0.68570447
""
""
""
""
0.67677623
""
""
0.6402657
0.89988214
""
""
""
0.65651405
0.84665197
""
""
""
""
""
""
""
""
0.47100595
0.78347069
""
""
""
""
0.6855126
""
0.59844154
0.68664443
0.30107713
0.55732524
0.16092472
""
-0.16903825
0.5875836
""
0.81154585
""
0.3170045
0.8612051
0.75513142
0.76339489
""
""
""
0.53200626
0.53434062
0.38166738
""
""
""
""
0.22446531
""
""
""
""
""
""
""
1.1372137
""
""
""
""
""
""
""
""
""
0.6163612
""
""
""
""
""
""
""
""
""
""
""
""
""
""
""
""
""
""
""
""
""
""
""
""
""
""
""
""
""
""
""
""
""
""
""
""
""
""
""
""
""
""
""
""
""
""
""
""
0.33950993
""
""
""
""
""
""
""
""
""
""
""
""
""
""
""
""
0.45636073
0.6331479
0.50076383
""
1.1152574
1.3025936
0.69203883
0.90090239
0.70249337
1.1071578
0.99049646
""
0.81429106
0.71629059
0.95127386
""
0.53658068
0.6220637
0.89497459
0.59807146
0.61978215
0.26959851
0.76805335
0.56337035
""
""
""
0.82920647
0.22128369
0.98490745
0.58397377
0.24087788
""
""
""
0.65015322
""
0.053611979
0.61308765
""
""
""
""
""
""
0.91008884
""
1.0805112
0.83824152
0.85312796
""
""
""
""
""
""
""
""
""
""
""
""
""
""
""
""
0.55840778
""
""
""
""
""
""
""
""
""
""
""
""
""
""
""
""
""
""
""
""
""
""
""
""
""
""
""
""
""
""
""
""
""
""
""
""
""
""
""
""
""
""
""
""
""
""
""
""
""
""
""
""
""
""
""
""
""
""
""
""
""
""
""
""
""
""
""
""
""
""
""
""
""
""
""
""
""
""
0.89117962
""
""
""
""
""
""
""
""
""
""
""
1.0333893
""
""
""
""
""
""
""
""
""
0.46025851
""
0.63977772
0.12729765
""
""
""
""
""
""
""
""
""
0.65645123
0.57656854
0.84818435
""
""
0.52809149
""
""
0.81870723
""
""
""
""
""
""
""
""
""
""
0.3920663
0.48588306
0.49908575
""
0.76386857
""
0.52291709
""
-0.29108009
""
""
""
""
""
""
""
""
""
""
""
""
0.68682504
0.47215834
""
0.38383162
0.5110271
""
""
""
""
""
0.13539532
""
""
""
""
0.67989099
""
""
""
""
""
""
""
""
""
""
""
1.3456227
""
""
""
""
""
""
""
""
""
""
""
""
""
""
""
0.55768943
""
""
""
0.079322934
""
0.69006294
""
""
0.89751828
""
0.33318537
0.9558394
""
""
0.6991809
""
""
""
0.68661118
0.58323097
""
""
0.6764493
""
0.38214502
""
0.32974777
""
0.40920022
0.37299204
0.46634042
0.33513272
""
1.1382177
0.47912613
0.54058766
""
""
0.66368026
0.31150246
0.86400229
1.0468383
0.60442299
0.43811107
""
""
0.81940234
""
""
0.67885911
""
0.71067619
0.52822626
""
""
0.88331854
0.49404496
0.51132369
""
""
""
""
""
""
""
""
0.75086743
""
0.35779396
""
""
0.70820785
0.36496472
0.74310201
0.24014454
""
""
""
""
""
""
""
""
""
""
""
""
""
""
0.54072803
0.4050242
0.81698817
""
""
0.25502336
""
0.47249708
0.48268571
0.59858084
0.23870537
0.61242324
0.40060905
0.67306495
0.53185165
0.38993219
0.16116865
""
0.2118966
""
""
""
""
0.44735935
0.99348181
0.59549779
""
1.1285957
""
0.37038618
0.84681582
""
0.32766345
1.0629277
0.9045825
0.74429333
0.53254461
0.57160568
0.55614895
0.59230512
0.62752199
0.52075619
0.41619933
0.683465
0.83220679
0.27896959
0.71971345
0.77483797
0.7893818
0.60980529
0.51890713
""
""
""
0.43553472
0.56895167
0.38870704
0.58183038
0.61133963
0.48248342
0.87130147
0.59773231
0.47742161
0.75809926
0.59706378
0.64290875
0.75070518
0.58002758
0.79785371
0.6430943
0.54472613
0.59446323
0.58999813
0.62446845
0.24299638
0.62989038
0.61798888
0.53546828
0.56377292
0.5259313
0.79660094
0.68420923
0.57586807
0.49522558
0.86563766
0.3962563
0.63430327
0.38299009
0.6274938
0.68430537
0.62180007
0.47763708
0.35707638
0.77961445
0.46629494
0.53541923
""
0.70370531
""
0.51562405
0.44868127
0.79687881
""
""
0.31238803
0.75584722
0.1289635
0.3878952
0.49493781
""
0.15884551
0.72262633
""
0.69946086
""
""
0.95221752
""
0.19196059
""
""
""
""
""
""
""
""
1.0273947
""
0.40982926
""
""
""
""
""
""
""
""
0.47973061
0.89924991
1.1162375
""
0.46295589
""
""
""
""
""
""
""
1.1035452
""
""
""
""
""
""
""
""
""
""
0.36544585
0.98106408
0.36147416
0.39161479
""
0.6301105
0.65494871
0.75628853
0.31146577
0.64363295
0.48626703
""
-0.11943318
0.89663363
-0.062647901
0.52907562
0.48349327
-0.14604197
""
0.14518042
0.67612839
0.1334575
0.65000945
0.73159856
0.49417725
0.48155507
0.42679605
0.26625124
-0.045064565
0.26540199
0.08048249
""
1.0421879
0.44721341
""
0.75958091
0.67331034
""
0.73312247
0.57496691
0.58803105
0.63212395
0.5147503
0.74317777
0.49634522
0.59265339
0.49678373
0.66237903
0.64150077
0.45044649
""
0.20036352
0.44818422
0.59114057
0.29178604
0.43366835
0.73182219
0.21446161
0.96219075
0.7778936
0.99312633
0.61097616
0.66741365
0.65369064
0.46721578
0.21589266
0.80805296
""
0.62564933
""
""
0.59772348
0.66300994
0.54680908
0.65928972
0.69674939
0.57407367
0.71368021
0.55071789
0.68440187
0.36064628
0.68170786
0.50296849
0.28300425
0.49661979
0.50950193
0.70568484
0.66026384
0.80735701
0.77781576
0.68176889
0.35548109
0.42753544
0.59550112
0.576657
0.53086466
0.79697657
0.65993762
0.7430231
0.77374023
0.49973717
0.7205587
0.63030505
0.42925146
0.5496068
0.52576834
0.64507049
0.70555747
0.7075755
0.514296
0.82058799
0.51871037
0.46292806
0.59376419
0.57114965
0.78086704
0.77615392
0.61952519
0.40871015
0.61964029
0.68512833
0.64869261
0.43665355
1.0093799
0.53313977
0.56690449
""
""
0.44013017
0.60513335
0.25956908
0.85735554
0.72824156
0.55795664
""
""
0.73437744
0.41731891
0.60630316
0.78984559
0.89060283
0.47721666
""
0.67348915
0.42922881
0.58227348
0.41856709
0.54178852
0.92555034
0.717565
0.73114109
0.43084335
0.60211831
0.45385349
0.57839572
0.35497963
0.33433485
0.38292271
0.55140156
0.64797771
0.89813632
0.96540427
0.43916544
0.12716696
0.8934266
0.59469485
0.58516008
""
""
0.53996027
0.38733643
0.41410357
0.59831691
0.40402251
0.87744981
0.64790219
0.39275837
0.54737169
0.555502
0.41505539
0.62319762
0.56283861
0.46427211
0.76915127
0.6771872
0.52864516
0.46331221
0.49534541
0.37556809
0.56073081
0.51182199
0.5788511
0.77508163
0.42759964
0.69276321
0.70251924
0.58137542
0.63240868
0.61536407
0.70942128
0.55069733
0.55674863
0.48690018
""
0.51323521
0.52911723
0.24064001
0.7093271
0.78831518
0.74644411
0.67186427
0.61488038
0.58391255
0.6134572
0.50026518
0.57943302
0.53567338
0.68835992
0.33785221
""
""
""
""
""
""
""
0.60384005
""
""
""
""
""
""
0.49287388
0.42313486
""
0.53584349
0.41179785
0.21721433
0.22685193
0.33494419
0.25166911
0.52755141
""
0.77616185
0.79800314
0.79753089
0.55988324
0.57888281
""
""
""
""
""
""
""
""
""
""
""
""
""
""
""
-0.31123152
0.53065985
""
0.32261324
""
""
""
""
""
0.17263348
""
""
""
1.1363772
""
0.24643435
""
""
""
""
""
""
""
""
0.5681656
""
""
""
0.83190078
0.89624625
0.48160833
0.52973717
0.47470152
1.084324
""
0.79501981
""
0.71210843
""
0.9003548
0.85742718
0.59720796
0.65964174
0.88356113
""
""
""
""
""
""
""
""
0.369414
""
""
""
""
""
""
""
""
""
""
""
""
0.66425729
""
""
""
""
0.59116083
""
""
""
""
""
0.481996
""
""
0.63164467
-0.020163745
0.56379235
""
0.46505475
0.68437517
0.26138201
0.19408059
0.67803174
0.52280641
""
0.62292588
""
0.36248145
0.52190679
0.063633204
0.5387761
0.67782962
0.44396022
""
""
-0.096742608
0.68946457
""
""
""
0.46691528
0.61957002
""
0.78650451
0.9488523
""
""
""
""
""
""
0.34752691
""
0.84250993
0.62887847
0.38028133
0.53791994
0.70717233
0.24378717
0.90389073
0.44563574
0.81923991
""
""
""
""
""
""
""
""
""
""
""
""
0.74600464
""
0.76800621
0.65825611
""
""
""
""
""
""
""
""
""
""
""
0.54700053
""
""
""
""
""
""
""
""
""
""
""
""
""
""
""
""
""
""
""
""
""
""
""
""
""
""
""
""
""
""
""
""
""
""
""
""
""
""
""
""
""
""
""
""
""
""
""
0.39365426
0.89782834
0.31215471
""
""
0.5320335
0.44928846
""
0.3174504
""
0.80278182
0.13704173
0.71557087
0.62365901
0.87396187
""
""
""
0.4690668
0.7818737
0.57238555
0.49221221
0.2323755
0.84446126
0.51819086
0.43517691
0.057206694
""
""
0.26835898
0.64893252
0.49582532
1.0179639
0.22076441
0.88953799
0.19340737
""
0.68729776
""
""
""
""
""
""
""
0.84114939
-0.0004699984
0.71693701
0.86723799
0.59623247
""
""
0.2879073
""
0.57760066
0.81470156
0.69324619
0.47086936
0.58560389
0.24466689
0.26201138
""
0.37591588
0.44113508
""
0.43042356
""
""
0.059084583
0.52462792
0.56550837
0.81316119
0.63786775
""
0.36142895
0.11667989
0.7529403
0.61432219
""
""
0.73284936
""
""
""
0.20684502
""
0.29837862
0.25836688
0.40900478
""
""
0.48284915
0.84211051
0.58794487
0.7631616
0.44378287
""
""
""
""
0.76990318
""
0.10612845
""
0.82232428
0.43985265
0.88892925
0.53613991
0.42013791
0.63876325
0.39727706
""
1.0180899
0.39194891
0.37799549
0.45527342
""
0.8021794
""
""
0.28605619
""
""
""
""
""
""
""
""
0.40472442
""
""
""
""
0.60275894
""
""
""
-0.11002767
""
""
""
""
""
""
""
0.60345864
0.65397114
""
""
""
""
""
""
""
""
""
0.54963392
""
""
""
""
0.032247327
-0.23126009
0.31437951
""
""
0.76049495
""
""
0.70088941
""
""
""
""
0.76441199
""
""
""
""
""
""
""
""
""
""
""
""
""
""
""
""
""
""
""
""
""
0.59132481
0.83887309
0.021649642
""
""
""
""
""
0.73330176
-0.003854333
0.7256676
""
""
""
""
""
""
""
""
""
""
""
""
""
""
""
""
1.0999192
""
""
""
""
""
""
""
0.3101621
""
""
""
""
""
""
""
0.11601721
0.31475347
0.20680223
""
0.64753997
0.3544012
0.53723592
0.6754812
0.5773049
1.289312
0.79797214
0.27807444
""
""
""
0.64561975
""
""
""
""
""
""
""
""
""
0.49069905
""
""
0.62311745
0.66149545
0.61323863
""
0.26110899
""
""
""
1.0363499
0.63303322
""
0.56425655
0.53838462
""
0.40021411
0.67692441
0.64261514
0.87444103
1.1842635
0.6781292
""
""
""
0.7605319
0.40202665
""
""
""
""
""
0.40933025
0.43283835
-0.21002173
0.57017016
""
0.83278817
0.62910569
""
""
0.80272657
0.98933548
0.58896559
0.26622236
0.34124932
0.6766125
""
0.26642063
0.24805726
""
""
0.52527863
0.81480479
""
""
0.54536968
0.81221753
0.51676923
0.51491189
0.88242978
-0.022422716
0.56769907
0.56464875
0.86951864
0.49170318
0.65934968
0.74278378
0.41365367
0.63579679
0.23107736
0.49298313
0.51248986
0.68083346
0.85191309
0.6791482
0.39469144
0.73478502
0.69313669
0.58018309
""
0.71641928
0.54174531
0.69454551
0.016028531
0.8194418
0.75685972
0.75689369
0.66220677
0.6347456
0.99823546
0.59543651
1.2317199
0.37228516
1.1998612
""
""
0.56772
""
""
0.21742259
""
""
""
-0.087031618
0.11824473
0.86450303
0.63452417
0.24730377
0.53096998
1.36713
""
""
""
""
0.43097854
0.84107745
""
0.85765374
0.52284205
0.63845563
0.88340825
""
""
0.9765712
""
0.62226164
0.70561886
""
0.80481249
0.68547279
0.50890511
""
0.84989208
0.699099
0.46792817
""
0.52985126
0.63452441
1.0324239
0.46535459
0.77342701
0.38517353
""
""
0.72671878
0.91555846
0.76806676
0.85138732
""
0.68395877
0.4108085
""
""
""
0.32650882
0.29345095
0.82632869
0.66225249
0.62779063
0.9333117
0.49548125
0.72700864
0.43869525
0.2663115
0.71053362
0.59815186
""
0.71621078
1.2292832
0.88660842
1.1569915
1.4783589
0.85556251
0.69696712
0.2950567
""
0.8350718
""
0.36829209
""
0.61652243
1.0100236
""
0.62343997
""
0.64497226
""
0.68886638
0.74544495
0.59149635
""
0.9382481
0.77643943
0.66397953
0.76040065
0.63135809
0.76604843
0.58860111
0.43033773
""
0.53891236
0.47602171
0.67713249
0.07876543
0.48101592
0.44829434
0.54929709
0.63424069
0.39398411
0.74522167
0.81670719
""
0.67436898
0.57091707
0.67890227
""
""
0.43432975
0.52500308
0.76930332
0.35942045
0.63865054
""
""
0.6564908
""
""
0.43508235
0.56530762
0.56188756
0.684892
0.67010558
""
0.80665511
0.51444721
0.76027191
0.4917056
0.60194606
0.57034308
0.65296197
0.60228044
""
0.71531767
0.45018125
0.52674884
0.66701525
0.63161135
0.635988
0.65939152
0.65298086
0.84891343
0.73964149
0.45824993
0.92940181
0.65096134
0.48904416
0.4102948
0.27243242
0.44179365
0.58904821
0.74366283
0.6589886
1.5008318
1.1862258
""
0.7683571
0.56329745
0.70666546
0.34913638
0.62316948
0.82230628
0.49517769
0.2306841
0.44924355
""
""
0.31025013
0.94161254
0.11401105
0.93946248
""
1.0305893
0.91240591
0.44933903
0.54488176
""
0.87278694
""
0.55542225
1.0206468
0.3258146
0.70394975
0.91754317
0.48688135
0.77837157
0.82484871
0.93798584
0.94329679
0.15826935
""
0.89123386
""
0.55785382
""
0.61063659
0.81616157
0.79324412
""
0.67520219
0.46076944
0.28198096
""
""
0.64692801
0.36880496
0.54815084
0.3251954
0.65889317
0.62139094
0.32232159
0.46898082
""
0.45702368
0.60680664
0.31553498
0.66435301
""
""
0.82832366
""
0.088161312
""
""
""
0.15937904
0.085922055
0.75189579
0.53382295
0.018254038
""
""
0.56542051
""
""
""
""
""
""
""
""
""
""
""
""
0.32641637
""
""
""
""
0.19791086
0.39781213
0.81930506
""
""
""
""
0.7873109
""
""
""
""
""
""
""
""
""
1.0642926
""
""
0.44185811
0.98318177
""
""
""
""
""
""
""
0.84978753
""
""
0.59027898
0.82214367
""
""
""
0.20826848
""
""
""
""
""
""
0.55341303
0.29207137
""
""
""
""
""
""
""
""
""
""
""
""
""
""
""
""
""
""
""
""
""
""
""
""
""
""
""
""
""
""
""
""
""
""
""
""
""
""
""
""
""
""
""
""
2.0027051
""
""
""
""
""
""
""
0.41157198
0.88654405
""
""
1.1706135
""
""
""
0.72242832
0.95144445
0.72142541
0.48330471
0.48180336
0.80906242
-0.11552209
0.487362
""
0.018859653
0.40086639
0.5207864
0.77467048
0.84282851
0.63242126
0.82208318
0.70328581
0.36144871
0.34050256
""
0.41005841
""
""
0.62313724
1.0268649
0.89382476
0.61880159
""
0.52557057
0.81711346
""
""
0.60640734
0.89261895
""
""
0.35116965
""
""
0.33973503
""
""
""
0.48938125
""
""
""
""
""
""
""
""
""
0.39939651
""
""
0.47536319
0.9267264
""
0.49079204
0.59639108
0.43115017
""
1.0875561
0.92847586
0.40984744
0.7618137
0.73576051
0.70973247
0.62879962
0.44652414
0.66861379
0.61754972
0.42962593
0.45896628
0.12188182
0.90334177
1.1123036
""
""
0.87693369
""
""
0.68289691
""
""
-0.22093083
""
""
""
0.70242006
""
-0.67607975
""
""
0.26997209
""
""
""
""
""
""
""
""
""
""
""
""
""
""
""
""
0.54023451
""
0.36915392
0.54578853
""
0.45441633
""
0.55784577
""
""
-0.0025292295
""
""
""
0.61281902
""
""
0.42290601
0.8864975
""
0.48667654
""
0.46095169
""
""
""
""
""
""
""
""
""
""
0.012100901
""
0.63606882
0.49111125
""
""
""
0.55218148
""
""
""
""
""
0.3499006
0.92561054
""
0.36048195
""
""
""
""
""
""
""
""
""
""
""
""
""
""
""
""
""
""
""
""
""
""
""
""
""
""
""
""
""
""
""
""
""
""
""
""
""
""
""
""
""
""
""
""
""
""
""
""
""
""
0.72838885
""
""
""
""
""
""
""
""
""
""
""
""
""
""
""
""
""
""
""
""
""
""
""
""
""
""
""
""
""
""
""
""
""
""
""
""
""
""
0.72279704
""
""
""
""
""
""
""
""
""
""
0.74491096
0.22338842
0.79308891
""
""
0.57886624
1.0265576
0.58619905
1.274555
""
0.20221309
0.55075914
""
""
""
""
""
""
0.50593698
""
0.35480064
0.62481081
0.18352215
0.86165601
0.26993454
0.42721775
0.64927554
""
0.71287942
0.61175418
""
0.46937424
""
0.69252115
0.93020517
0.18194388
0.63533103
""
0.74500746
""
""
0.58206642
0.48380354
""
0.52488899
""
0.53480911
0.252689
0.41337666
0.64814281
""
""
""
""
""
""
0.34242243
""
0.192864
""
""
""
""
""
""
0.30772638
""
""
""
""
""
""
""
""
""
""
""
""
""
""
""
""
""
""
""
""
""
""
""
""
""
""
0.31174129
0.73498833
0.44149303
""
0.51029551
0.6988138
0.3342081
""
""
""
0.50883758
0.0095620612
0.34171149
""
""
0.84498852
""
0.37951905
0.89583659
""
""
""
""
0.40268794
""
""
0.57715839
""
""
""
""
""
""
0.27974477
""
""
0.85499758
0.36698803
0.28457394
0.35948405
0.31422365
""
""
""
0.54105997
""
""
""
""
0.29026383
""
""
0.64736462
""
""
""
""
""
""
""
""
0.74531251
""
""
1.0269719
0.35463852
0.65453297
""
""
""
""
""
""
1.1717929
""
""
""
0.6676411
0.41187385
1.0895752
""
0.56028974
0.43472239
0.59802461
0.72928137
""
0.46271554
0.61100131
""
0.05655238
0.36355495
0.42973843
0.68247283
""
0.67315149
0.7161904
""
0.51650739
""
0.48509941
0.63182491
0.66308922
0.46580455
0.50805289
0.77418327
0.63672847
0.96050465
0.71387136
0.67244023
0.39164576
0.5573867
0.39006048
0.5384748
0.94866669
0.82320064
0.9201377
0.39006722
0.4004567
0.5031004
0.51880527
0.39961648
0.92863852
0.56948197
""
0.33479223
0.33823889
0.40795788
0.48896405
0.33060041
0.6676687
0.8925736
0.59579885
0.71056426
0.57664162
0.34134862
0.67889923
0.60526401
0.6577037
0.88857937
0.59701687
0.68840969
0.66764516
0.60482615
0.55884475
0.67190731
0.69415438
0.75538778
0.72898513
0.68076479
0.72615206
0.50857985
0.65413958
0.57654554
0.68621343
0.83498991
0.76561785
0.46543753
0.76282328
0.57616085
0.46420297
0.76491302
0.43377194
0.67953074
1.1098782
0.80404037
0.061801292
0.7068038
0.43846858
0.27475697
0.65229905
0.38211396
0.43766588
0.52781105
0.85934722
0.47502464
0.8458485
0.20906696
0.64977711
""
""
0.86485362
0.81022626
0.39826965
0.35166493
0.48918697
""
0.66969371
""
0.35138226
0.5028317
""
""
1.3441581
0.21312441
0.437677
0.75546718
0.45998403
0.55547363
0.73590833
0.72968423
0.69395447
0.79978609
0.66933686
0.68257904
0.49170253
0.72322547
0.31708914
0.84473968
0.91502601
0.75450003
0.35231626
0.82454574
0.83520854
0.77056783
0.8150112
0.42608434
""
0.52146763
0.64748394
0.79407525
""
0.54559511
""
""
""
0.64460367
0.6575833
0.45026851
0.86314672
0.35907039
0.72979045
0.72781569
0.65168965
0.83485574
0.52844602
0.72265506
0.50871998
1.3952241
0.77532762
0.73169041
0.8017984
0.70205826
0.47731486
0.79112285
0.73062855
0.67855483
0.27018598
0.92641777
0.85071445
0.7322337
0.91907793
0.23610215
0.2884683
0.32837054
0.047073774
0.58362424
0.3755329
0.76930195
0.61531734
0.58584148
0.5781759
0.91209757
0.75491714
0.63064289
0.64839369
0.66286719
0.63725764
0.60192358
0.84305143
0.94244695
0.60949451
0.6082769
0.66370273
0.53316718
0.546817
0.5379011
0.8004213
0.41631413
0.71086389
0.65464443
1.002131
0.74121934
0.46729022
0.8410604
0.7744357
0.69773453
0.83239192
0.73374254
0.74983591
0.70655131
0.80868357
0.61178809
0.76059216
0.84231734
0.66835815
0.62021059
0.69071835
0.72290009
0.66984135
0.65053606
0.48094013
0.63205594
0.58522952
0.68501979
0.83387315
0.90175134
0.58740789
0.67863369
0.70058393
0.85661227
0.74205762
0.58861965
0.52305681
0.5824157
0.74833483
0.56571418
0.76625788
""
""
""
0.41063157
0.64369619
0.66000235
0.69282711
0.76770604
0.79237616
0.77712274
""
0.040106624
""
0.73394161
0.69345415
0.72333676
""
0.60293567
0.66625631
0.63043576
0.57597858
0.74937844
0.74597859
0.70785737
0.68780726
0.7474665
""
0.6618824
0.71629655
0.61012608
0.57067335
0.56394541
0.93609589
0.6772747
0.65570378
0.61618853
0.52279347
0.71007735
0.7154417
0.64785117
0.53787923
0.58994478
0.34252107
0.60353631
0.61265916
0.38176396
0.86050671
0.54518259
0.6612767
0.7444551
0.67125565
0.61926162
0.69655621
0.59191042
0.66352683
0.61168534
0.5945586
0.52921319
0.83452785
0.59304512
0.71815526
0.68813801
0.62312806
0.66564471
0.64721859
0.72107667
0.78997284
0.67182475
0.74165589
0.58921915
0.69760972
""
0.7599802
0.7279157
0.63888317
0.62493986
0.78601444
0.57367015
0.70458978
0.6997847
0.78840894
0.72398233
0.76400608
0.64447683
0.49851465
0.78964478
0.74597383
0.66207069
0.74845898
0.68428606
0.81383973
0.55780625
0.65503943
0.56473368
0.64212489
0.66887873
""
""
""
0.56913579
0.67269719
0.75251549
0.60222524
0.69474316
0.69175583
0.85411692
0.59935266
0.54338229
0.63321656
0.66013527
0.72944129
0.58831233
0.60854465
0.33353621
0.12340998
0.77294856
0.56270581
0.73527813
0.40667337
0.47277588
0.63752967
0.73419464
0.2480433
0.81939214
0.75355929
0.69805449
0.37852028
0.14998049
0.30924597
0.5088442
0.66219932
0.6176126
0.37340468
0.7391035
0.50236762
0.70534134
0.32519734
0.62850553
0.68654805
0.58966321
0.74864942
0.67182881
0.32283011
0.54649627
0.60408485
0.51910216
0.77681166
0.75479823
0.73193163
0.58510166
0.78095043
0.30330747
0.71864676
0.72125536
0.59311914
0.54750848
0.59157902
0.74009883
0.58390772
0.45300537
""
0.59870791
0.71021503
0.69972068
0.59100974
0.53737259
0.39018661
0.59582657
0.7114563
0.7077235
""
""
0.65469784
0.66095632
0.63962883
0.58802831
0.38084209
0.70878869
0.72988164
0.44195986
0.62772095
0.76668274
0.6486451
0.70709985
0.76080173
0.52406603
0.64972568
0.63010848
0.59059638
0.63839525
0.73802638
0.51617622
0.66433465
0.68127584
0.64935106
0.6479488
0.76153374
0.63807696
0.74499071
0.59904999
0.62415355
0.75280607
0.45904595
0.69532049
0.60841835
""
""
0.73951572
0.74838847
0.70746589
0.70914859
0.80894923
0.73081511
0.64932233
0.71905971
0.68248671
0.80304265
0.6769402
0.7443943
0.68429625
0.67414749
0.58263427
0.61641824
0.46674821
0.69947129
0.68339026
0.72499007
0.63268226
0.66023183
0.64137608
0.55449599
0.64151877
0.5612185
0.74169499
0.57625359
0.67130631
0.60409003
0.71855068
0.57733518
0.79144341
0.630584
0.77096552
0.62789291
0.41524667
0.66246158
0.52198988
0.55474037
0.56592089
0.58680588
0.68276316
0.5192737
0.59109211
0.66745889
0.71414775
0.64288706
0.65039134
0.68200797
0.66446769
0.68676847
0.69094211
0.55765611
0.49162686
0.66674978
0.57445371
0.57903343
0.64912158
0.78178358
0.39046356
0.59444976
0.91186905
""
""
""
""
""
""
""
""
0.34814525
0.68565422
0.82797903
0.21617714
""
""
""
""
""
0.75596499
0.33770552
0.53036916
0.40047839
""
""
""
""
0.85791886
0.80124605
0.61859602
0.68704253
0.742939
0.6601221
0.46753451
""
""
""
""
""
""
""
""
""
""
""
0.78695512
""
""
""
""
""
""
""
""
""
""
0.9517737
0.48496166
0.85318935
0.31795871
0.47934806
0.72193676
""
0.55483741
0.46872336
0.73904705
0.32490167
0.52834767
""
""
0.50848544
""
0.47785148
""
""
""
""
""
""
""
""
""
0.88740212
0.28639477
""
""
""
""
""
""
""
0.26170275
""
0.43953303
0.74627817
""
0.46114072
0.52774405
0.4094815
0.33808562
0.82127571
""
""
0.42816466
""
""
0.58912629
0.53901362
0.71966565
""
0.53060615
0.20391905
""
""
0.29557425
0.304088
0.82871103
0.43148714
0.55442268
0.34990531
0.706631
0.58829117
0.61513728
0.70741004
0.88872039
0.77251846
""
""
0.82701093
""
0.1280943
0.79948074
0.61432475
0.75072962
0.78147119
0.59923196
0.81838083
0.60917586
0.35323465
0.90455204
0.27365437
0.47110796
""
0.51500434
0.63064671
0.52684772
0.59733778
0.40302771
0.74786401
0.63377661
0.79609197
0.62295401
0.71536648
0.33523595
0.54675925
0.70729929
0.59500545
0.60147297
0.62129921
0.73326868
1.1054744
0.55155969
0.94700336
0.20387466
0.27654672
0.50400096
0.58078623
""
0.71326494
0.81634557
0.79656589
0.67800218
0.20655823
0.30341548
""
0.79830235
0.41382489
0.74974608
0.71861535
0.63976109
0.66869754
""
0.65431088
0.57188296
0.56794244
0.62861079
0.28755826
0.93656731
0.75215548
0.82035387
1.1471537
0.66071361
0.37542149
0.48909852
0.24376678
0.51572734
0.52099437
0.44371057
0.47005755
0.67034715
0.67733657
""
0.75396782
""
""
""
""
""
""
""
""
""
""
""
0.64582253
0.42029992
0.33418962
0.94795561
0.063079678
0.38247734
0.68787563
0.71817714
0.62387222
0.73780614
0.5494225
0.59208822
0.5633375
0.45668557
0.69810396
0.73575497
0.74595875
0.99870986
0.3165819
0.6529386
0.54547316
0.76045346
0.60154563
0.65489036
0.84101784
0.60792917
0.53029901
0.70009315
0.52630252
0.67530513
0.5586493
0.39748195
0.69180423
0.46012631
0.62533563
0.65915298
""
0.51377296
0.40636235
0.62879914
0.54713643
0.62766314
0.65100521
0.6792053
0.59415555
0.55286252
0.51063055
0.91073406
0.44511029
0.59819025
0.26248914
0.53827679
0.72536427
0.5820874
0.57511556
0.54228276
0.57163972
0.40986618
0.56800771
0.78982329
0.57287306
0.80494297
0.6115852
""
0.65926021
0.29774418
0.89503354
0.52031422
0.40847456
0.5517875
0.57734084
0.52911973
0.51547408
0.34448937
0.76782501
""
0.323502
0.7761277
0.65175259
0.5740028
0.3057549
0.34081832
""
""
0.17831035
0.79385793
0.56311673
0.5759176
0.62742317
0.5155136
1.3446101
0.35262245
1.0277779
0.73530316
""
0.38415837
0.81517035
0.73983574
0.69106972
0.85556293
0.67860502
0.45213461
0.58215338
0.60885048
0.55849499
0.8315776
0.67266101
0.7685017
0.69269234
0.76970434
0.52884674
0.59166622
0.89032239
0.63000727
0.61188728
0.91529703
0.56962633
0.69201022
0.52339393
0.63694113
0.6157555
0.41781837
""
""
1.1277062
0.66784912
""
""
""
0.46738452
0.18699788
0.61493236
0.2981405
0.69443458
0.66009057
0.38157186
""
0.48174572
""
0.29005441
0.35937014
""
0.55406857
0.54475874
0.827914
""
0.40850425
""
""
""
0.42786303
""
""
""
""
0.37585506
""
""
""
""
""
""
0.77506131
""
""
""
0.47543579
0.62743676
0.82911474
""
0.63795668
0.48030648
0.47735748
0.61327279
""
0.3189905
0.26557454
""
""
""
""
""
0.68182373
0.64370275
0.86528152
0.46715507
0.45308545
""
0.5239892
0.45015958
""
""
""
""
""
0.61612839
""
0.6359781
1.0742646
0.3836824
""
""
""
""
""
0.39561516
0.5110541
0.37911651
0.41639185
0.57951838
0.4691608
0.8374427
0.68172485
0.63678658
1.006242
""
""
""
""
0.64432758
0.90622973
0.6975072
0.43943596
0.59906626
0.68514276
0.85737449
0.6279636
0.61668724
1.0991503
0.35056564
0.3615436
0.79288095
0.60742056
0.69827974
0.7231006
0.87594938
0.81835264
0.60175937
0.61538273
0.61710888
0.47816688
0.39838782
0.65388757
0.63351369
0.4273898
0.65301812
0.7851122
""
0.85014838
0.5455364
0.83259404
0.42262042
0.89782816
""
0.72121894
""
1.0571102
""
0.59189886
0.33722085
0.37364614
0.29995
0.23592381
0.55341876
0.72835219
0.40778244
1.043102
""
""
""
""
0.51558167
0.7135576
0.32184911
0.3861748
0.42406088
0.63727695
0.67080796
""
""
""
0.32550016
0.56129104
0.35267675
0.46253499
0.52266163
0.60228676
0.430197
0.75019443
0.52050722
0.24734147
0.39635959
0.59323251
0.71574295
""
""
""
""
""
""
""
""
""
""
""
""
""
""
""
""
0.54743695
""
""
""
0.12105355
""
""
""
""
""
""
""
0.75801247
""
""
1.0290154
""
0.5695284
1.6569618
0.87295657
""
""
0.65209466
""
""
0.19170548
0.58393556
""
""
0.53168547
""
""
0.88747269
-0.29204777
0.73498052
""
0.64369744
""
""
""
""
""
""
0.7744559
""
0.56599116
0.3069683
""
""
""
0.58846551
0.54732805
0.53369296
0.5786733
0.42302006
""
""
""
""
""
""
""
""
""
""
0.86555731
""
0.50695831
0.12819165
0.24974415
0.58098823
0.62538153
0.87758321
0.66003543
0.46214738
""
""
0.34916458
0.92469019
0.59354478
0.66273296
0.46486789
0.54790229
0.7282232
0.598988
0.74929661
0.72131002
0.59102964
0.84591109
0.74366462
0.77957416
0.57164222
0.70099121
0.57814735
0.27045277
0.51376158
0.38286817
0.41396746
0.59659797
""
""
""
0.72326338
0.69429445
0.60257995
0.58177501
""
0.77254391
""
""
""
0.46721169
""
""
""
0.65964526
""
0.34886533
0.17467616
0.44484708
0.54033542
0.52543837
0.56643122
0.60837561
0.59119022
""
0.59922874
""
0.85809177
0.73802078
0.54264247
""
""
""
""
0.30560955
0.64007574
""
""
0.85991555
0.62048841
0.88985544
0.60954851
0.73199213
""
0.68056941
0.49992162
0.63540953
0.27847153
0.73353648
""
1.0795445
""
0.42182225
0.34943533
0.78608131
""
""
""
""
""
""
""
""
""
""
""
""
""
""
""
""
""
""
""
""
0.81049597
""
""
""
""
""
""
""
0.72326899
0.72951776
0.66284978
""
1.1102901
""
""
""
""
0.8721686
0.86618805
0.85703963
""
""
""
""
""
""
""
""
""
""
0.54226923
""
""
""
""
""
0.70529628
""
""
""
0.75762337
""
""
""
0.52912122
""
""
""
""
""
0.85404682
""
""
""
""
""
""
0.49889266
""
""
""
""
""
""
""
""
0.47065464
""
0.64924204
0.44701555
0.45044202
""
""
0.42339796
0.50120372
""
0.52208495
""
""
""
0.75233716
""
""
""
""
""
""
""
""
""
0.36155307
0.94482303
0.65736282
""
""
""
""
""
""
""
""
""
""
""
""
""
""
""
""
""
""
""
""
""
0.39886409
""
""
""
""
""
""
0.5886299
""
""
""
""
0.27411595
""
""
""
""
""
""
""
""
""
0.26099575
""
0.52587509
0.55228382
""
""
""
""
0.34409121
0.88614511
""
""
0.62520748
0.85464078
0.66532481
0.93908226
""
""
1.5120684
""
""
""
""
0.65376318
""
""
""
""
""
0.65035784
0.38421461
""
0.7128281
0.25469223
""
0.4865362
0.99267709
0.45798555
1.1666464
""
""
""
""
""
0.57573944
""
0.71850652
""
""
0.53477085
""
""
""
0.50290042
""
-0.0032562427
""
0.11364014
-0.20447671
0.74342686
""
0.85618067
0.53392386
0.68295473
""
0.19252305
""
""
""
0.73609298
""
0.75915039
""
""
""
""
""
""
0.57986975
""
""
""
""
""
""
""
""
""
""
""
""
""
""
""
""
""
""
""
""
""
""
""
""
""
""
""
""
""
""
""
""
0.82939219
""
""
""
""
""
0.83343202
""
""
""
""
""
""
""
""
""
""
""
""
""
""
""
""
0.7125234
0.17805068
0.59154588
""
""
-0.056350973
0.63865644
0.62841702
0.71793634
""
""
1.0228562
""
""
""
0.085249417
""
0.10061907
0.47462544
""
""
""
""
""
""
""
""
""
""
1.000123
""
""
""
""
0.58155632
0.44233939
0.76968008
0.54662269
0.79606301
""
""
""
""
0.51581967
""
""
""
0.8469463
""
0.79703802
0.8051002
""
""
""
""
""
0.90259659
0.30447882
""
0.78646451
""
""
0.84742475
""
""
""
""
""
""
""
""
""
""
""
""
""
""
""
""
""
""
""
0.20382544
""
""
""
""
""
0.25403497
""
0.55664617
""
0.46217841
0.47012296
""
0.43514159
0.83677429
0.61853987
0.28320605
""
""
0.53204739
""
""
""
""
0.68445235
0.23925878
""
""
1.4495952
""
""
0.97786403
""
""
0.49870944
""
0.40426493
0.94955713
""
0.44476336
""
""
0.45773664
0.9522903
0.6817382
0.45217794
""
""
""
""
""
0.74231803
""
0.70335573
""
""
0.65796357
""
""
""
""
0.84941596
0.87806648
""
0.56404632
""
0.59337854
0.60715991
""
""
""
0.81470037
""
0.5861569
""
""
0.30414683
""
""
""
""
0.59743357
0.48994288
0.54645693
0.46151191
0.50717956
0.25314799
0.59686142
0.67788321
0.77561593
""
""
""
0.27056128
""
0.56415361
""
""
""
0.96406794
0.39681891
0.85726523
""
""
""
0.59518361
0.48596242
0.4318637
0.60300815
0.54041487
""
""
""
""
0.57780987
""
0.80962467
""
0.46869147
""
0.029895028
""
""
""
""
0.47753778
""
0.62555218
0.32506993
0.47986194
0.13452096
0.44091365
""
""
0.3080132
0.59857017
0.68975013
0.6044457
0.73699421
""
0.36276701
""
""
""
""
""
""
0.53649992
""
0.50823247
""
""
0.49839422
1.2036331
""
""
""
""
0.41456109
""
""
""
""
""
""
""
""
""
""
""
""
""
""
1.5230269
""
""
""
""
""
""
""
""
0.14223863
""
1.0845059
""
""
""
""
""
""
""
0.64894605
""
""
""
0.38065705
""
""
""
""
""
""
""
""
""
0.25451392
""
""
""
""
""
""
""
""
-0.88935995
0.63916975
0.67843729
0.27182773
0.50579476
0.70525002
0.68271333
""
0.67828083
""
0.61114305
""
""
""
0.69981104
0.44601375
0.39700028
0.8225435
""
""
-0.15268375
""
""
0.5871622
0.77629292
0.74252486
0.46762022
0.76972955
0.6793415
0.58535641
0.57720578
0.41495037
0.60134989
""
0.56298536
0.17304565
""
0.78116566
0.67242241
0.68114889
0.63562864
0.14714171
""
""
""
""
""
""
""
""
0.21073031
""
""
""
""
""
""
""
""
""
0.43638039
""
""
""
""
""
0.7047593
""
""
0.21665937
0.7165032
""
0.57694429
""
0.3475925
0.69369322
0.59253305
""
0.89056063
0.75107384
""
""
""
""
""
""
0.66242379
0.40162891
0.51857138
0.6288355
0.35385841
""
""
0.47937831
0.31568921
""
""
""
0.59637433
""
""
0.64043415
0.4722769
""
""
""
""
0.97203445
""
0.18678331
""
""
""
""
""
""
""
""
""
""
""
""
""
""
""
0.87588745
""
""
""
""
""
""
""
""
""
""
""
""
""
""
""
""
""
""
""
""
""
""
""
""
0.46272638
0.85473388
""
""
""
""
""
""
""
0.39627558
""
""
""
""
""
""
""
0.4803628
""
""
""
0.47216156
0.652816
0.37389395
0.7561391
""
0.71531302
0.66331059
0.38399217
0.62273932
0.92368042
0.83899868
0.82937312
0.82080102
0.69295347
-0.091322236
0.47987306
""
""
""
0.50495893
0.78382468
0.78255957
0.58720791
0.012623463
0.73758751
0.59123576
0.54593617
0.47241372
0.16630296
0.51693141
0.69329298
0.14609794
0.47071472
0.62570006
0.68998897
0.5060693
0.5046162
0.48516804
""
""
0.65950805
0.38893804
0.81878334
0.37965274
0.49451911
""
0.69353503
0.74004948
0.52624512
0.56831247
0.43444401
0.53305823
0.63854307
0.44400132
0.88485944
0.48791829
0.45209542
0.74101198
0.13408981
""
0.68691862
0.62943453
0.31703302
""
0.25758213
0.34588233
0.38049766
0.48790684
0.4857561
0.60333091
0.66578722
0.7698186
0.7560786
0.60069251
0.54993463
0.67569202
0.53707081
""
""
""
""
""
""
""
0.27448797
""
""
""
""
""
""
""
""
""
""
""
""
""
""
""
""
""
""
""
""
""
""
""
""
""
""
""
""
""
""
""
""
""
0.32709506
""
0.28706247
""
""
""
""
""
0.46632138
""
""
""
0.78899902
""
""
""
""
0.68100119
""
0.91430211
1.1256808
0.58120948
""
""
0.21302794
""
""
""
""
""
0.44526228
""
0.5032503
""
""
""
""
""
""
""
""
""
""
""
""
""
""
""
""
""
""
""
0.75174636
""
""
""
""
""
""
""
""
""
""
""
0.58530641
0.085899323
0.63276529
""
0.8694728
""
""
0.41435516
""
""
1.0388267
0.29127011
""
0.49042752
0.44483751
""
0.71742052
0.59248108
""
""
0.73740321
""
0.50545681
0.70514506
0.56940222
0.64234322
0.5120036
0.61088985
0.66553926
0.3725107
0.35196435
0.35727161
0.6459893
0.66260117
0.46598929
0.40697172
0.46907657
0.28285262
""
""
""
""
""
""
""
""
""
""
""
""
""
""
""
""
""
""
""
""
""
""
""
""
""
""
""
""
""
""
""
""
""
""
""
""
""
""
""
""
""
""
""
""
""
""
""
""
""
""
""
""
""
""
""
""
""
""
""
""
""
""
""
""
""
""
""
""
""
""
""
""
0.79836386
0.3370688
""
1.1122062
0.35063764
""
""
""
""
""
""
""
""
""
""
""
""
""
""
""
""
""
""
""
""
""
""
""
""
""
""
""
""
""
""
""
""
""
""
""
""
""
""
""
""
""
""
""
""
""
""
""
""
""
""
""
""
""
""
""
""
""
""
""
""
""
""
""
""
""
""
""
""
""
""
""
""
""
""
""
""
""
""
""
""
""
""
""
""
""
""
""
""
""
""
""
""
""
""
""
""
""
""
""
""
""
""
""
""
0.60609925
""
0.63145781
-0.0089110639
""
""
""
""
""
""
""
""
""
""
""
""
""
""
""
""
""
""
""
""
""
""
""
""
""
""
""
""
""
""
""
""
""
""
""
""
""
""
""
""
""
""
""
""
""
""
""
""
""
""
""
""
""
""
""
""
""
""
""
""
""
""
""
""
""
""
""
-0.95552117
""
0.4464274
1.0238092
0.14409058
""
""
""
""
""
""
""
""
""
""
""
""
""
""
""
0.66863346
""
""
""
""
""
""
""
""
""
""
""
""
""
""
""
""
""
""
""
""
1.6686676
0.72200465
0.76885241
""
""
""
""
""
""
""
""
""
""
0.73946571
""
""
""
""
""
""
""
""
""
""
0.29187509
""
""
""
0.54285789
""
""
""
""
""
0.47071147
""
""
""
""
""
""
""
""
""
""
""
""
""
""
""
0.13909866
""
""
""
""
""
0.044572096
""
""
""
""
""
""
""
""
""
""
""
""
""
0.53149831
0.52578557
""
""
0.26370242
""
0.44812402
0.64871013
0.69777644
""
0.17474255
0.26205096
""
0.71872491
""
0.39578712
""
""
""
""
0.76588804
0.90531886
""
0.42289737
""
""
""
0.84537506
""
""
""
""
""
0.31734252
0.29871988
0.46614441
""
0.37293383
""
""
0.27281082
""
""
""
0.32732764
0.12236837
""
""
""
""
""
""
""
""
""
""
0.90166563
0.47311595
""
""
""
""
""
""
""
""
0.37022251
""
""
""
""
""
""
""
""
""
""
0.8224746
""
0.64752716
""
0.49049449
""
""
""
""
""
""
""
""
""
""
""
""
""
""
""
""
""
""
""
""
""
""
0.87967932
""
""
""
""
""
""
0.72067356
""
""
""
0.94762707
1.1564181
0.71687001
""
""
0.69531792
""
0.37506807
0.87153381
""
0.68477005
0.29240969
0.67003393
0.95493644
0.68725085
0.87564886
0.62257528
0.3040939
0.76630408
""
""
""
""
""
0.89816862
0.53852236
0.63203037
""
""
""
""
""
""
""
""
""
""
0.21933791
""
0.99453372
""
0.41464981
-0.59397274
""
""
0.4478212
0.45887548
""
""
0.52343243
""
""
""
""
""
""
""
""
""
""
""
""
""
""
""
""
""
""
""
""
""
""
""
""
""
""
""
""
""
""
0.46988234
0.68375576
""
""
0.9116227
""
""
""
""
""
""
""
0.967206
""
""
""
""
""
""
""
""
""
""
""
""
""
""
""
""
""
""
""
""
""
""
""
""
""
""
""
""
""
""
""
""
""
""
""
""
""
""
""
""
""
""
""
""
""
""
""
""
""
""
""
""
""
""
""
""
""
""
""
""
""
0.41692206
""
""
""
""
""
""
""
""
0.2741017
""
0.83969772
0.73132557
""
0.93907642
0.32050854
0.78809637
""
""
0.91007924
""
""
0.10475304
""
""
0.10240516
0.041934993
""
""
""
""
""
""
0.55513453
""
""
""
""
0.56430632
0.70276487
0.8645885
""
""
""
""
0.88174111
0.91088468
""
0.57807803
1.137962
""
""
""
""
""
""
""
""
0.80172414
0.60945654
""
""
""
""
""
""
""
""
""
""
""
""
""
""
""
""
""
""
""
""
""
""
""
""
0.29475987
0.42994854
""
""
0.63629484
""
""
""
""
""
""
""
""
""
0.49417931
""
""
""
""
""
""
""
""
""
""
""
""
""
""
""
""
""
""
""
0.25699106
""
""
""
""
""
""
""
""
""
""
""
""
""
""
""
""
""
""
""
""
""
""
""
""
""
""
""
""
""
""
""
""
""
""
""
""
""
""
""
""
""
""
""
""
""
""
""
""
""
0.77889884
""
""
0.23139714
""
""
""
""
""
""
""
""
1.3285244
""
""
""
""
""
""
""
""
""
""
""
""
""
""
""
""
""
""
""
""
""
""
""
""
""
""
""
""
""
""
""
""
""
""
""
""
""
""
""
""
""
""
""
0.53159702
""
""
""
""
""
0.3669017
0.39222419
""
0.64007026
""
""
""
""
""
""
""
""
""
""
""
""
""
0.060832672
""
""
""
""
""
""
0.12470905
""
""
""
""
""
""
""
""
""
""
""
""
""
""
""
""
""
""
""
""
""
""
""
""
""
""
""
""
""
""
""
""
""
""
""
""
""
""
""
""
""
""
""
""
""
""
""
""
""
""
""
""
""
""
""
""
""
""
""
""
""
""
""
""
""
""
""
""
""
""
""
""
""
""
""
""
""
""
""
""
""
""
""
""
""
""
""
""
""
""
""
""
""
""
""
""
""
""
""
""
""
""
""
""
""
""
""
""
""
0.33224216
""
""
""
""
""
""
0.90236801
""
""
""
""
""
""
""
""
""
""
""
""
""
""
""
""
""
""
""
""
""
""
""
""
""
""
""
""
""
""
""
""
""
""
""
""
""
""
""
""
""
""
""
""
""
""
""
""
""
""
""
""
""
""
""
""
""
""
""
""
""
""
""
0.021505076
0.30545515
""
""
""
0.72555351
""
""
""
""
""
0.55157173
""
""
""
""
""
""
""
""
0.13942242
""
""
0.536659
0.74010253
""
""
1.0546541
""
""
0.73893386
""
""
1.0789961
0.77707165
""
0.5957039
""
""
0.59968108
""
0.32158676
0.59750867
""
""
""
""
""
0.5057227
1.0262986
""
""
""
""
""
""
""
""
""
""
""
0.26471439
""
""
0.41954941
""
""
""
""
""
0.45188555
""
""
""
""
""
""
""
""
""
""
""
""
""
""
""
""
""
""
""
""
""
""
0.46374124
""
""
""
""
0.86865294
""
""
""
""
""
0.51908094
""
""
0.44587666
""
""
""
""
""
""
""
""
""
""
""
""
""
""
""
""
0.20460716
0.77590382
0.56208545
""
""
""
""
0.27556553
0.56455749
""
0.5811131
""
0.67420089
0.80364591
""
""
""
""
""
0.17217697
0.60931176
0.21491961
""
0.45739824
""
""
0.52747506
0.45365712
0.44369772
0.92536646
""
0.30669087
-0.094254009
""
""
1.0434704
""
""
0.3876127
0.22331277
0.34672913
0.15948164
0.57983625
0.86769205
0.81933105
""
""
""
""
0.7109428
""
0.93945926
0.77864009
""
0.82363772
0.85591412
0.45427945
0.86529464
""
""
""
0.33744377
0.3202627
0.69938463
0.3962377
""
""
0.38391459
""
0.34352067
0.64689863
0.37589261
0.73020649
0.50013083
0.61188442
0.62519294
0.60639948
0.93692803
0.82549441
0.24430631
1.1278828
0.56810796
0.56192726
0.83662736
0.57838178
""
""
0.87674999
0.4025664
0.78504109
0.71068782
0.43751237
""
0.18838416
""
0.58636314
""
""
""
""
""
""
""
""
""
0.37788489
""
""
""
""
""
""
""
""
""
""
""
""
""
""
0.32516775
""
""
0.46979302
""
""
""
""
""
""
0.88316125
0.5762797
0.24567942
0.59190845
0.79696882
0.92480534
0.92166954
0.6886242
0.26622683
""
0.67719793
0.61232877
0.61636508
1.004423
0.28866133
""
0.46756682
0.59313649
0.2731981
""
""
""
""
""
""
""
""
""
""
""
""
""
""
""
""
""
""
""
""
""
""
""
""
""
""
""
""
0.65540767
""
""
""
""
""
0.67183471
""
""
""
""
""
""
""
""
""
""
""
""
0.77736813
""
""
""
""
""
0.58440334
""
""
""
0.19467132
""
""
0.7569595
""
0.59892946
0.39213541
0.79963464
""
0.80856752
0.53372926
0.39959571
0.66655177
0.60395503
""
""
""
""
""
""
""
""
""
""
""
""
""
""
""
""
""
""
""
""
""
""
""
""
""
""
""
""
""
""
""
""
""
""
""
""
""
""
""
""
""
""
""
""
""
""
""
""
""
""
""
""
""
""
""
""
""
""
""
""
""
""
0.76122904
""
""
0.30743182
""
1.3612621
0.55996799
0.56788319
0.90278172
0.48269626
0.92856824
""
""
""
""
""
0.73100662
""
""
""
""
""
""
""
""
""
0.92715508
""
""
""
""
""
""
""
""
""
""
""
""
""
""
""
""
""
""
""
""
""
""
""
""
""
""
""
""
""
""
""
""
""
""
""
""
""
""
""
""
""
""
""
""
""
""
""
""
""
""
""
""
""
""
""
""
""
""
""
""
""
""
""
""
""
""
""
""
0.277915
""
1.3247879
""
""
""
""
""
""
""
0.37565377
""
""
""
""
""
""
""
""
""
""
""
""
""
""
""
""
""
""
""
""
0.38202029
0.50690359
1.12948
""
""
""
1.1312908
""
""
0.2006868
0.44475111
0.44756103
0.58263105
""
0.31814426
""
""
0.16883986
-0.29473794
0.69469166
""
0.88469321
0.79443586
0.78364313
""
""
""
0.94595712
""
""
""
""
""
""
""
""
""
""
""
""
""
""
""
""
""
""
""
""
""
""
""
""
""
""
""
""
""
""
""
""
""
""
""
""
""
""
""
""
""
""
""
""
""
""
""
""
""
""
""
""
""
""
""
""
""
""
""
""
""
""
""
0.2370788
1.1000204
0.76713496
0.077415206
""
""
""
""
""
""
""
""
""
""
""
""
""
""
""
""
""
""
""
""
""
""
""
""
""
""
""
""
""
""
""
""
-0.18221892
""
0.53904045
""
""
0.37438753
""
""
""
""
""
""
0.65018338
""
0.1033392
""
""
""
""
""
1.1302129
""
0.73272222
0.58814049
0.7645117
""
0.6446169
0.81120598
""
""
""
""
""
""
""
0.6395191
""
""
""
""
""
""
""
""
""
""
""
""
""
""
""
""
""
""
""
""
""
""
""
""
""
""
""
""
""
""
""
""
""
""
""
""
""
""
""
""
""
""
""
""
""
""
""
""
""
""
""
""
""
""
""
""
""
""
""
""
""
""
""
""
""
""
""
""
""
""
""
""
""
""
""
""
""
""
""
""
""
""
""
""
0.67928094
""
""
""
""
""
""
""
""
""
""
""
""
""
""
""
""
""
""
""
""
""
""
""
""
""
""
""
""
""
""
""
""
""
""
""
""
""
""
""
""
""
""
""
""
""
""
""
""
""
""
""
""
""
""
""
""
""
""
""
""
""
""
""
""
""
""
""
""
""
""
""
""
""
""
""
""
""
""
""
""
""
""
""
""
""
""
""
""
""
""
""
""
""
""
""
""
""
""
""
""
""
""
""
""
""
0.31959188
0.85621756
-0.066837296
0.44704393
0.64229763
""
0.84855396
""
0.90624195
0.081734493
0.94161481
0.7591027
0.55602831
0.49580872
0.67264879
0.7303949
0.61557394
""
""
""
""
""
""
""
""
""
""
""
""
""
""
""
""
""
0.75752163
0.27827424
0.72850782
0.42327818
0.9463101
0.61640728
0.74141818
0.63750362
0.67718649
0.46924677
""
0.57313544
""
""
""
""
0.37721097
""
""
""
""
0.922306
0.43199617
""
0.77092934
0.7115584
""
""
""
""
""
""
1.0117968
""
""
0.80175811
""
""
""
""
""
""
""
""
""
""
""
""
""
""
""
0.28056955
""
""
""
""
""
""
""
""
""
""
""
""
""
""
""
""
""
""
0.53789705
-0.45274475
""
""
""
""
0.9791919
0.87201399
""
""
""
""
""
""
""
""
""
""
0.23363037
""
0.62962002
""
""
""
""
""
""
""
""
""
""
0.32962412
""
0.57487172
0.52569598
""
""
0.14636093
0.67040634
""
""
""
""
""
""
""
0.62051857
""
0.30391228
0.9188807
0.64689779
1.1392879
0.92011565
""
""
""
""
0.55727243
0.62916678
0.27268729
0.61884439
0.48580337
0.67198354
0.59220457
0.3468802
""
0.25672644
0.67241639
1.0100898
1.0468949
1.0053802
0.40623486
""
""
""
0.86468577
0.94945991
0.6645056
""
0.78377002
""
""
0.5690226
0.57019681
0.56247717
""
0.37681273
0.73915172
""
""
0.8089484
0.46728456
0.58968645
0.50940257
0.61810786
0.68813211
0.54285401
0.51623636
""
""
""
""
""
0.55780119
0.88686115
0.49530372
""
""
""
0.6631391
""
0.5049383
0.48358414
0.56304789
0.69636261
0.58893061
0.41742092
0.66975659
0.27362713
0.33728662
0.68648142
0.58423615
0.59491241
0.54763573
0.52727103
0.1645992
0.80538249
0.74153662
0.71322209
""
""
0.45845202
0.37056983
0.58729702
""
""
""
""
""
""
0.75694054
0.20230919
0.42408624
0.7834214
0.26866677
0.68493527
0.39176831
""
1.0033652
0.39790317
0.56412458
0.31820878
0.5132044
0.5123623
0.54254043
0.31201896
0.59781134
0.53942674
0.64403379
""
0.28611532
0.10548408
""
0.57344651
0.57388383
0.60154402
""
0.75182253
0.30763555
""
0.37012726
""
0.7285496
0.7982164
""
0.86256164
""
0.4317604
""
0.405067
0.12273592
0.41592202
0.71962059
0.46721673
0.59010869
0.54596341
0.46597624
""
""
0.52844334
""
""
0.17448473
0.45983806
""
""
""
""
""
""
""
""
0.18134408
0.30527732
0.38526839
0.69793493
0.53480905
""
""
""
""
""
""
""
""
0.35089126
0.84110183
""
0.57389605
""
0.45496243
""
0.90122664
""
0.61257815
0.62835932
""
""
0.72247475
""
""
0.67536408
0.59191436
0.68360144
0.79010981
0.71485567
""
""
""
""
""
""
""
""
""
0.15576594
""
""
""
""
""
""
""
-0.32099313
0.86019427
""
""
""
""
""
1.0231035
""
-0.0046599233
0.74421716
0.34777325
""
0.75280786
0.40854022
""
""
0.31840524
""
0.46403667
0.34934041
""
0.35781154
""
""
""
0.32468531
0.50762224
0.70319188
""
0.38977447
0.46207169
0.72074455
0.36223024
""
""
""
""
""
0.2542443
0.28861216
""
0.43143627
0.39700332
0.75113815
0.46841371
""
0.5871464
0.36740553
0.4043684
""
""
0.79576778
""
""
""
0.67016941
0.34026083
""
""
""
0.48352987
""
""
0.73313916
0.55439907
""
""
0.43231702
0.44539589
0.46758902
0.24877854
""
""
""
""
""
""
""
""
""
0.54736775
0.63531423
""
0.30427846
0.44819266
0.33543822
0.41105282
0.65133137
""
""
""
""
""
""
""
""
""
""
""
""
""
""
""
""
""
""
0.72273219
""
0.097689532
""
0.88053727
0.75517845
""
0.70437282
0.59701216
""
0.2316815
0.90092707
0.30739662
0.7627902
0.51652211
0.82122064
-0.019314602
""
""
""
""
""
0.42076901
0.31759953
0.60888273
0.38103461
-0.10621442
0.7244271
0.50625789
0.42250606
0.54565579
""
0.26594466
0.33471665
0.6824953
0.42608747
0.53414279
0.56053305
0.9615202
0.56739628
0.43976849
0.58177191
0.27012727
""
0.8535428
0.35521954
0.63876456
0.18391521
0.46268409
0.30693576
""
""
""
""
0.63169795
0.53275889
0.69442821
""
""
""
""
""
-0.020898335
0.86810189
""
0.38148567
0.99712759
0.7310887
0.6275093
""
""
0.66323793
""
0.092149988
0.41394871
0.72818094
0.44640905
""
""
""
""
""
0.5474689
""
0.33437413
0.20225795
1.0080392
0.80101436
0.84756476
0.58757806
0.57204992
""
""
""
""
0.94416821
""
""
""
0.78731978
1.0072031
""
""
""
""
""
""
""
""
""
""
""
""
""
""
""
""
""
""
""
""
""
""
""
""
""
""
""
""
0.34093946
""
""
""
""
""
""
0.51677394
0.46199924
0.45261964
0.37318832
0.81939971
""
""
""
""
""
""
0.51673615
""
""
""
""
0.40874848
0.98829454
""
0.51707006
0.32845497
0.36196107
""
""
0.60158581
""
""
""
""
0.46326119
0.40876269
0.59961468
0.72797227
""
0.48383361
0.27729863
""
0.51004082
0.66843617
0.477952
0.66853386
""
0.76287979
""
""
""
""
0.51823139
0.68093061
""
""
""
""
""
""
""
""
""
""
""
""
""
""
""
""
""
""
""
""
""
""
""
""
""
""
0.4701173
0.67832714
0.74659204
0.50445223
0.56267548
""
0.6719408
""
""
""
""
""
0.83763504
0.6010319
0.73907912
""
""
""
""
""
""
""
""
""
""
""
""
""
""
""
1.1653124
0.38858655
""
""
""
""
""
""
""
""
""
""
""
""
""
""
""
""
""
""
""
""
""
""
""
""
""
""
""
""
""
""
""
""
""
""
""
""
""
""
""
""
""
""
""
""
""
""
""
""
""
""
""
""
""
""
""
""
""
""
""
""
""
""
""
""
""
""
""
""
""
""
""
""
""
""
""
""
""
""
""
""
""
0.30061102
0.67383295
0.4930017
0.41704747
""
0.66655463
0.71999818
""
0.43206114
0.97854823
0.80168456
0.56022513
0.61477274
""
0.91440624
0.20275965
0.79876345
0.74960059
0.68733793
""
0.53994656
0.65393078
0.88968295
0.80888724
1.0211666
0.55137068
""
""
""
0.71425468
0.7453199
0.93432623
0.61202866
0.6999492
-0.064495981
""
""
""
0.70203042
""
0.77838361
0.47950837
0.67958683
0.36824679
0.12264182
0.73837358
""
0.4382962
0.47039378
0.57223284
1.1425937
0.11027011
0.48255825
0.36212745
0.51666969
0.58624589
0.47371536
0.66745692
0.66577786
0.88552165
0.83393478
0.71697396
0.52041513
0.48338524
0.46216142
0.72198254
0.38916305
""
""
""
0.49982363
0.50408047
0.74894571
0.67967987
0.63439679
0.73465377
0.33912641
0.49235499
0.29958954
0.80675709
""
""
0.20776433
""
""
""
""
""
""
""
""
""
0.77536911
""
""
0.47642586
0.50538313
0.65266144
""
""
""
""
0.7978344
""
""
""
""
""
""
""
""
""
""
""
0.8126983
0.74732989
""
""
""
""
""
""
""
""
""
""
""
""
""
""
0.23261547
""
""
""
""
""
""
""
""
""
""
""
""
""
0.9246999
""
1.012395
0.45889834
0.62311077
""
0.89654338
0.80692351
0.54833335
0.48190212
""
0.6938262
0.14501549
0.79272431
0.79159528
""
""
0.58292627
0.59802723
0.50796384
""
0.73809737
0.65597105
0.60624415
-0.016983274
0.76694107
0.63140744
0.41879478
0.69719136
0.64305842
0.56637007
0.70330453
0.69729823
0.71065193
0.40891853
0.61915165
0.78168702
0.44992098
0.69716221
0.73693633
0.61485875
0.7003752
0.71383774
0.65015864
0.47849229
0.7215476
0.57764369
0.64220577
0.363792
0.61458033
0.58991045
0.50283182
0.66992193
0.64130741
0.70306134
0.50231224
0.5373798
0.48418096
0.40840563
0.5034346
0.44524619
""
0.65273654
0.6651479
0.40392262
0.58064187
""
0.82904863
0.51652175
""
0.62108994
0.61330932
0.61705291
0.64838541
0.65974683
0.73507178
0.58384508
0.64328742
0.51752543
0.6709199
0.49778476
0.60260564
0.64112484
0.55021781
0.49782917
0.52831173
0.62834042
0.74453735
0.59783524
0.7941969
0.67327464
0.85203654
0.68326056
0.52100116
0.49700043
0.72621745
0.42006069
0.5828951
0.57810932
0.63259465
0.59511542
0.88137209
0.52200502
0.83602977
0.70542735
0.52801126
0.48966235
0.75045609
0.57806033
0.57642835
0.72352976
0.66448468
0.75815147
0.62899607
0.75857401
0.34820709
0.46057323
0.56879753
0.65941304
0.53611273
0.10515326
0.66123831
0.67192775
0.28535369
0.46493095
0.90483129
0.73552281
0.57917613
0.63981867
0.55066627
0.67437029
0.61301517
0.62088102
0.70437121
""
0.53228706
""
0.43934947
0.87652469
0.68779075
0.8304773
0.30956876
0.33273429
0.84573638
0.40094826
0.51154166
0.70652616
""
0.4441165
0.46587229
0.44018978
1.4547377
0.60147297
0.25774205
0.87904733
0.84817135
0.75100523
0.54366159
0.41725037
0.65174502
0.60393441
0.45019886
0.61853981
0.52941972
0.86959559
0.92842287
""
0.51262248
0.8311041
1.0228654
0.66010678
0.27456468
1.0482074
0.9100793
""
""
""
""
""
""
""
""
""
""
""
""
""
""
""
""
""
""
""
""
""
""
""
""
""
""
""
""
""
""
""
""
""
""
""
""
0.39725265
0.58085978
""
""
""
""
""
0.58942837
""
""
""
0.53994143
0.41954306
0.62108326
0.55151027
0.55122691
0.59604847
0.56635803
0.56940138
0.60661507
0.59207678
0.67738652
0.5445087
0.65832025
0.5984059
0.24087971
0.86449975
0.57636249
0.64948314
0.32598534
0.55581862
0.69093096
""
""
""
""
""
""
""
""
""
""
""
""
""
""
""
""
""
""
""
""
""
""
""
""
""
""
""
""
""
""
""
""
""
""
""
""
""
""
""
""
""
""
""
""
""
""
""
""
""
""
""
""
""
""
""
""
""
""
""
""
""
""
""
""
""
""
""
""
""
0.40021229
""
""
""
""
""
""
""
""
""
""
0.55496621
0.54160506
0.82387298
0.48148248
""
""
0.42119566
0.26773104
0.62952805
""
""
""
""
""
0.72976434
""
""
""
""
""
""
""
""
""
""
""
""
""
""
""
1.0032194
0.62552732
0.62621468
""
0.94884211
0.73085952
0.72987211
0.53285342
0.7976824
0.45930195
0.49202108
""
""
""
""
""
""
""
""
""
0.62625939
0.73282355
0.86407936
""
0.67962188
0.57564884
0.40516329
0.56039286
0.63520402
0.85158372
0.69571638
0.87101007
0.8256433
0.59788656
0.91709113
0.3886745
0.60302156
0.58521849
0.81107354
0.71496952
0.84625834
0.62908298
0.67384404
0.80824065
0.86159813
0.64056718
0.88806319
0.58849883
0.55218005
0.56320941
0.78222293
0.55997854
0.6525777
0.58033466
""
""
0.55771536
0.49199
0.65803963
0.71046907
0.60527521
0.75158066
1.2985582
0.8915537
0.42390597
""
""
0.73517823
0.81763095
0.7694152
0.55608362
0.57171172
0.73020571
0.51955938
0.67497623
0.68952745
0.67761582
0.61983967
0.50630915
0.59264141
0.80906224
0.91573554
0.45929244
0.73056799
0.1817383
0.73755914
0.80208677
0.71132898
0.6215477
0.59678423
0.73023766
0.74434268
0.76700222
0.62290347
0.52556705
0.50207269
""
0.59081912
0.87245631
0.50206947
0.46236679
""
""
""
""
""
""
""
""
""
""
""
""
""
""
""
""
""
""
""
""
""
""
""
""
""
""
""
""
""
""
""
""
""
""
""
""
0.55795914
0.68980628
0.53236037
0.5540176
0.6012187
0.70322353
0.78621149
0.14227141
""
""
""
""
""
""
""
""
""
""
""
""
""
""
""
""
""
""
""
""
""
""
""
""
""
""
""
""
""
""
""
0.48836452
""
""
""
""
""
""
""
""
""
""
0.81058657
0.79447395
0.61348748
0.5758208
0.45698142
0.62718219
0.65806401
0.59040016
0.4012939
0.71550804
""
""
""
""
""
""
""
""
""
""
""
""
""
""
""
""
""
""
0.65569556
""
""
""
""
""
""
""
0.42922708
""
""
""
0.56516671
""
""
""
0.57081163
""
0.62589675
0.52899665
0.41309577
0.45335504
0.79620796
""
""
0.61010462
0.70586604
""
0.43588713
""
0.94317997
0.78982818
""
""
""
""
1.0974188
1.1590438
1.1203474
0.72139901
""
""
0.56274128
""
""
0.49440917
""
""
""
""
0.73992205
0.71564418
""
0.42010319
0.78536123
0.62581116
0.88821727
0.6351676
0.29614231
0.65215731
""
""
0.68804902
""
""
""
1.0531329
0.68762755
""
""
""
0.64988327
0.73008007
0.87110937
0.59130734
0.69758469
0.49065721
0.5223369
0.53565544
0.56603104
0.42993551
0.51571727
""
0.39398655
0.66442287
0.47564358
0.64031231
1.2419184
0.74615884
0.63040549
0.71995407
""
""
""
""
0.4617497
0.86866039
""
0.6674329
0.88576585
0.80886066
1.0749297
1.127
0.77673775
0.56636119
0.37087125
0.71617883
0.53357875
0.55795944
0.58768964
0.50341052
""
""
0.44096631
0.60779548
0.75286388
""
1.075359
0.71805108
""
0.65543312
1.0358583
""
""
0.021631133
0.536057
""
""
""
""
""
""
""
""
""
""
""
""
""
""
""
0.34879774
0.68978006
0.85097945
0.57834077
0.65218306
0.7307722
0.64245176
0.58225948
0.44945097
0.54922724
0.71846032
0.52608389
0.53861517
0.95943856
""
""
""
1.2743812
0.4648512
0.71593112
0.76311207
0.096427687
0.6607917
0.57676494
0.23174325
0.65342176
""
""
""
""
""
""
""
""
0.94193214
""
""
""
""
""
""
""
0.43333083
""
""
""
0.33557636
0.76042634
""
""
""
0.44787744
0.3996737
0.80635142
0.55868012
0.54019582
""
0.7564342
0.64821196
0.52346146
0.9251948
0.49905381
0.71342289
0.31751275
0.35873541
0.6887657
0.72819412
0.76736629
0.44298542
0.58869904
0.51465809
0.71084577
0.89460438
0.64806861
0.59779209
""
0.3378492
""
""
""
""
""
""
0.5337252
""
""
""
""
0.6096406
0.75608975
""
0.44210088
0.65115809
0.63052768
0.73282897
0.73384261
0.57475138
0.74586707
0.57597411
0.58874196
0.62281072
0.53015667
0.8359257
0.46173197
0.56634086
0.4978115
0.74424267
0.71663362
0.58347529
0.36659464
0.9278186
0.59176469
0.54803109
0.67966032
0.68390328
0.59880495
0.69456184
0.35839745
""
""
""
0.34764951
""
0.89486945
0.66248375
0.73920709
0.66813058
0.72778744
0.49002934
0.70615655
0.63743544
0.5702377
0.55264783
0.52146852
0.89155155
""
""
""
0.75924855
0.78073722
0.6026507
""
0.68501616
""
""
0.55076653
0.66067398
0.66369241
""
""
""
""
0.5730831
""
""
0.61046666
0.42369285
0.24947707
0.64096588
0.79224974
""
""
""
""
""
""
""
0.34537718
""
0.82391608
0.57716399
0.72547209
0.70937848
0.65656966
0.62009859
0.68510222
""
0.67709589
0.66265845
0.72739166
0.5428437
0.60007477
0.57823443
0.7759577
0.60499603
0.61828709
0.73080689
0.86889434
0.37439841
""
""
""
0.62996203
""
0.63011765
0.7783547
""
0.7607044
0.68277639
0.56787604
0.70940226
0.60739642
0.46813923
0.3528499
""
0.83675146
0.45773056
""
""
0.54135823
""
0.64279848
0.62283534
1.0152229
0.53271037
0.77201968
0.62193799
0.49787694
0.66936755
0.75018007
0.66124767
""
0.71810001
""
""
0.74691641
0.49833468
0.44223329
0.95589513
""
0.68323666
""
""
""
""
""
""
""
""
""
""
0.83378106
0.77869326
0.81886405
0.45162785
""
""
0.39217892
0.39948899
""
""
""
0.61729932
0.45503804
""
""
0.8524428
0.58844852
0.38612741
""
""
0.76350945
0.68196923
0.55239719
0.63380563
""
""
0.74316859
0.75531948
""
""
""
0.28942803
""
""
""
""
0.23717371
""
0.62935895
0.43107951
0.47540852
1.3077624
0.72850531
""
0.5953939
""
""
""
0.53089201
0.49852291
0.77746427
""
""
0.73353672
""
""
""
""
0.36442491
0.40953785
""
0.50861019
""
""
0.54350191
""
""
""
""
0.72877449
0.28148583
0.74735057
0.34130108
0.65250409
""
""
""
0.5904575
0.50873816
0.60061461
0.60963511
""
""
""
0.80885041
0.011951349
0.55875093
0.25275075
""
0.5458473
0.51909506
""
0.47231874
""
0.4113867
0.41991961
0.84677958
""
""
""
""
""
""
0.24776231
""
""
0.31409234
0.94979477
""
""
0.39349705
0.13396554
0.84288168
0.66604698
0.58878845
0.91195345
0.40056688
0.64768332
0.81340957
0.67684776
0.5963608
-0.025600724
0.87051225
0.80176961
0.64872849
0.74502325
0.3706862
""
""
0.7907322
0.42837286
0.46805435
0.6313749
0.65554947
""
""
""
""
0.53082079
0.84079075
""
""
""
""
""
""
""
""
""
0.51150024
0.71514922
0.55789059
""
""
""
""
""
""
""
""
""
""
""
0.75359863
""
""
""
""
""
""
""
""
""
""
0.81824529
""
""
""
0.59258503
""
""
""
""
""
0.56464112
0.49600059
0.6377967
0.85918581
0.86258441
0.63002104
0.81792068
0.73575938
0.51984513
0.69059092
""
""
0.68878961
0.6041044
""
""
""
0.31075209
""
""
""
0.72383505
""
""
""
""
0.68265736
0.60996091
""
""
""
0.64155853
0.53801286
""
0.75792193
""
0.42417395
""
""
""
""
""
""
""
""
""
""
""
""
""
""
""
""
""
""
""
0.96574008
0.66341972
0.58371645
""
""
0.4546864
1.1308568
0.7009787
""
""
""
""
""
""
""
""
""
""
""
""
""
""
""
""
0.65157461
0.6885758
0.71104735
0.57826459
0.75360435
0.74492848
0.59310961
0.4853352
0.90356135
""
""
0.4933565
0.32817176
0.56344485
""
0.64013654
0.66436064
0.44160903
0.46199498
0.5642094
0.74803185
0.73613656
0.54543227
0.5463019
""
1.0296347
""
0.74460357
""
0.82967055
0.60523409
0.75476134
0.31466898
""
""
0.70794189
0.47849679
0.60809165
0.4203451
0.75371641
0.82290363
0.58594036
0.6738528
0.68286979
0.5621165
""
""
1.0395339
""
0.92894602
0.438586
""
0.63218886
""
""
0.5713073
""
""
0.49689615
""
""
0.8241964
""
""
0.68283796
0.68481714
0.4726876
0.45168671
0.42367148
0.75225812
""
0.12726295
0.73697728
""
0.53324616
0.48650447
0.63677603
1.0224671
""
""
""
""
""
""
""
""
""
""
0.61428219
1.0195357
""
""
""
""
""
""
0.59825474
""
""
""
""
""
0.59219307
0.69794095
0.63244271
""
""
""
0.48297101
""
""
""
""
""
""
""
0.6267525
""
0.87995094
0.52894795
""
0.42739153
0.62096757
""
""
""
""
""
""
0.64585179
""
""
""
""
""
""
""
""
""
""
""
""
0.50210059
""
""
""
""
""
0.23027885
""
""
""
0.67361879
0.42999351
""
0.47432217
""
""
""
0.49319723
0.52253681
""
""
""
0.9111945
""
""
0.5601064
0.73779422
""
""
""
""
""
""
""
""
""
""
""
""
0.76354361
0.30286106
0.76989061
1.0908452
0.86053401
""
""
""
0.82637334
0.40146202
""
""
0.63943011
0.4597359
0.97832721
""
""
0.54220307
""
""
0.95949233
0.55307454
""
""
0.46556547
""
""
0.60957426
""
""
""
""
0.76186538
0.63912439
0.37455329
0.90967935
""
""
""
""
""
""
""
""
""
""
""
""
""
""
""
""
""
""
""
""
""
""
""
""
""
""
""
""
""
""
""
""
""
""
""
""
""
""
""
""
""
""
""
""
""
""
""
""
""
""
""
""
""
""
""
""
""
""
""
""
""
0.48298433
0.73031116
0.32671317
""
""
0.57407254
""
""
""
""
""
""
""
""
""
""
""
""
""
""
""
""
""
0.49225041
""
""
""
""
""
""
0.72151494
0.22050846
0.53830242
""
""
""
""
""
""
""
""
0.36946759
""
""
""
""
""
""
""
""
""
""
""
""
""
""
""
""
""
""
""
""
""
""
""
""
""
""
""
""
""
""
""
""
""
""
""
""
""
""
""
""
""
""
""
""
""
""
""
0.55395126
""
0.58861792
0.50448143
0.79316646
0.65023667
0.60816324
0.70865184
""
0.63203305
0.37528133
0.69229597
""
""
0.73396772
0.70908618
0.79004639
0.90423954
0.53527349
0.77932954
0.62913358
0.7563253
0.52882069
0.51318723
0.71422112
""
0.68464845
0.58177257
0.56820655
0.71160752
0.79473615
0.51365107
""
""
0.21065876
""
0.56904727
""
""
""
""
0.63490272
""
""
0.61911386
0.44386637
0.28411934
""
""
0.56093621
0.73354703
0.67165166
0.64152157
0.64790761
0.5892424
0.67501819
""
0.65931481
0.30788654
0.79699874
0.57137686
0.32368025
0.70938373
0.62421036
0.57995671
0.60102862
0.5457359
0.82090223
0.56946993
0.51502091
0.54189086
0.73207629
0.45936763
0.56898373
0.4930982
0.46465278
0.56330431
""
0.76991475
0.34340149
""
0.66757733
""
""
""
0.55732012
""
""
""
""
""
""
0.92837626
0.90103334
0.49629995
""
""
""
""
""
""
""
""
""
""
0.42898408
""
""
0.032858528
0.32282203
""
""
0.67727798
0.50306827
0.76333177
0.72259456
0.86296809
0.53024721
0.53548992
0.42155463
""
0.83002901
""
""
0.6660586
""
""
0.59867465
""
""
0.4726063
0.48693055
""
""
""
""
""
""
0.65956569
""
0.94306672
0.63512808
0.5965001
0.61882418
0.76884383
0.63809639
0.48168397
""
""
""
""
""
0.52079344
""
0.46273419
0.64111906
0.51252967
0.59165412
""
0.65972841
""
0.43484586
0.70000213
0.40272132
""
""
""
0.36005381
""
0.81706667
0.71306682
0.67586511
0.60410011
0.63436848
0.73163801
0.64335567
0.91395611
0.79107314
0.73780805
""
0.31918001
0.60618961
0.81849033
0.67256051
0.57523322
""
0.57243341
0.78724122
""
0.67381775
""
""
0.21535586
0.81149578
0.58550799
0.67340869
0.76453072
0.71774781
0.72793138
0.55789721
0.59677374
0.42547828
0.37864679
0.55532503
0.65488607
0.58424252
0.64857942
0.66794586
0.62154406
0.6365965
""
0.60403067
-0.068674318
""
0.65051663
""
0.48424596
0.36407503
0.76689148
""
""
""
""
""
""
""
""
""
0.7886045
""
""
0.83668989
0.68402463
0.28987828
0.71330357
0.7434603
0.73113614
0.90194786
0.4816598
0.60724145
0.89697182
0.76134825
""
""
""
""
""
""
""
""
0.35634124
0.61577487
""
""
""
0.34313768
0.9114958
0.78568435
""
""
""
""
""
""
""
""
0.31331179
""
""
""
""
""
""
""
""
""
""
""
0.53890353
""
0.97424334
0.81859785
""
""
""
""
""
0.76017267
0.63697749
0.64354229
""
""
""
0.71604049
0.78122085
0.14260899
""
0.54013216
""
""
0.95170736
""
0.68050152
0.44332716
""
""
""
0.38965979
""
""
1.0417709
""
0.7630924
0.27812693
""
""
""
0.78595442
""
""
""
""
""
""
""
""
""
""
""
""
""
""
""
""
""
""
""
""
""
""
""
""
""
""
""
""
""
""
""
""
""
""
""
""
""
""
""
""
""
""
""
""
""
""
""
""
0.60953933
0.65361738
0.56834882
0.42749977
0.60244668
0.69832569
""
0.23429286
""
0.51868248
""
""
""
""
""
""
""
""
""
""
0.49912846
0.75957727
0.35836351
0.44919863
0.51167125
0.64697379
0.69098979
0.17604537
0.34474498
""
""
0.051498525
0.71346778
0.54803556
""
""
""
""
0.55105656
""
""
0.70716143
0.64793915
""
""
""
0.7031517
0.89552259
0.86805075
0.57872683
""
""
""
""
""
""
""
""
""
""
""
""
""
""
""
""
""
""
""
""
0.50425506
0.28532761
""
""
""
""
""
""
""
""
""
""
""
""
""
""
""
""
0.72620976
""
""
""
""
""
""
""
""
""
""
""
""
""
""
""
""
""
""
""
""
""
""
""
""
""
""
""
""
""
""
""
""
""
""
""
""
""
""
""
""
""
""
""
""
""
""
""
""
""
""
0.58488071
""
""
""
""
0.02073675
""
""
""
""
""
""
""
""
""
""
""
""
""
""
""
""
""
""
""
""
""
""
""
""
""
""
""
""
""
""
""
""
""
""
""
""
""
""
""
""
""
""
""
""
""
""
""
""
""
""
""
""
""
""
""
""
""
""
""
""
""
""
""
""
""
""
""
""
""
""
""
""
""
""
""
""
""
""
""
""
""
""
""
""
""
""
""
""
""
""
""
""
""
""
""
""
""
""
""
""
""
""
""
""
""
""
""
""
""
""
""
""
""
""
""
""
""
""
""
0.74153912
0.29531571
""
""
""
0.74937356
""
""
""
""
""
""
""
""
0.55613828
""
0.43720305
""
""
""
0.61212605
""
""
0.67780685
""
""
""
""
""
""
""
""
""
""
""
""
""
""
""
""
""
""
""
""
""
""
""
""
""
""
""
""
""
""
""
""
""
""
""
""
""
""
""
""
""
""
""
""
""
""
""
""
""
""
""
""
""
""
""
""
""
""
""
""
""
""
""
""
""
""
0.55424058
0.5663265
0.61751992
0.55317718
0.44927797
1.0681674
0.4688282
0.63868159
0.71204895
""
0.61202985
0.65732515
0.53899246
0.56493318
0.39488834
0.81729639
0.7435056
""
0.43711716
0.9003076
0.46771023
0.70386702
""
0.45266464
""
""
""
""
0.70453763
0.67326945
""
0.78675365
0.47161701
""
""
""
""
""
""
0.65217584
""
""
""
""
""
""
""
""
""
""
""
""
""
""
""
""
0.82498622
""
""
""
""
""
""
""
""
""
""
""
""
""
""
""
0.29433298
""
""
""
0.70330375
""
0.15894224
""
""
""
""
""
0.4059599
""
0.670434
""
""
""
""
""
""
""
""
""
1.0450352
""
""
""
""
""
""
""
""
""
""
""
""
""
""
""
""
""
""
""
""
""
""
""
""
""
""
""
""
""
""
""
""
""
""
""
""
""
""
""
""
""
""
""
""
""
""
""
""
""
""
""
""
""
""
""
""
""
""
""
""
""
""
""
""
""
""
""
""
""
""
""
""
""
""
""
""
""
""
""
""
""
""
""
""
""
""
""
""
""
""
""
""
""
""
""
""
""
""
""
""
""
""
""
""
""
""
""
""
""
""
""
""
""
""
""
""
""
""
""
""
""
""
""
""
""
""
""
""
""
0.55353773
""
0.40886676
""
""
""
""
""
""
0.65533292
""
""
""
""
""
""
""
""
""
""
1.2153479
""
""
""
""
""
""
""
""
0.57723647
""
""
""
""
""
""
""
""
""
""
""
""
""
""
0.99907261
""
""
""
""
""
""
""
0.55258954
0.53446537
0.44368514
0.4445307
0.69289804
""
0.40954006
0.81109273
0.9100762
""
0.51430506
0.65247118
0.77087957
0.60278565
0.89191532
""
0.41481364
0.35395285
0.42804411
0.60072196
0.55092871
""
""
0.64236706
0.63323092
0.46435872
0.4382709
0.52347338
""
0.85282266
""
0.53813303
""
""
""
0.74128586
""
0.69382691
""
0.37020087
0.99759531
0.72086
""
0.59999216
0.77032614
0.055003557
""
""
0.84528542
0.39108953
0.49786836
""
""
""
0.6619488
0.56862926
""
""
""
0.33416909
0.70636171
""
""
""
""
""
""
""
""
""
""
""
""
""
""
""
""
""
0.76045686
""
""
0.63608211
0.56458986
0.63218194
0.85531706
0.54612797
0.88219231
""
0.51250517
""
0.75824946
0.58783317
0.17101346
0.7347005
0.59171313
0.64757556
0.66280365
0.64581001
0.50439072
0.7953999
0.28295892
0.7704342
0.40638688
""
0.58645654
0.4637745
0.28578991
0.64289445
0.34127232
""
""
""
0.61348265
""
0.78778231
""
0.69148064
""
""
""
""
""
""
""
""
""
0.65724587
""
""
""
""
""
""
""
""
""
""
""
""
""
""
""
""
0.0024885149
""
0.78968942
""
""
""
""
0.57930803
""
""
""
""
""
""
""
""
0.65532726
""
""
""
""
""
""
""
""
""
""
""
""
""
""
""
""
-0.11388563
""
""
""
""
""
""
""
""
""
""
""
""
0.73208141
""
""
""
""
""
""
""
0.85818082
0.49718902
""
0.5667522
0.42046994
0.37981901
0.42761731
0.77571368
""
0.45487776
0.40438923
0.23444821
0.7722733
0.44076487
0.4171972
""
""
0.67361826
0.88071913
0.56629014
0.50589246
""
""
0.30662593
0.52018297
-0.13790518
0.62637937
""
""
0.91477174
0.3204051
""
""
""
0.43018174
0.53583235
0.36893183
""
""
0.5193162
""
""
""
0.54030025
""
0.49231577
""
""
""
0.47325605
0.70421636
""
""
""
""
""
""
""
""
""
""
""
""
""
""
""
0.63820815
0.43874571
""
""
""
""
""
""
""
""
""
""
""
""
""
""
""
""
""
0.74026227
""
0.92068589
0.35813731
0.31770733
0.42126349
""
0.78895968
0.07728108
0.98612559
0.65591657
0.47582063
""
""
""
""
""
0.37968317
""
0.28112406
""
0.78895766
0.74079067
""
0.58227694
""
0.5749073
""
""
""
""
""
""
""
""
""
""
""
""
""
""
""
""
""
""
""
""
""
""
""
""
""
""
""
""
""
""
""
""
""
""
""
""
""
0.47233847
""
0.3863678
""
""
""
""
""
""
""
""
""
""
""
""
""
""
""
""
""
""
""
""
""
""
""
""
""
""
""
""
""
""
""
""
""
""
""
""
""
""
""
""
""
""
""
""
""
""
""
""
""
""
""
""
""
""
""
""
""
""
""
""
""
""
""
0.53415048
""
0.37102497
0.82443959
""
""
""
""
""
""
""
""
""
""
""
""
""
""
""
""
""
""
""
""
""
""
""
""
""
""
""
""
""
""
""
""
""
""
""
""
""
""
""
""
0.62814015
0.40596777
""
0.62388688
""
""
""
""
""
""
""
""
""
""
""
""
""
""
""
""
""
""
""
""
""
""
""
""
""
""
""
""
""
""
""
""
""
""
""
""
""
""
""
""
""
""
""
""
""
""
""
""
""
""
""
""
""
""
""
""
""
""
""
""
""
""
""
""
""
""
0.68239462
""
""
""
""
0.83276868
0.33626032
0.53192455
""
0.37579161
0.52096981
0.58736473
0.58582175
""
0.46978045
""
""
""
""
""
""
""
""
0.60509968
""
0.39911821
""
""
0.48387265
""
""
0.58317786
""
""
1.0256202
0.63921195
0.57902282
0.41352984
""
0.64321899
0.90157509
0.39571187
""
""
""
""
""
""
""
""
""
""
""
""
""
""
""
""
""
""
""
""
""
""
""
""
""
""
""
""
""
""
""
""
""
""
""
""
""
""
""
""
""
""
""
""
""
""
""
""
""
""
0.42979425
0.58795989
0.48849222
""
""
""
0.38905329
""
""
""
""
""
""
""
""
""
""
""
""
""
""
""
""
""
""
""
""
""
""
""
""
""
""
""
""
""
""
""
""
""
""
""
""
""
""
""
""
""
""
""
""
""
""
""
""
""
""
""
""
""
""
""
""
""
""
""
""
""
""
""
""
""
""
""
""
""
""
""
""
""
""
""
""
""
""
""
""
""
""
""
0.19413465
""
""
""
""
""
""
""
""
""
""
""
""
""
""
""
""
""
""
""
""
""
""
""
""
""
""
""
""
""
""
""
""
""
0.41800374
""
""
""
""
""
""
""
""
""
""
""
""
""
""
""
""
""
""
""
""
""
""
""
""
""
""
""
""
""
""
""
""
0.89969033
""
""
""
""
""
""
""
""
""
""
""
""
""
""
""
""
""
""
""
""
""
""
""
0.10280018
""
""
""
""
""
""
""
""
""
""
""
""
""
""
""
""
""
""
""
""
""
""
""
""
""
""
""
""
""
""
""
""
""
0.48160359
""
""
""
""
""
""
0.56150097
""
0.13872674
0.37357372
""
""
""
""
""
""
""
0.77405471
""
""
""
""
""
""
""
0.45995647
""
""
""
0.521698
""
""
""
""
""
""
""
""
""
0.54344201
""
""
""
""
""
""
""
0.50852221
0.61792874
0.67414129
0.6990459
0.59882373
""
0.48141339
0.40485114
0.45123732
0.44013831
0.80478126
0.5949055
0.57451791
0.43932307
0.41109774
0.5930208
0.7839368
0.58467436
0.55617839
0.18523765
1.0383673
0.56507242
0.64839876
0.73839968
0.48422462
""
0.36077312
0.23051246
0.43084738
0.53537583
0.66120255
0.53169721
0.57066059
0.6102438
1.0462484
0.56185549
0.29941234
0.99417442
0.7140252
""
0.63561046
0.8087489
""
0.39548782
0.56224257
0.62090439
0.75521463
0.56616944
0.67825228
0.20461571
0.42874813
0.7436021
0.26331672
0.67936891
""
0.63444829
0.51058739
0.47383201
0.68079054
0.63419491
0.58288032
0.63450056
0.56700468
0.46457371
0.5304231
0.5995006
0.70184606
0.69909966
0.60412562
0.37726402
0.85721415
0.537108
0.47692597
0.45876265
""
0.50188446
0.78369766
""
0.71814811
0.64116931
0.37091863
""
""
0.42249489
""
""
""
""
0.18213578
0.68362701
""
0.37604052
""
""
""
""
""
""
0.58066088
""
""
""
""
""
""
""
""
""
""
""
""
""
0.27920958
""
""
0.15721938
""
""
""
""
""
""
""
""
""
""
""
""
""
""
""
""
""
""
""
""
""
""
""
""
""
""
""
""
""
""
""
""
""
""
""
""
""
""
""
""
""
""
""
""
""
""
""
""
""
""
""
""
""
""
""
""
""
""
""
""
""
""
""
1.1746446
0.37839437
""
""
""
0.4425849
0.77313894
""
""
""
""
""
""
""
""
""
""
""
""
""
""
""
""
""
0.80175716
0.66400111
""
""
""
""
""
""
""
""
""
""
""
""
""
""
""
""
""
""
""
""
""
""
""
""
""
""
""
""
""
""
""
""
""
""
""
""
""
0.76251107
""
""
""
""
1.1017425
""
""
""
""
""
""
""
""
0.18960726
""
""
""
""
""
""
""
""
""
""
""
0.48070112
""
0.23348109
""
""
""
0.15824722
""
""
""
0.24205767
""
""
""
""
""
""
""
""
""
""
""
""
""
""
""
""
""
""
""
""
""
""
""
""
""
""
""
""
""
""
""
""
""
""
""
""
1.0615697
""
""
""
""
""
""
""
""
""
""
""
""
""
""
""
""
""
""
""
""
""
0.47643176
""
""
""
0.80238754
""
""
""
""
""
""
""
""
""
""
""
""
""
""
""
""
0.51050246
""
""
""
""
""
""
""
""
""
""
""
""
0.64850736
""
""
""
""
""
""
""
""
""
""
""
""
""
""
""
""
0.69172013
0.77923161
""
""
""
0.44830257
""
""
""
""
""
""
0.43076921
1.1279047
""
""
""
""
""
""
""
""
""
""
""
""
""
""
""
""
""
""
""
""
""
""
""
""
""
""
""
""
""
""
""
""
""
""
""
""
""
""
""
""
""
""
""
""
""
""
""
""
""
""
""
""
""
""
""
""
""
""
""
""
""
""
""
""
""
""
""
""
""
""
""
""
""
""
""
""
""
0.48898184
0.47714013
0.22046259
""
""
""
""
""
""
""
""
""
""
""
""
""
""
""
""
""
""
""
""
""
""
""
""
""
""
""
""
""
0.87859464
0.57974881
0.56040746
0.72102672
0.55087644
0.56037015
""
0.43736726
0.63120925
0.61885411
""
0.5701341
0.75958717
0.51214069
0.42346162
""
""
""
0.57372075
""
""
0.64391458
""
0.89206243
""
0.69760305
0.54544246
""
""
""
""
""
""
""
""
""
""
""
""
""
""
""
""
""
""
""
""
""
""
""
""
""
""
""
""
""
""
""
""
""
""
""
""
""
""
""
""
""
""
""
""
""
""
""
1.0844362
""
""
""
0.31282464
""
""
""
""
""
""
""
""
""
""
0.27404186
""
0.6831817
""
0.44095653
0.33562171
1.3622353
0.13628559
0.65069699
0.21838886
""
""
0.62849647
""
""
""
""
""
""
""
""
""
""
""
0.45454609
""
""
""
""
""
""
""
""
""
""
""
""
""
""
""
""
""
""
""
""
""
""
""
""
""
""
""
""
""
""
""
""
""
""
""
""
""
""
""
""
""
""
""
""
""
""
""
""
""
""
""
""
""
""
""
""
""
""
""
""
""
""
""
""
""
""
""
""
""
""
""
""
""
""
""
""
0.67537314
""
""
""
""
0.48465523
""
""
""
""
""
0.26415139
0.57084709
""
""
""
""
""
""
""
""
""
""
""
""
""
""
""
""
""
""
""
""
""
""
""
""
""
""
""
""
""
""
""
""
""
""
""
""
""
""
""
""
""
""
""
""
""
""
""
""
""
""
""
""
""
""
""
""
""
""
""
""
""
""
""
""
""
""
""
""
""
""
""
""
""
""
""
""
""
""
""
""
""
""
""
""
""
""
""
""
""
""
""
""
""
""
""
""
""
""
""
""
""
""
""
""
""
""
""
""
""
""
""
""
""
""
""
""
""
""
""
""
""
""
""
""
""
""
""
""
""
""
""
""
""
""
""
""
""
""
""
""
""
""
""
""
""
""
""
""
""
""
""
""
""
""
""
""
""
""
""
""
""
""
""
""
0.3164117
""
""
""
""
""
""
""
""
""
""
""
""
""
""
""
""
""
""
""
""
""
""
""
""
""
""
""
""
""
""
""
""
""
""
""
""
""
""
""
""
""
""
""
""
""
""
""
""
""
""
""
""
""
""
""
""
""
""
""
""
""
""
""
""
""
""
""
""
""
""
""
""
""
""
""
""
""
""
""
""
""
""
""
""
""
""
""
""
""
""
""
""
""
""
""
""
0.64064407
0.74156857
""
""
""
""
""
""
""
""
""
""
""
""
""
""
""
""
""
""
""
""
""
""
""
""
""
""
0.55130947
0.6295175
0.92680269
0.9805035
""
""
""
""
""
""
""
""
""
""
""
""
""
""
""
1.4598674
""
""
""
""
""
""
""
""
""
""
""
""
""
""
""
""
""
""
""
""
""
""
""
""
""
""
""
1.0546408
""
""
""
1.0537053
0.97110373
""
""
""
""
""
""
""
""
""
""
""
""
""
""
""
""
""
""
""
""
""
""
""
""
""
""
""
""
""
""
""
""
""
""
""
""
""
""
""
""
""
""
""
""
""
""
""
""
""
""
""
""
""
""
""
""
""
""
""
""
""
""
""
""
1.3523598
""
""
""
""
""
""
""
""
""
""
""
""
""
""
""
""
""
""
""
""
""
""
""
""
""
""
""
""
""
""
""
""
""
""
""
""
""
""
""
""
""
""
""
""
""
""
""
""
""
""
""
""
""
""
""
""
""
""
""
""
""
""
""
""
""
""
""
""
""
""
""
""
""
""
""
""
""
""
""
""
""
""
""
""
""
""
""
""
""
""
""
""
""
""
""
""
""
""
""
""
""
""
""
""
""
""
""
""
""
""
""
""
""
""
""
""
""
""
""
""
""
""
""
""
""
""
""
""
1.0841163
""
""
""
""
""
""
""
""
""
""
""
""
""
""
""
""
""
""
""
""
""
""
""
""
""
""
""
""
""
""
""
""
""
0.77851856
""
""
""
""
""
""
""
""
""
""
""
""
""
""
""
""
""
""
""
""
""
0.36102548
""
""
""
""
""
""
""
""
""
""
""
""
""
""
""
""
""
""
""
""
""
""
""
""
""
""
""
""
""
""
0.47005036
0.89722967
0.82745409
0.039717842
0.8156659
0.57185405
""
""
""
""
""
""
""
""
""
""
""
""
""
""
""
""
""
""
""
""
""
0.53266299
""
0.62618679
""
0.56341529
0.62156594
0.68665969
0.71632159
""
""
""
""
""
""
""
""
""
""
""
""
""
""
""
""
""
""
""
""
""
""
""
""
""
""
""
""
""
""
""
0.097322978
""
""
""
""
""
""
""
""
""
""
""
""
1.2050283
""
""
""
""
""
0.43312329
""
""
""
""
""
""
""
""
0.80788517
1.2102098
""
""
""
""
0.74259597
1.0805056
0.48585138
""
0.77048677
""
""
""
0.86355346
0.42426574
0.60552335
""
0.56241423
""
""
""
""
""
""
""
""
""
""
""
""
""
""
""
""
""
""
""
""
""
""
0.5674749
""
""
0.6321407
""
""
""
""
""
""
""
""
""
""
""
""
""
""
""
""
""
""
""
""
""
""
""
""
""
""
""
""
""
""
0.48201501
""
""
""
""
""
0.85652888
0.75646263
""
""
""
""
0.39558491
""
""
""
""
""
""
""
""
""
""
""
""
""
""
""
""
""
""
""
""
""
""
""
""
""
""
0.81212848
1.0024481
0.56769848
""
""
0.79340166
0.41980293
""
""
0.23503418
""
""
""
""
0.91111207
""
""
1.0349994
""
0.42662853
0.70117611
0.73192811
""
0.92732072
""
""
""
0.21601482
""
""
0.53732407
0.49095044
0.21305767
""
""
""
""
""
""
""
""
""
""
""
""
""
""
""
""
""
""
""
""
""
""
""
""
""
""
""
""
""
""
""
""
""
""
""
""
""
""
""
""
1.4268383
""
""
""
""
""
""
""
""
""
""
""
""
""
""
0.80665684
""
""
""
""
""
""
""
""
""
""
""
""
""
""
""
""
""
""
""
""
""
""
""
""
""
""
""
""
""
""
""
1.2907875
""
""
""
""
""
""
""
""
""
""
""
""
""
""
0.29915357
0.54849219
0.2941069
""
""
""
""
0.8216483
-0.19117546
""
0.70300525
0.65417093
0.70244157
0.37198433
0.7836442
0.45444793
""
0.39630905
""
""
""
""
""
""
0.86121994
""
""
""
""
""
""
""
""
""
""
""
""
""
""
""
""
""
""
""
""
""
""
""
""
""
""
""
-0.0063516432
0.40991339
0.4141826
""
""
""
""
""
""
""
""
""
""
""
""
0.513722
""
0.26273739
""
""
""
""
""
""
""
""
""
""
""
""
""
""
""
""
""
""
""
""
""
""
""
""
""
""
""
""
""
""
0.66301864
""
0.38369823
0.29830626
""
""
""
""
""
""
""
""
""
""
""
""
""
""
""
""
""
""
""
""
""
""
""
""
""
""
0.82409257
""
""
""
""
""
""
0.55355614
""
""
""
""
""
""
""
""
""
""
""
""
""
""
""
""
""
""
""
""
""
""
""
""
0.3156642
0.71887928
0.5105114
0.96983635
0.49177173
0.51421916
0.37242928
""
0.54438293
0.5487752
0.48946264
0.72636247
""
""
0.71851587
0.61344117
0.36560312
0.63171351
0.7119875
""
""
""
""
""
0.6317299
0.27692333
0.89258653
0.68198484
0.5547756
0.55650347
""
0.75662482
""
""
""
""
0.77166319
0.65453976
""
""
""
""
""
""
""
""
""
""
0.77893192
0.75015944
0.73219013
0.73636878
0.32588226
""
0.45438862
""
""
""
""
""
""
""
""
""
""
0.72128505
0.70070946
0.58345062
""
""
0.62356693
""
""
""
""
""
""
0.55038202
0.29376158
""
""
""
""
""
""
0.69778943
""
""
""
""
""
""
""
0.90557057
0.55541116
""
0.60365367
""
0.48953113
""
0.51431024
""
1.0019463
""
0.70930725
1.0531436
""
""
0.68114167
""
""
""
""
""
""
0.69497901
""
""
""
""
""
0.69676292
""
""
""
0.5646922
""
""
""
""
0.51867419
""
0.46273997
""
""
0.45659816
""
""
""
""
""
""
""
""
""
""
""
""
""
""
""
""
""
""
0.7063334
""
""
""
""
""
""
""
""
""
""
""
""
""
""
""
""
""
""
0.58085692
""
""
""
""
""
""
""
0.58897412
""
""
""
""
""
""
""
""
""
""
""
""
""
0.50119668
""
""
""
""
1.1345036
""
""
""
""
""
""
""
""
""
1.0716832
0.35712689
0.60937613
0.46987429
0.29527673
""
""
0.22923629
0.32245833
""
""
""
""
""
0.69947201
""
""
""
""
0.52071363
0.64421624
0.75632262
0.84433275
0.88397062
""
""
""
""
""
""
""
""
0.5769943
""
""
""
""
""
""
""
""
""
""
""
""
""
""
""
""
""
""
""
""
""
""
""
""
""
""
0.69741106
""
""
""
""
""
""
""
""
""
-0.0085427836
""
""
""
""
""
""
""
""
""
""
""
""
""
""
""
""
""
""
""
""
""
""
""
""
""
""
""
""
""
""
""
""
0.59627992
""
0.54215646
0.21253476
0.62096715
0.55804968
0.56405026
0.7162683
1.0235859
""
""
""
""
""
""
""
""
""
""
""
""
0.63110101
""
0.74463093
""
""
""
""
""
""
""
0.48221043
0.388403
""
""
""
""
""
""
""
""
""
0.47373915
0.57983422
0.83394706
0.70592964
0.70010889
0.82911724
1.0548813
""
""
""
""
""
0.44546556
0.56352192
0.50260478
0.49883798
0.39711666
""
""
""
""
0.31266674
""
""
0.82924408
0.58909464
""
""
""
""
0.56143165
0.83946574
-0.096005328
""
0.74639815
0.098693363
0.14896832
0.12901807
0.80129957
0.54520822
""
0.88971424
0.31344756
""
0.12565713
0.66626173
""
0.30558127
0.56890512
0.85025007
0.38107425
0.84628731
0.48619503
0.64796716
0.32992572
0.32985365
0.25987437
0.86148071
0.62500077
0.91862023
""
""
0.68054795
""
""
0.46708065
0.13776259
0.34597909
""
0.97253937
0.69722998
0.94413686
0.77649403
""
""
""
""
""
""
""
0.72067833
0.70660752
0.57836562
0.71080428
0.78850305
""
0.59260356
0.84142631
0.652179
0.71870887
0.84037846
0.41372618
""
0.64055836
0.40037185
""
""
""
""
""
""
""
""
""
""
""
0.64515173
""
""
""
""
""
0.62714338
0.61434191
0.66924447
""
""
""
""
""
""
""
""
""
""
""
""
""
""
0.60771382
0.43573812
""
""
""
""
""
""
0.84919262
0.6125347
0.49828914
0.66419894
0.3959184
0.43758678
1.0126411
0.095402643
""
0.61485815
0.60830963
0.6567114
0.40795469
0.23877907
0.71879661
""
""
""
""
0.38750315
""
0.84070337
0.80868775
1.0841203
""
""
0.77259749
0.70421034
""
0.69648141
0.91618615
0.53286821
0.68416655
0.19070554
""
""
0.53167182
""
""
""
""
0.69685465
0.68274897
0.823259
0.69945747
""
1.0680478
""
""
""
""
0.419292
""
""
""
""
""
""
0.39329264
""
""
""
0.12939067
0.68554366
""
""
""
""
""
""
""
""
""
""
""
""
""
""
""
""
""
""
""
""
""
0.24601503
""
""
""
""
""
""
""
0.67816728
0.77948105
0.61421907
0.71815169
""
0.85690022
0.29016501
0.60812098
0.33776483
0.33991379
0.5092209
0.68246663
""
""
0.73633766
0.58533734
0.67880857
""
0.57647896
0.87567288
""
0.62018144
""
""
0.70611721
""
0.61894107
""
""
0.74665731
""
""
""
0.4583821
""
""
0.71896476
0.78450066
""
""
""
0.52603203
""
0.032315895
""
""
""
""
""
""
""
""
0.66594106
""
0.27810851
""
""
""
""
""
""
""
""
""
""
""
""
""
""
""
""
""
""
""
""
""
""
""
""
""
""
""
""
""
""
""
""
""
""
""
""
""
""
""
""
""
""
""
0.74576539
""
""
""
""
""
""
""
""
""
""
""
""
""
""
""
""
""
""
""
""
""
""
""
""
""
""
""
""
""
""
""
""
""
""
""
""
""
""
""
""
""
""
""
""
""
""
""
""
""
""
""
""
""
""
""
""
""
""
""
""
""
""
""
""
""
""
""
""
""
""
""
""
""
""
""
""
""
""
""
""
""
""
""
""
""
""
""
""
""
""
""
""
""
""
""
""
""
""
""
""
""
""
""
""
""
""
""
""
""
""
""
""
""
""
""
""
""
""
""
""
""
""
""
""
""
""
""
""
""
""
""
""
""
""
""
""
""
""
""
""
""
""
""
""
""
""
""
""
""
""
""
""
""
""
0.71719462
""
0.56860071
0.69582242
""
""
""
""
""
""
""
""
""
""
""
""
""
""
""
""
""
""
""
""
""
""
""
""
""
""
""
""
""
""
""
""
""
""
""
""
""
""
""
""
""
""
""
""
""
""
""
""
""
""
""
""
""
""
""
""
""
""
""
""
""
""
""
""
""
""
""
""
""
""
""
""
""
""
""
""
""
""
0.16671053
""
""
""
""
""
""
""
""
""
""
""
""
""
""
""
""
""
""
""
""
""
""
""
""
""
""
""
""
""
""
""
""
""
""
""
""
""
""
""
""
""
""
""
""
""
""
""
""
""
""
""
""
""
""
""
""
""
""
""
""
""
""
""
""
""
""
""
""
""
""
""
""
""
""
""
""
""
""
""
""
""
""
""
""
""
""
""
""
""
""
""
""
""
""
""
""
""
""
""
""
0.78621495
""
""
""
""
""
""
""
""
""
""
""
""
""
""
""
""
""
""
""
""
""
""
""
""
""
""
""
""
""
""
""
0.69646806
0.3108086
0.14092278
""
0.1055873
0.6335687
""
""
0.42999101
""
""
0.81806034
""
""
""
""
""
""
""
""
""
""
""
""
""
""
""
""
""
""
""
""
""
""
""
""
""
""
""
""
""
""
""
""
""
""
""
""
""
""
""
""
""
""
""
""
""
""
""
""
""
""
""
""
""
""
""
""
""
""
""
""
""
""
""
""
""
""
""
""
""
""
""
""
""
""
""
""
""
""
""
""
""
""
""
""
""
""
""
""
""
""
""
""
""
""
""
""
""
""
""
0.40671089
""
""
""
""
""
""
""
""
""
""
""
""
""
""
""
""
""
""
""
""
""
""
""
""
""
""
""
""
""
""
""
""
""
""
""
""
""
""
""
""
""
""
""
""
""
""
""
""
""
""
""
""
""
""
""
""
""
""
""
""
""
""
""
""
""
""
""
""
""
""
""
""
0.78867501
""
""
""
""
0.92433369
""
""
""
""
""
""
""
""
""
""
""
0.48655519
""
""
""
""
""
""
""
""
""
""
""
""
""
""
""
""
""
""
""
""
""
""
""
""
""
""
""
""
""
""
""
""
""
""
""
""
""
""
""
""
""
""
""
""
""
""
""
""
""
""
""
""
""
""
""
""
""
""
""
""
""
""
""
""
""
""
""
""
""
""
""
""
""
""
""
""
""
""
""
""
""
""
""
""
""
""
""
""
""
""
""
""
""
""
""
""
""
""
""
""
""
""
""
""
""
""
""
""
""
""
""
""
""
""
""
""
""
""
""
""
""
""
""
""
""
""
""
""
""
""
""
""
""
""
""
""
""
""
""
""
""
""
""
""
""
""
""
""
""
""
""
""
""
""
""
""
""
""
""
""
""
""
""
""
""
""
""
""
""
""
""
""
""
""
""
""
""
""
""
""
""
""
""
""
""
""
""
""
""
""
""
""
""
""
""
""
""
""
""
""
""
""
""
""
""
""
""
""
""
""
""
""
""
""
""
""
""
""
""
""
""
""
""
""
""
""
""
""
""
""
""
""
""
""
""
""
""
""
""
""
""
""
""
""
""
""
""
""
""
""
""
""
""
""
""
0.27029577
""
""
""
""
""
""
""
""
""
""
""
""
""
""
""
""
""
""
""
""
""
""
""
""
""
""
""
""
""
""
""
""
""
""
""
""
""
""
""
""
""
""
""
""
""
""
""
""
""
""
""
""
""
""
""
""
""
""
""
""
""
""
""
""
""
""
""
""
""
""
""
""
""
""
""
""
""
""
""
""
""
""
""
""
""
""
""
""
""
""
""
""
""
""
""
""
""
""
""
""
""
""
""
""
""
""
""
""
""
""
""
""
""
""
""
""
""
""
""
""
""
""
""
""
""
""
""
""
""
""
""
""
""
""
""
""
""
""
""
""
""
""
""
""
""
""
""
""
""
""
""
""
""
""
""
""
""
""
""
""
""
""
""
""
""
""
""
""
""
""
""
""
""
""
""
""
""
""
""
""
""
""
""
""
""
""
""
""
""
""
""
""
""
""
""
""
""
""
""
""
""
""
""
""
""
""
""
""
""
""
""
""
""
""
""
""
""
""
""
""
""
""
""
""
""
""
""
""
""
""
""
""
""
""
""
""
""
""
""
""
""
""
""
""
""
""
""
""
""
""
""
""
""
""
""
""
""
""
""
""
""
""
""
0.63921535
""
""
""
""
""
""
""
""
""
""
""
""
""
""
""
""
""
""
""
""
""
""
""
""
""
""
0.83546525
""
""
""
""
""
""
""
""
-0.28321385
0.19728249
""
0.77729464
""
""
-0.065603271
""
0.78740144
0.836564
""
""
""
""
""
""
""
""
""
""
""
""
""
""
""
""
""
""
""
""
""
""
""
""
""
""
""
""
""
""
""
""
""
""
""
""
""
""
""
""
""
""
""
""
""
""
""
""
""
0.88531756
0.54354
""
""
""
""
""
""
""
0.98621553
""
""
""
""
""
""
""
""
""
""
""
""
""
""
""
""
""
""
""
""
""
""
""
""
""
""
""
""
""
""
""
""
""
""
""
""
""
""
""
""
""
""
""
""
""
""
""
""
""
""
""
""
""
""
""
""
""
""
""
""
""
""
""
""
""
""
""
""
""
""
""
""
""
""
""
""
""
""
""
""
""
""
""
""
""
""
""
""
""
""
""
""
""
""
""
""
""
""
""
""
""
""
""
""
""
""
""
""
""
""
""
""
""
""
""
""
""
""
""
""
""
""
""
""
""
""
""
""
""
""
""
""
""
""
""
0.43077192
""
""
""
""
""
""
""
""
""
""
""
""
""
""
""
""
""
""
""
""
""
""
""
""
""
""
""
""
""
""
""
""
""
""
""
""
""
""
""
""
""
""
""
""
""
""
""
""
""
""
""
""
""
""
""
""
""
""
""
""
""
""
""
""
""
""
""
""
""
""
""
""
""
""
""
""
""
""
""
""
""
""
""
""
""
""
""
""
""
""
""
""
""
""
""
""
""
0.5422157
0.70064205
""
0.82796717
0.55525571
""
0.44063079
""
0.4408153
0.5157904
0.66746593
0.34059966
0.64917278
0.36591458
0.30422536
0.44458058
0.52962816
0.67324436
0.55778474
""
-0.1342762
0.41528016
0.6778937
""
""
0.87368733
0.75422156
0.51711202
0.20671673
0.90165734
0.68619716
0.33741176
0.38646713
""
""
""
""
""
""
0.69959295
""
""
""
""
""
0.49574399
""
0.71769524
""
""
0.83536339
""
""
0.87637627
0.40219373
""
""
""
""
""
""
""
""
""
""
""
""
""
""
""
""
""
""
0.60123593
0.26106793
0.72798866
0.062938921
0.11619136
0.071289025
0.80157655
0.67447537
0.3637543
0.3861337
0.32801363
""
""
""
""
""
0.76087308
""
""
""
""
""
""
""
""
""
""
0.8569538
0.21411942
""
0.61530143
""
""
1.0214903
0.71414232
0.48593584
0.52859092
1.0550731
0.83102196
0.53656733
0.84980971
0.74672222
0.6665737
""
""
0.6862461
""
""
""
""
""
""
""
""
""
""
""
""
""
""
""
0.58498341
""
""
""
""
""
""
""
""
""
0.5123089
""
""
""
""
""
""
""
""
""
""
""
0.36707246
""
""
""
""
""
""
""
""
""
""
""
""
""
""
""
""
""
""
""
""
""
""
""
""
""
""
""
""
""
""
""
""
""
""
""
""
""
""
""
""
""
""
""
""
""
""
""
""
""
""
""
""
""
""
""
""
""
""
""
""
""
""
""
""
""
""
""
""
""
""
""
""
""
""
""
""
""
""
""
""
""
""
""
""
""
""
""
""
""
""
""
""
""
""
""
""
0.69497728
0.54922909
""
0.29403356
""
""
""
""
""
""
""
""
""
""
""
""
""
""
""
""
""
""
""
""
""
""
""
""
""
""
""
""
""
""
""
""
""
""
""
""
""
""
""
""
""
""
""
""
""
""
""
""
""
""
""
""
0.93788767
""
""
""
""
""
""
""
""
""
""
""
""
""
""
""
""
""
""
""
""
""
""
""
""
""
""
""
""
""
""
""
""
""
-0.25962985
""
""
""
""
""
""
""
1.0563794
0.4739919
0.63440669
""
""
""
""
""
""
""
""
""
""
""
""
""
""
""
""
""
""
""
""
""
""
""
""
""
""
""
""
""
""
""
""
""
""
""
""
""
""
""
""
""
""
""
""
""
""
""
""
""
""
""
""
""
""
""
""
""
""
""
""
""
""
""
""
""
""
""
""
""
""
""
""
""
""
""
""
""
""
""
""
""
""
""
""
""
""
""
""
""
""
""
""
""
""
""
""
""
""
""
""
""
""
""
""
""
""
""
""
""
""
""
""
""
""
""
""
""
""
""
""
""
""
""
""
""
""
""
""
""
""
0.17340481
""
""
""
""
""
""
""
""
""
""
""
""
""
""
""
""
""
""
""
""
""
""
""
""
""
""
""
""
""
""
""
""
""
""
""
""
""
""
""
0.73474795
""
""
""
0.26173323
""
0.8470462
""
""
""
""
""
""
""
1.0134096
""
0.71657842
""
0.82547641
""
0.55251789
""
""
""
""
""
""
""
""
""
""
""
""
""
""
""
""
""
""
""
""
0.81283563
0.32760167
""
0.767627
""
""
""
""
""
""
""
""
""
""
""
""
""
""
""
""
""
""
""
""
""
""
""
""
""
""
""
""
""
""
""
""
""
""
""
""
""
0.51844835
""
""
""
""
""
""
""
""
""
""
""
""
""
""
""
""
""
""
""
0.8175776
""
""
""
""
""
""
""
0.86022961
""
0.75795239
""
0.78789222
""
0.71789783
0.79632425
0.83002925
""
0.7075128
0.71653867
""
""
0.43633187
""
""
0.78062332
""
""
""
""
""
""
""
""
""
""
0.93458933
""
""
""
""
""
""
""
""
""
""
""
""
""
""
""
""
""
""
""
""
""
""
""
""
""
""
""
""
""
""
""
""
""
""
""
""
""
""
""
""
""
""
""
""
""
""
""
""
""
""
""
""
""
""
""
""
""
""
""
""
""
""
""
""
""
""
0.59117091
0.63219792
""
0.92357951
0.41647106
0.50970709
""
""
""
""
""
""
""
""
""
""
""
""
""
""
""
""
""
""
""
""
""
""
""
""
""
""
""
""
""
""
""
""
""
""
""
""
""
""
""
""
""
""
""
""
""
""
""
""
""
""
""
""
""
""
""
""
""
""
""
""
""
""
""
""
""
""
""
""
""
""
""
""
""
""
""
""
""
""
""
""
""
""
""
""
""
""
""
""
""
""
""
""
""
""
""
""
""
""
""
""
""
""
""
""
""
""
""
""
""
""
""
""
""
""
""
""
""
""
""
""
""
""
""
""
""
""
""
""
""
""
""
""
""
""
""
""
""
""
""
""
0.077766977
""
""
""
""
""
""
""
""
""
""
""
""
""
""
""
""
""
""
""
""
""
""
""
""
""
""
""
""
""
""
""
""
""
""
""
""
""
""
""
""
""
""
""
""
""
""
""
""
""
""
""
""
""
""
""
""
""
""
""
""
""
""
""
""
""
""
""
""
""
""
""
""
""
""
""
""
""
""
""
""
""
""
""
""
""
""
""
""
""
""
""
""
""
""
""
""
""
""
""
""
""
""
""
""
""
""
""
""
""
""
""
""
""
""
""
""
""
""
""
""
""
""
""
""
""
""
""
""
""
""
""
""
""
""
""
""
""
""
""
""
""
""
""
""
""
""
""
""
""
""
""
""
""
""
""
""
""
""
""
""
""
""
""
""
""
""
""
""
""
""
""
""
""
""
""
""
""
""
""
""
""
""
""
""
""
""
""
""
""
""
""
""
""
""
""
""
""
""
""
""
""
""
""
""
""
""
""
""
""
""
""
""
""
""
""
""
""
""
""
""
""
""
""
""
""
""
""
""
""
""
""
""
""
""
""
""
""
""
""
""
""
""
""
""
""
""
""
""
""
""
""
""
""
""
""
""
""
""
""
""
""
""
""
""
""
""
""
""
""
""
""
""
""
""
""
""
""
""
""
0.56111151
0.61789614
""
""
""
""
0.57582635
""
""
""
""
""
""
""
""
""
""
""
""
""
""
""
""
""
""
""
""
""
0.81728911
""
0.87406218
0.32675362
""
""
""
""
""
""
""
""
""
""
""
""
""
""
""
""
""
""
""
""
""
""
""
""
""
""
""
0.52768779
0.38966399
""
0.51971978
""
""
""
0.93916565
""
""
0.25218663
0.55756438
0.84098905
""
0.57334459
""
0.74381161
""
""
""
""
""
""
""
""
""
0.87269652
""
""
""
""
""
""
""
0.83146858
""
""
""
""
""
""
""
""
""
""
""
""
""
0.58151263
""
""
""
""
""
""
""
""
""
""
""
""
""
""
""
""
""
""
""
""
""
""
""
""
""
""
""
""
""
""
""
""
""
""
""
""
""
""
""
""
""
""
""
""
""
""
""
""
0.27180779
""
""
""
""
""
""
""
""
""
""
""
""
""
""
""
""
""
""
""
""
""
""
""
""
""
""
""
""
""
""
""
""
""
""
""
""
""
""
0.49089131
""
""
""
""
""
0.93308473
""
""
""
""
""
""
""
""
""
""
""
""
""
""
""
""
""
""
""
""
""
""
""
""
""
""
""
""
""
""
""
""
""
""
""
""
""
""
""
""
""
""
""
""
""
""
""
""
""
0.51025969
""
""
""
""
""
""
""
""
""
""
""
""
""
""
""
""
""
""
""
""
""
""
""
""
""
""
""
""
""
""
""
""
""
""
""
""
""
""
""
""
""
""
""
""
""
""
""
""
""
""
""
""
""
""
""
""
""
""
""
""
""
""
""
""
""
""
""
""
""
""
""
""
""
0.83269227
""
""
""
""
""
""
""
""
""
""
""
""
""
""
""
""
""
""
""
""
""
""
""
""
""
""
""
""
""
""
""
""
""
""
""
""
""
""
""
""
""
""
""
""
""
""
""
""
""
""
""
""
""
""
0.53544188
""
""
""
""
""
""
""
""
""
""
""
""
""
""
""
""
""
""
""
""
""
""
""
""
0.54493803
""
""
""
""
0.83118159
0.80686742
""
""
""
""
""
""
""
""
""
""
0.9137429
""
""
""
""
""
""
""
""
""
""
""
""
""
0.41444612
0.31317323
0.5536173
""
""
""
""
""
""
""
""
""
""
""
""
""
""
""
""
""
""
""
""
""
""
""
""
""
""
""
""
""
""
""
""
""
""
""
""
""
""
""
""
""
""
""
""
""
""
""
""
""
""
""
""
""
""
""
""
""
""
""
""
""
""
0.79025084
""
""
""
""
""
""
""
""
0.072609715
""
""
0.86477888
0.22146313
0.67894936
""
""
""
""
""
""
0.65987164
""
0.58205974
""
""
""
""
""
""
""
""
""
""
""
""
""
""
""
""
""
""
""
""
""
""
""
""
""
""
""
""
""
""
""
0.63479292
""
""
""
""
""
""
""
""
""
""
""
""
""
""
""
""
""
""
""
""
""
""
""
""
""
""
""
""
0.56065804
0.64514059
""
0.88209891
""
""
""
0.66792828
""
0.93725091
0.25999758
0.92208433
""
""
0.57810128
""
""
""
0.61566484
""
""
""
0.66913915
0.27455404
0.73101509
""
0.70382768
""
""
""
""
""
""
""
0.70067519
0.67311454
""
""
0.70976293
0.65702146
""
0.5225352
0.69112313
0.80463284
0.71785778
0.51631469
""
""
""
0.23761198
0.66404587
0.71324676
0.61129457
""
""
""
""
0.54754907
""
""
0.67436773
0.64142466
0.76337904
0.7569018
0.39264762
0.45949319
0.50366449
0.60910809
""
0.29336634
0.8407914
""
0.92660779
0.5637657
0.16504692
0.78442073
0.70286864
0.70077103
0.75903559
0.56173491
0.39345267
0.58040178
0.65601903
1.0041991
0.47671857
""
0.89541638
0.7950924
""
""
""
""
0.76494706
0.55213118
0.67725587
0.906528
0.92517948
1.1797913
1.3272014
0.84326756
0.91883111
0.76709938
""
0.61110121
""
0.71919262
""
0.7030459
0.93053085
0.75331402
""
""
0.82088989
""
0.6798988
""
""
""
""
""
""
0.55501276
""
""
""
0.52136952
""
""
""
0.8524757
0.76245034
0.76684874
""
""
""
0.59884429
0.50433409
""
0.43389985
0.85717696
0.79706573
0.59621823
""
""
""
""
0.43366545
0.66592902
0.68279833
0.65191513
0.5714519
0.96797794
0.38599229
0.43325844
0.82093841
0.67390895
0.35243127
0.34616369
0.81492728
0.44216812
1.0032818
0.62419647
0.59761375
""
0.72563845
0.56806964
0.74498051
0.81565636
0.48781392
0.2872445
0.66061264
1.072625
0.63156188
0.74574542
""
""
0.78248417
0.49974597
0.65665287
0.49476725
0.77535617
0.43463019
0.73951364
0.31490159
0.51678729
0.84092826
0.81288075
0.51242119
0.4516719
""
""
0.52839243
0.61668366
0.28120813
0.85893166
0.72059679
0.7046029
0.52647638
0.55879754
0.46834013
0.3306253
0.8792206
0.9914825
0.73785263
0.64969808
0.75518179
0.52706689
0.77936375
0.74682444
""
""
""
""
""
""
0.85085058
""
""
""
""
""
""
""
""
""
""
""
""
""
""
""
""
""
""
""
""
""
""
""
""
0.51658386
""
""
""
""
0.52981055
""
""
""
""
""
""
0.76806313
0.62862068
""
0.74778199
0.86689776
""
""
""
""
""
""
""
""
""
""
""
""
""
""
""
""
""
""
""
""
0.43960968
""
""
""
""
""
""
""
""
""
""
""
""
""
""
0.78661656
""
""
""
""
""
""
""
""
""
0.59688723
""
""
""
""
""
""
""
""
""
""
""
""
""
""
""
""
""
""
""
""
""
0.27403164
""
""
""
""
""
""
""
""
""
""
""
""
0.92912138
""
""
""
""
""
""
""
""
""
""
""
""
""
""
""
""
""
""
""
""
""
""
""
""
""
""
""
""
""
""
""
""
""
""
""
""
""
""
""
""
""
""
""
""
""
""
""
""
""
""
""
""
""
""
""
""
""
""
""
""
0.67904156
0.28619969
""
0.38066059
""
""
0.98314571
""
0.77565342
0.59621501
0.60893589
0.4747881
1.1191645
""
0.48494256
""
""
0.8763417
0.44374979
0.46973073
0.57054693
1.5616463
0.80187941
0.72760332
1.005989
0.59657001
0.58333069
0.7666437
0.50659335
0.52070296
0.84716314
0.90591073
0.55303574
0.89076447
0.28112668
0.77526164
0.88022894
0.41216692
0.73271483
0.37674642
0.97940028
0.31349722
""
1.0297815
0.74785119
0.44013196
1.2378973
""
""
0.43639055
""
0.31263906
0.99124062
0.97348154
1.0631847
""
""
""
""
0.7954312
0.71670991
0.50625074
0.5446412
0.89613396
""
0.5739466
0.73690003
""
""
""
""
""
""
""
""
""
""
""
""
""
""
""
""
""
""
""
""
""
""
0.76886904
""
""
""
""
""
""
""
""
""
""
""
""
""
""
""
""
""
""
""
""
""
""
""
""
""
""
""
""
""
""
""
""
""
""
""
""
""
""
""
""
""
""
""
""
""
""
""
""
""
""
""
""
""
""
""
""
""
""
""
""
""
""
""
""
""
""
""
""
""
""
""
""
""
""
""
""
""
""
""
""
""
""
""
""
""
""
""
""
""
""
""
""
""
""
0.7950266
""
""
""
""
""
0.52044457
""
""
""
""
""
""
""
""
""
""
""
""
""
""
""
""
""
""
""
""
""
""
""
""
""
""
""
""
""
""
""
""
""
""
""
""
""
""
""
""
""
""
""
""
""
""
""
""
""
""
""
""
""
""
""
""
""
""
""
""
""
""
""
""
""
""
""
""
""
""
""
""
""
""
""
""
""
""
""
""
""
""
""
""
""
""
""
""
""
""
""
""
""
""
""
""
""
""
""
""
""
""
""
""
""
""
""
""
""
""
""
""
""
""
""
""
""
""
""
""
""
""
""
""
""
""
""
""
""
""
""
""
""
""
""
""
""
""
""
""
""
""
""
""
""
""
""
""
""
""
""
""
""
""
""
""
""
""
""
""
""
""
""
""
""
""
""
""
""
""
""
""
""
""
""
""
""
""
""
""
""
""
""
""
""
""
""
""
""
""
""
""
""
""
""
""
""
""
""
""
""
""
""
""
""
""
""
""
""
""
""
""
""
""
""
""
""
""
""
""
""
""
""
""
""
""
""
""
""
""
""
""
""
""
""
""
""
""
""
""
""
""
""
""
""
""
""
""
""
""
""
""
""
""
""
""
""
""
""
""
""
""
""
""
""
""
""
""
""
""
""
""
""
""
""
""
""
""
""
""
""
""
""
""
""
""
""
""
""
""
""
""
""
""
""
""
""
""
0.37059262
""
""
0.79038614
""
""
0.62720394
""
""
""
""
""
""
""
""
""
""
""
""
""
""
1.059736
""
0.49759236
""
""
""
""
""
""
""
""
""
""
""
""
""
""
""
""
""
""
""
""
""
""
""
""
""
""
""
""
""
""
""
""
""
""
""
""
""
""
""
""
""
0.73683232
""
""
""
0.93756831
""
""
""
""
0.36219838
""
0.53613311
0.42697725
-0.1169241
""
0.91869056
0.3294889
0.065076694
0.757828
""
0.31076968
""
""
""
""
""
""
0.98629302
0.66865695
""
""
""
""
""
""
""
""
""
""
""
""
""
""
""
""
""
""
""
""
""
""
""
""
""
""
""
-0.0032971464
""
0.84279746
0.61516148
""
""
0.42932016
0.67624128
0.45402816
0.8346259
0.38317257
""
""
0.65337849
1.2460641
0.64875591
0.22097078
0.5021652
0.98360789
0.64964199
0.91752434
0.48476553
0.40770406
0.24304187
0.51373529
0.72174221
0.94484907
0.81099647
0.43231431
0.37443683
1.3440713
""
""
""
""
""
""
""
""
""
""
""
""
""
0.57319063
0.94593245
""
""
""
""
""
""
""
""
""
""
""
""
""
""
""
""
""
""
""
""
""
""
""
""
""
""
""
""
""
""
""
""
""
""
""
0.67994303
0.52058166
0.71954024
0.74897677
0.46062979
0.49799508
0.72073162
0.79017377
0.47525945
0.27908167
0.47396189
0.98717141
0.3570655
0.63750392
0.72065765
0.52908951
0.85959047
0.68802726
0.8174718
0.84473169
""
""
0.8169418
0.74703538
0.92074442
1.1634361
0.41971964
""
""
0.38058242
""
0.80516762
""
""
""
0.6088751
""
""
""
""
0.39212948
""
0.81941551
0.36007398
""
""
0.38570637
0.64959866
""
0.54990077
0.36907774
0.2791335
0.79624611
0.67442751
""
0.83479118
""
""
""
""
""
""
""
""
""
""
""
""
""
""
""
""
""
""
""
""
""
""
""
""
""
""
""
""
""
""
""
""
""
""
""
0.40423024
0.47528917
0.63186026
""
0.78574091
0.59903336
0.88476354
0.77712262
0.65787446
0.54307443
0.73445576
0.88769501
0.93202984
0.73170537
0.67573798
0.80040514
0.67357677
1.0203133
0.56296992
0.73446715
0.75925463
0.95478761
0.679721
""
0.49467108
0.75491661
0.76130593
0.75239849
0.51000655
0.41136762
0.7829715
0.75465417
0.54028505
""
0.37155184
0.61980516
""
""
""
""
0.63735145
""
""
""
0.36907819
""
0.57082695
1.3105299
0.34527737
0.71650267
""
0.44572288
0.62322813
1.2573251
""
0.38228828
0.86632794
0.59044296
0.46194825
0.20881964
0.55784345
""
0.65532333
0.29519466
0.58220905
0.39057893
0.69268906
0.33670551
0.068773746
0.62917858
""
""
""
0.78751838
""
0.73564231
0.53106076
""
""
""
""
""
""
""
""
""
""
""
""
""
""
""
""
""
""
""
""
""
""
""
""
""
""
""
""
""
""
""
0.34851703
""
""
""
0.66713923
0.35383362
""
""
""
""
""
""
""
""
0.50228339
""
""
""
""
""
""
""
""
""
0.39761654
""
""
""
""
""
""
""
""
""
0.54158109
0.74207729
0.44437665
0.21611874
""
0.88027805
-0.12680478
0.29947525
0.6921193
0.52113348
0.55585766
0.39244062
""
0.95692605
0.99695051
0.24635746
0.66627103
0.77163279
0.65468168
0.70873576
0.56588173
0.51752537
0.87231141
""
""
""
""
""
""
""
""
""
""
""
""
""
""
""
""
""
""
""
""
""
""
""
""
""
""
""
""
""
""
""
""
""
""
""
""
0.50385946
""
0.75317842
""
0.54657459
""
""
""
""
""
""
""
""
0.96297443
""
""
""
""
""
""
""
""
""
""
""
""
""
""
""
""
""
""
""
1.2674466
0.75520998
1.1153665
""
""
""
""
""
""
""
""
""
""
""
""
""
""
""
""
""
""
""
""
""
""
""
""
""
""
""
""
""
""
""
""
""
""
""
""
""
""
0.80553919
""
""
0.81025684
""
0.79966724
0.4724845
0.12256446
""
1.1001396
""
""
0.82523006
0.63869137
0.43224034
-0.088479884
0.47084481
0.42450681
""
0.89202255
0.08149869
1.3197112
""
""
""
0.89616317
""
""
""
""
""
0.87842208
""
0.3923724
0.12098549
""
""
""
""
""
-0.056402709
0.98228341
0.88047391
-0.45652753
0.54504424
""
0.30946276
0.84708381
""
""
""
0.7340253
""
""
""
""
""
""
""
""
""
""
""
""
""
""
0.94757944
""
""
""
""
""
""
""
""
""
""
""
""
""
""
""
""
""
""
""
""
""
""
""
""
""
0.90543038
""
""
""
""
""
""
""
""
""
""
""
""
""
""
""
""
""
""
""
""
""
""
""
0.51619536
""
""
1.0497444
1.1248007
0.63814783
""
""
""
""
""
""
""
""
""
""
""
""
""
""
""
""
""
""
""
""
""
""
""
""
""
""
""
""
""
""
""
""
""
""
""
0.49479601
0.6007511
0.8142072
""
0.33293104
""
""
""
""
0.6265673
""
""
""
""
""
""
""
""
""
""
""
""
""
0.19208924
""
""
""
""
""
""
""
""
""
""
""
""
""
""
""
""
""
""
""
""
""
""
""
""
""
""
""
""
""
""
""
""
""
""
""
""
""
""
""
""
""
""
""
""
""
""
""
""
""
""
""
""
""
""
""
""
""
""
""
""
""
""
""
""
""
""
0.51015431
""
""
""
""
""
""
""
""
""
""
""
""
""
""
""
""
""
""
""
""
""
""
""
""
""
""
""
""
""
""
0.94059896
""
""
""
0.86097682
""
""
""
""
""
""
""
""
""
""
""
""
""
""
""
""
""
""
""
""
""
""
""
""
""
""
""
""
""
""
""
""
""
""
""
""
""
""
""
""
""
""
""
""
""
""
""
""
""
""
""
""
""
""
""
""
""
""
""
""
""
""
""
0.52846074
""
0.82773721
0.92177999
""
0.43376136
""
""
""
0.49988326
1.0104173
0.8673836
""
""
0.66394073
""
""
0.88283712
0.72404122
""
""
""
""
""
""
""
""
""
""
""
""
""
""
""
""
""
""
""
""
""
""
""
""
""
""
""
""
""
""
""
""
""
""
""
""
""
""
""
""
""
""
""
""
""
""
""
""
""
""
""
""
""
0.75281399
""
""
""
""
""
""
""
""
0.75461227
""
""
0.45934451
0.91740268
""
""
""
0.36079335
""
""
""
""
""
""
""
""
""
""
""
""
""
""
""
""
""
""
""
""
""
""
""
""
0.82044584
""
""
0.64251328
0.62764728
0.6237573
1.3033164
0.5545361
0.68543321
0.79086888
0.64156431
0.59654337
0.88298589
0.72226518
0.37081885
""
""
""
""
""
""
0.7096951
""
0.069363296
1.0357116
""
""
""
""
""
0.58861947
""
""
""
0.48425189
0.6826362
""
0.38022366
1.0087672
0.85504007
0.83438891
0.28196409
0.74755132
0.82033402
0.45318386
0.26012772
0.82853979
0.63359708
0.6945318
0.89807224
0.85540277
0.5503884
0.57278138
1.0712361
0.27472407
0.026117781
0.066215672
0.58088398
0.53626448
0.70574105
0.51788926
0.32313511
""
0.94931352
0.66584569
0.623348
1.0091854
1.4057988
0.66635746
0.87280935
0.52013397
0.66127408
0.69382411
0.75078505
0.69124132
0.84819257
0.24280728
0.62639749
""
0.48902783
0.95570725
1.0053833
0.87352669
""
""
""
0.90590012
0.58112812
0.78158456
""
0.017027732
0.57576013
0.84650701
0.82144648
0.75653875
0.65829045
0.57231307
0.8913489
""
0.39061943
""
""
""
0.72851276
0.79532099
0.43023929
0.64647192
0.61837816
0.66504776
""
""
""
""
""
0.88059449
0.52760649
0.72547245
0.30854407
0.85655373
""
1.229183
0.80373251
0.55195951
0.72333586
0.7497164
0.8192066
0.88243455
0.7026003
0.35734519
0.75504053
0.85662258
0.30401361
""
0.30797228
1.1257877
0.77407771
""
-0.016765881
""
0.3175965
0.49943179
""
""
""
""
""
""
""
""
""
""
""
""
""
""
0.3069672
""
""
""
""
""
""
""
""
""
""
""
0.52857161
""
0.38896236
0.3792519
0.474406
0.64077473
""
0.66019368
0.6315577
0.73145175
""
0.56179142
0.78931987
""
""
0.62110728
0.50060862
0.62280571
0.95042932
0.52858502
""
""
""
""
""
0.97314227
""
0.43013734
""
""
""
""
""
""
""
""
""
""
""
""
""
""
""
""
""
""
""
0.63481224
""
""
0.99109626
""
0.69536704
0.66889286
""
""
""
""
""
""
0.49821016
1.0297859
""
""
0.65103239
0.99523973
0.77268505
0.37512693
0.72583443
0.57956684
0.66806191
0.55090135
0.32609823
0.63412875
0.46842083
""
""
0.12865888
""
-0.073959842
0.7721141
0.48750386
-0.074908569
1.0960913
""
""
0.73431915
""
1.0419916
""
""
""
""
""
""
""
""
""
""
""
""
""
""
""
""
""
""
""
""
""
""
""
""
""
""
""
""
""
0.51249003
""
0.91807675
0.12588531
""
""
""
""
""
""
""
""
""
""
""
""
""
""
""
""
""
1.1661153
0.26724353
""
""
""
""
""
0.45847037
0.33513582
0.98685592
""
0.51055825
""
""
""
""
""
""
""
""
""
""
""
""
""
""
""
""
""
0.11172751
""
""
""
""
""
0.69897521
0.50151575
""
""
0.48134923
0.96207726
""
""
""
""
""
""
""
0.42455631
0.18783049
0.29659331
""
""
""
""
""
""
""
""
""
""
""
""
""
""
""
""
""
""
""
""
""
""
""
""
""
""
""
""
""
""
""
""
""
""
""
""
0.38325471
""
0.36614281
0.51014155
""
0.35339764
0.94730079
0.64469868
""
""
""
""
""
""
""
""
0.52521831
1.0951236
""
0.50559616
""
""
""
""
0.31604698
""
""
""
""
""
""
""
""
""
""
""
""
""
""
""
""
""
""
""
""
""
""
""
""
""
""
""
""
""
""
""
""
0.90674746
""
""
""
""
""
""
""
""
""
""
""
""
""
""
""
""
""
""
0.48547867
0.6274628
""
""
""
""
""
""
""
""
""
""
""
""
""
""
0.24105549
""
""
""
""
""
""
""
""
""
""
""
""
""
""
""
""
""
""
""
""
""
""
""
""
""
""
""
""
""
""
""
""
""
""
0.76404744
""
""
""
""
""
""
""
""
""
""
""
""
""
""
""
""
""
""
""
""
""
""
""
""
""
""
""
""
""
""
""
""
""
""
""
""
""
""
""
""
""
""
""
""
""
""
""
""
""
""
""
""
""
""
""
""
""
""
""
""
""
""
""
""
""
""
""
""
""
""
""
""
""
""
""
""
""
""
""
""
""
""
""
""
""
""
""
""
""
""
""
""
""
""
""
""
""
""
""
""
""
""
0.46334189
0.53472513
""
0.75845718
""
""
""
""
""
""
""
""
""
""
""
""
""
""
""
""
""
""
""
""
0.82275414
""
""
""
""
""
""
""
""
""
""
""
""
""
""
""
""
""
""
""
""
""
""
""
""
""
""
""
""
""
0.37724417
""
""
0.68744534
0.54987156
""
""
""
""
""
""
""
""
0.48381022
""
""
""
""
""
""
""
""
""
""
""
0.60987371
0.51623726
""
""
""
""
""
""
""
""
""
""
""
""
""
""
""
0.40959996
""
""
""
""
""
0.46654069
""
""
""
0.81483895
""
""
""
""
""
""
""
""
""
""
""
""
""
""
""
""
""
""
""
""
""
""
""
""
""
""
""
""
""
""
""
""
""
""
""
""
""
""
""
""
""
""
""
""
""
""
""
""
""
""
""
""
""
""
""
""
""
""
""
""
""
""
""
""
""
""
""
""
""
""
""
""
""
""
""
""
""
""
""
""
""
""
""
""
""
""
""
""
""
""
""
""
0.65209675
0.61343402
""
0.56047589
0.4982743
""
""
""
""
""
""
""
""
""
""
""
""
""
""
""
""
""
""
""
""
""
""
""
""
""
""
""
""
""
""
""
""
""
""
""
""
""
""
0.42229709
0.43545568
""
0.75337428
0.58443451
""
0.33939767
1.0455678
0.75673193
0.52247328
""
0.28767422
1.0216175
0.78329432
0.51093692
0.56001675
""
0.57522857
0.75813478
0.65589428
""
""
0.32572883
0.66961002
0.6381942
0.4938986
""
""
""
""
""
""
""
""
""
""
""
""
""
""
""
""
""
""
""
0.67247665
0.46062481
""
0.97530168
0.48162618
0.04302536
""
0.65746605
""
0.39669535
""
""
""
""
""
""
""
""
""
""
""
""
0.86089134
0.47496298
0.54212588
0.58029294
0.88786244
""
""
""
""
""
""
""
""
""
""
""
""
""
0.47306421
""
""
""
""
""
""
""
""
""
""
""
""
""
""
""
""
""
""
""
""
""
""
""
""
""
""
""
0.79837811
""
""
""
""
""
""
""
""
""
""
""
""
""
""
""
""
""
""
""
""
""
""
""
""
""
""
""
""
""
""
""
""
""
""
""
""
""
""
""
""
""
""
""
""
""
""
""
""
""
0.31895915
""
""
""
""
""
""
""
""
0.023209816
""
""
""
""
""
""
""
""
""
""
""
""
""
""
""
""
""
""
""
""
""
""
""
""
""
""
""
""
""
0.57636327
""
""
""
0.61939067
""
""
""
""
""
""
""
""
""
""
""
""
""
""
""
0.40880221
""
""
0.4309831
0.52753896
""
""
""
""
0.83506233
""
0.24845058
0.67997497
""
""
0.36148953
""
""
0.6870622
""
""
0.75895232
0.60954738
0.49995685
""
""
""
0.37002954
0.6385445
0.60537559
""
0.67473334
0.2406572
0.44879013
0.48930761
0.47922701
0.32162911
0.45814434
0.47023511
""
""
0.64008278
0.58528876
""
""
""
""
""
""
0.3471404
""
""
""
""
""
""
""
""
""
""
""
""
""
""
""
""
""
0.16152723
""
""
""
""
""
""
""
""
""
""
""
""
""
""
""
""
""
""
""
""
0.83082873
""
""
""
""
0.60036111
""
0.35088521
0.68973798
0.78125012
""
""
0.5569635
0.46020892
0.46507925
""
0.47507969
""
0.4721894
0.4150466
0.52875191
""
0.36967608
""
""
0.33812892
""
""
""
0.26351222
""
""
""
""
""
""
""
""
""
""
""
""
""
""
""
""
""
""
""
""
""
""
""
""
0.27011949
""
""
""
0.069372922
""
""
""
""
""
""
""
""
""
""
""
""
""
""
""
""
""
0.55979592
0.47059524
0.5034973
0.64754945
""
0.48038799
0.49643734
0.4249517
0.54363716
0.42748377
0.5581671
""
0.38014659
0.41920042
""
""
0.27973568
""
""
""
""
""
""
""
""
""
""
""
""
""
""
""
""
""
""
""
""
""
""
""
""
""
""
""
""
""
""
""
""
""
""
""
""
""
""
""
""
""
""
""
""
""
""
""
""
""
""
""
""
""
""
""
""
""
""
""
""
""
""
""
""
""
""
""
""
""
""
""
""
""
""
""
""
""
""
""
""
""
""
""
""
""
""
""
""
""
""
""
""
""
""
""
""
""
""
""
""
""
""
""
""
""
""
""
""
""
""
""
""
""
""
""
""
""
""
""
""
""
""
""
""
""
""
""
""
""
""
""
""
""
""
""
""
""
""
""
""
""
""
""
""
""
""
""
""
""
""
""
""
""
""
""
""
""
""
""
""
""
""
""
""
""
""
""
""
""
""
""
""
""
""
""
""
""
""
""
""
""
""
""
""
""
""
""
""
""
""
""
""
""
""
""
""
""
""
""
""
""
""
""
""
""
""
""
""
""
""
""
""
""
""
""
""
""
""
""
""
""
""
""
""
""
""
""
""
""
""
""
""
""
""
""
""
""
""
""
""
""
""
""
""
""
""
""
""
""
""
""
""
""
""
""
""
""
""
""
""
""
""
""
""
""
""
""
""
""
""
""
""
""
""
""
""
""
""
""
""
""
""
""
""
""
""
""
""
""
""
""
""
""
""
""
""
""
""
""
""
""
""
""
""
""
""
""
""
""
""
""
""
""
""
""
""
""
""
""
""
""
""
""
""
""
""
0.55234051
""
""
""
""
""
""
""
""
""
""
""
""
""
""
""
""
""
""
""
""
""
""
""
""
""
""
""
""
""
""
""
""
""
""
""
""
""
""
""
""
""
""
""
""
""
""
""
""
""
""
""
""
""
""
""
""
""
""
""
""
""
""
""
""
""
""
""
""
""
""
""
""
""
""
""
""
""
""
""
""
""
""
""
""
""
""
""
""
""
""
""
""
""
""
""
""
""
-0.22308286
""
0.37497708
""
0.61720294
""
0.36733523
""
""
""
""
0.84337837
""
""
""
""
""
0.43930331
0.052556928
""
""
""
""
""
""
""
0.61748379
""
""
""
0.77786791
0.499594
""
""
""
0.41966689
""
""
""
""
0.66238421
""
""
""
0.70368636
""
""
""
""
0.42991692
""
0.17615442
0.40347958
""
""
""
""
""
""
""
""
""
""
""
""
""
""
0.51399034
""
""
""
""
""
""
""
""
""
""
""
""
""
0.29842407
""
""
""
""
""
""
""
""
""
""
""
""
""
""
""
""
""
""
""
""
""
""
""
""
""
""
""
""
""
""
""
""
""
""
""
""
""
""
""
""
""
""
""
""
""
""
""
""
""
""
""
""
""
""
""
""
""
""
""
""
""
""
""
""
""
""
""
""
""
""
0.20686151
0.49891973
""
0.53837466
0.37984651
0.43454444
0.33712831
0.51756221
0.19563341
-0.045506343
""
""
""
""
""
0.52908677
""
""
0.17382224
""
""
""
""
""
0.52468693
""
""
""
""
""
0.6915248
""
""
""
""
""
""
""
""
""
""
""
""
""
""
""
""
""
""
""
""
""
""
""
""
""
""
""
""
""
""
""
""
""
""
""
""
""
""
""
""
""
""
""
""
""
""
""
""
""
""
""
""
""
""
""
""
""
""
""
""
""
""
""
""
""
""
""
""
""
""
""
""
""
""
""
""
""
""
""
""
""
""
""
""
""
""
""
""
""
""
""
""
""
""
""
""
""
""
""
""
""
""
""
""
""
""
""
""
""
""
""
""
""
""
""
""
""
""
""
""
""
""
""
""
""
""
""
""
""
""
""
""
""
""
""
""
""
""
""
""
""
""
""
""
""
""
""
""
""
""
""
""
""
""
""
""
""
""
""
""
""
""
""
""
""
""
""
""
""
""
""
""
""
""
""
""
""
""
0.42823312
""
""
""
""
""
""
""
""
""
""
""
""
""
""
""
""
""
""
""
""
""
""
""
""
""
""
""
""
0.30279019
0.61729962
0.91319144
""
""
""
""
""
""
""
""
""
""
""
""
""
""
""
""
""
""
""
""
""
""
""
""
""
""
""
""
""
""
""
""
""
""
""
""
""
""
""
""
""
""
""
""
""
""
""
""
""
""
""
""
""
""
""
""
0.53634202
0.80414534
0.83590984
""
0.6384328
""
""
""
0.56600797
""
""
0.29964319
""
0.83718741
0.40741387
""
""
""
""
""
""
""
0.45363551
0.54563111
0.49229631
""
0.3966817
0.58334714
""
""
""
""
""
""
""
""
""
""
""
""
""
""
""
""
""
""
0.89216822
0.55298561
0.30306721
0.60098988
0.7295453
0.42388114
0.79126465
0.48196939
0.4191016
0.73587006
0.58956283
0.53253525
0.54262787
0.72035366
0.32624108
0.74938309
0.49044627
0.65330958
""
0.68065375
0.20660581
0.95404476
""
0.23356377
0.87407833
""
""
""
0.35222185
0.42880532
0.55092734
""
""
""
0.37548769
0.51103544
""
0.55892187
0.23499236
""
""
""
""
""
""
""
""
""
""
""
""
0.59841806
""
""
0.34747624
0.72757
""
""
""
""
""
""
0.73949063
""
""
""
""
""
""
""
""
""
""
""
""
""
""
""
""
""
""
""
""
""
""
""
""
""
""
""
""
""
""
""
""
""
""
""
""
""
""
""
""
""
""
""
""
""
0.18348998
""
""
""
""
""
""
""
""
""
""
""
""
""
""
""
""
""
""
0.31484857
""
""
""
""
""
""
""
""
""
""
""
""
""
""
""
""
""
""
""
""
""
""
""
""
""
""
""
""
""
""
""
""
""
""
""
""
""
""
0.7517001
""
""
0.50066042
0.80846578
""
0.35046062
0.62868625
0.52375215
0.51985615
0.60164535
""
""
0.6716882
""
""
""
""
""
""
""
""
""
""
""
""
""
""
""
""
""
""
""
""
""
""
""
""
""
""
""
""
""
""
""
""
""
""
""
""
""
""
""
""
""
""
""
""
""
""
""
""
""
""
""
""
""
""
""
""
""
""
""
""
""
""
""
""
""
""
""
""
""
""
""
""
""
""
""
""
""
""
""
""
""
""
""
""
""
""
""
""
""
""
""
""
""
""
""
""
""
""
""
""
""
""
""
""
""
""
""
""
""
""
""
""
""
""
""
""
""
""
""
""
""
""
""
""
""
""
""
""
""
""
""
""
""
""
""
""
""
""
""
""
""
""
""
""
""
""
""
""
""
""
""
""
""
""
""
""
""
""
""
""
""
""
""
""
""
""
""
""
""
""
""
""
""
""
""
""
""
""
""
""
""
""
""
""
""
""
""
""
""
""
""
""
""
""
""
""
""
""
""
""
""
""
""
""
""
""
""
""
""
""
""
""
""
""
""
0.54543763
""
""
""
""
""
""
""
""
""
""
""
0.75393009
0.67971462
0.6433689
0.48163214
0.60849208
0.55503404
0.52062434
0.64525247
0.46818653
""
""
""
0.67537785
1.191673
0.34142724
0.58247989
0.33315441
0.5245263
0.52337068
0.69915986
0.76501316
0.36766511
0.81238264
0.44682741
""
""
""
""
""
""
""
""
""
""
""
""
""
""
""
""
""
""
""
""
""
""
""
""
""
""
""
""
""
""
""
""
""
""
""
""
""
""
""
""
""
""
""
""
""
""
""
""
""
""
""
""
""
""
""
""
""
""
""
""
""
""
""
""
""
""
""
""
""
""
""
""
""
""
""
""
""
""
""
""
""
""
""
""
""
""
""
""
""
""
""
""
""
""
""
""
""
""
""
""
""
""
""
""
""
""
""
""
""
""
""
""
""
""
""
""
""
""
""
""
""
""
""
""
""
""
0.44394293
""
0.66155005
0.19270177
""
""
""
""
""
""
""
""
""
""
""
""
""
""
""
""
""
""
""
""
""
""
""
""
""
""
""
""
""
""
""
""
""
""
""
""
""
""
""
""
""
""
""
""
""
""
""
""
""
""
""
""
""
""
""
""
""
""
""
""
""
""
""
""
""
""
""
""
""
""
""
""
""
""
""
""
""
""
""
""
""
""
""
""
""
""
""
""
""
""
""
""
""
""
""
""
""
""
""
""
""
""
""
""
""
""
""
""
""
""
""
""
""
""
""
""
""
""
""
""
""
""
""
""
""
""
""
""
""
""
""
""
""
""
""
""
""
""
""
""
""
""
""
""
""
""
""
""
""
""
""
""
""
""
""
""
""
""
""
""
""
""
""
""
""
""
""
""
""
""
""
""
""
""
""
""
""
0.53607786
""
""
""
""
0.61609215
""
""
""
""
0.35330853
""
""
""
""
""
0.49462873
0.58290577
""
""
""
""
""
""
""
""
""
""
""
""
""
""
""
0.38676509
""
""
""
""
0.42705268
""
0.46002111
0.37620422
0.01459772
0.18220229
0.49693167
0.67029613
""
""
0.57938111
0.46236509
""
0.4058966
0.44418228
""
0.36680758
""
0.23521349
""
0.53130639
""
""
""
""
""
""
""
""
""
""
""
""
""
""
0.43144986
""
0.53549731
""
""
""
""
""
""
0.50898963
""
""
""
""
""
0.6654157
""
""
""
""
""
""
""
""
""
""
""
""
""
0.14107436
""
""
""
0.28353369
""
""
""
""
""
""
""
""
""
""
""
""
""
""
0.55055046
""
""
""
""
""
""
""
""
""
""
""
""
""
""
""
""
""
""
""
""
""
""
""
""
""
""
""
""
""
""
""
""
""
""
""
""
""
""
""
""
""
""
""
""
""
""
""
""
""
""
""
""
""
""
""
""
""
""
""
""
""
""
""
""
""
""
""
""
""
""
""
""
""
""
""
""
""
""
""
""
""
""
""
""
""
""
""
""
""
""
""
""
""
""
""
""
""
""
""
""
""
""
""
""
""
""
""
""
""
""
""
""
""
""
""
""
""
""
""
0.37164667
""
""
""
""
""
""
""
""
""
""
""
""
""
""
""
""
""
""
""
""
""
""
""
""
""
""
""
""
""
""
""
""
""
""
""
""
""
""
""
""
""
""
""
""
""
""
""
""
""
""
""
""
""
""
""
""
0.69258761
""
""
""
""
""
""
""
""
""
""
""
""
""
""
""
""
""
""
""
""
""
""
""
""
0.38362679
""
""
""
""
""
""
""
""
""
""
""
""
""
""
""
""
""
""
""
""
""
""
""
""
""
""
""
0.76556242
""
0.41670114
""
""
0.39311185
0.62913269
0.15669569
""
""
""
""
""
""
""
""
""
""
""
""
""
""
""
""
""
""
""
""
""
""
""
""
""
""
""
""
""
""
0.45306382
-0.077147521
""
0.64647138
0.51013017
""
0.38996312
0.99318379
0.46866083
""
0.60037637
""
0.14905448
0.72979528
""
""
""
""
""
""
""
""
""
0.0014457821
""
""
""
""
""
""
0.61611873
""
""
""
""
""
""
""
""
""
""
""
""
""
""
""
""
""
""
""
""
""
""
""
""
""
0.25805685
""
""
""
""
""
""
""
""
""
""
""
""
""
""
""
""
""
""
""
""
""
""
""
""
""
""
""
""
""
""
""
""
""
""
""
""
""
""
""
""
""
""
""
""
""
""
""
""
""
""
""
""
""
""
""
""
""
""
""
""
""
""
""
""
""
""
""
""
0.46299371
0.69717926
""
0.41983235
""
""
""
""
""
""
""
""
""
""
""
""
""
""
""
""
""
""
""
""
""
""
""
""
""
""
""
""
""
""
""
""
""
""
""
""
0.24978425
""
""
""
""
""
""
""
""
""
""
0.26958781
""
""
""
""
0.94597924
""
""
""
""
""
""
""
""
""
""
""
""
""
""
""
""
""
""
""
""
""
""
""
""
""
""
""
""
""
""
""
""
""
""
""
""
""
""
""
""
""
""
""
""
""
""
""
""
""
""
""
""
""
""
""
""
""
""
""
""
0.87155694
""
""
""
""
""
""
""
""
""
""
""
""
""
""
""
""
""
""
""
""
""
""
""
""
""
""
""
""
""
""
""
""
""
""
""
""
""
""
""
""
""
""
""
""
""
""
""
""
""
""
""
""
""
""
""
""
""
""
""
""
""
""
""
""
""
""
""
""
""
""
""
""
""
""
""
""
""
""
""
""
""
""
""
0.82594639
""
""
""
""
0.52916336
""
""
""
""
""
""
""
""
""
""
""
""
""
""
""
""
""
""
""
""
""
""
""
""
""
""
""
""
""
""
""
0.17025071
""
""
""
""
""
""
""
""
""
""
""
""
""
""
""
""
""
""
""
""
""
""
""
""
""
""
""
""
""
""
""
""
""
""
""
""
""
""
""
""
""
""
""
0.56337887
0.80165255
""
""
""
""
""
""
""
""
""
""
""
""
""
""
""
""
""
""
""
""
""
""
""
""
""
""
""
0.134984
0.066579111
0.65000021
""
""
""
""
""
""
""
""
""
""
""
""
""
""
""
""
""
""
""
""
""
""
""
""
""
""
""
""
""
""
""
""
""
""
""
""
""
""
""
""
""
""
""
""
""
""
""
0.69118935
""
0.55818415
0.32714653
0.57962644
""
""
""
""
""
""
""
""
""
""
""
""
""
""
""
""
""
0.59162611
""
""
""
""
""
""
""
""
""
0.50897831
""
""
""
""
""
""
""
""
""
0.71441692
""
""
""
""
""
""
""
""
""
""
""
0.65859151
""
""
""
""
""
""
""
""
""
""
""
""
""
""
""
""
""
""
""
""
""
""
""
0.48465291
0.32898098
""
""
""
""
""
""
""
""
""
""
""
""
""
""
""
""
""
""
""
""
0.88450706
-0.17538925
0.16725786
""
""
""
""
""
""
""
""
0.20239934
0.66167635
""
""
0.77386111
""
""
""
""
""
""
""
""
""
""
""
""
""
""
""
""
""
""
""
""
""
""
""
""
""
""
0.1490999
""
""
""
""
""
""
""
""
""
""
""
""
""
""
""
""
""
""
""
""
""
""
""
""
""
""
""
""
""
""
""
""
0.35600612
0.32720578
""
""
""
0.51333439
0.17165516
""
""
""
""
""
""
""
""
""
""
""
""
1.1146348
""
""
""
""
""
0.11830977
""
""
""
""
0.55054778
0.49219951
0.45276198
0.37672141
0.38844076
0.36815724
0.34641415
""
""
""
""
""
""
""
0.92106581
0.82879734
""
""
""
""
""
""
""
""
""
""
""
""
""
""
""
0.85044336
0.50085169
0.78229749
""
""
""
""
""
""
""
""
""
""
""
""
1.0386745
""
""
""
""
""
""
""
0.53270835
0.64454991
0.59509933
""
0.7866599
""
""
""
""
""
""
""
""
""
""
""
""
""
""
""
""
""
""
""
""
""
""
""
""
""
""
""
""
""
""
""
""
""
""
""
""
""
""
""
""
""
""
""
""
""
""
""
""
""
""
""
""
""
""
""
""
""
""
""
""
""
""
""
""
""
""
""
""
""
""
""
""
""
""
""
""
""
""
""
""
""
""
""
""
""
0.6180492
-0.25296879
0.81859779
""
""
""
""
""
""
""
""
""
""
""
""
""
""
""
""
""
""
""
""
""
""
""
""
""
""
""
""
""
""
""
""
""
""
""
""
""
""
""
""
""
""
""
""
""
""
""
""
""
""
""
""
""
""
""
""
""
""
""
""
""
""
""
""
""
""
""
""
""
""
""
""
""
""
""
""
""
""
""
""
0.55468506
""
0.62619382
""
""
""
""
""
""
""
""
""
""
""
""
""
""
""
""
""
""
""
""
""
""
""
""
""
""
""
""
""
""
""
""
""
""
""
""
""
""
""
""
""
""
""
""
""
""
""
""
""
""
""
""
""
""
""
""
""
0.20602866
0.34336975
0.48084596
""
""
""
""
""
""
""
""
""
""
""
""
""
""
""
""
""
""
""
""
""
""
""
""
""
""
""
""
""
""
""
""
""
0.52310777
""
""
""
""
""
""
""
""
""
""
""
""
""
""
""
""
""
""
""
""
""
""
""
""
""
""
""
""
""
""
0.8858344
""
""
""
""
""
""
""
""
""
""
""
""
""
0.94936335
""
""
""
""
""
0.40630111
0.53465182
""
""
""
""
""
""
""
""
""
""
""
""
""
""
""
""
""
""
""
""
""
""
""
""
""
""
""
""
""
""
""
""
""
""
""
""
""
""
""
""
""
""
""
""
""
""
""
""
""
""
""
""
""
""
""
""
""
""
""
""
""
""
""
""
""
""
""
""
""
""
""
""
""
""
""
""
""
""
""
""
""
""
""
""
""
""
""
""
""
""
""
""
""
""
""
""
""
""
""
""
""
""
""
""
""
""
""
""
""
""
""
""
""
""
""
""
""
""
""
""
""
""
""
""
""
""
""
""
""
""
""
""
""
""
""
""
""
""
""
""
""
""
""
""
""
""
""
""
""
""
""
""
""
""
""
""
""
""
""
""
""
""
""
""
""
""
""
""
""
""
""
""
""
""
""
""
""
""
0.50842434
""
""
""
""
""
""
""
1.1142811
0.89981598
-0.18130603
""
""
""
""
""
""
""
""
""
""
""
""
""
""
0.31853178
""
""
0.54244852
""
""
""
""
""
""
""
""
""
""
""
""
""
""
""
""
""
""
""
""
""
""
""
""
""
""
""
""
""
""
""
""
""
""
""
""
""
""
""
""
""
""
""
""
""
""
""
""
""
""
""
""
""
""
""
""
""
""
""
""
""
""
""
""
""
""
""
""
""
""
""
""
""
""
""
""
""
""
""
""
""
""
""
""
""
""
""
""
""
""
""
""
""
""
""
""
""
""
""
""
""
""
""
""
""
0.517313
0.48108444
0.88170129
""
""
""
""
""
""
""
""
""
""
""
""
""
""
""
""
""
""
""
""
""
""
""
""
""
""
""
""
""
""
""
""
""
""
""
""
""
""
""
""
""
""
""
""
""
""
""
""
""
""
""
""
""
""
""
""
""
""
""
""
""
""
""
""
""
""
""
""
""
""
""
""
""
""
""
""
""
""
""
""
""
""
""
""
""
""
""
""
""
""
""
""
""
""
""
""
""
""
""
""
""
""
""
""
""
""
""
""
""
""
""
""
""
""
""
""
""
""
""
""
""
""
""
""
""
""
""
""
""
""
""
""
""
""
""
""
""
""
""
""
""
""
""
""
""
""
""
""
""
""
""
""
""
""
""
""
""
""
""
""
""
""
""
""
""
""
""
""
""
""
""
""
""
""
""
""
""
""
""
""
""
""
""
""
""
""
""
""
""
""
""
""
""
""
""
""
""
""
""
""
""
""
""
""
""
""
""
""
""
""
""
""
""
""
""
""
""
""
""
""
""
""
""
""
""
""
""
""
""
""
""
""
""
""
""
""
""
""
""
""
""
""
""
""
""
""
""
""
""
""
""
""
""
""
""
""
""
""
""
""
""
""
""
""
""
""
""
""
""
""
""
""
0.76858777
0.20573056
""
""
""
""
""
""
""
""
""
""
""
""
""
""
""
""
""
""
""
""
""
""
""
""
""
""
""
""
""
""
""
""
""
""
""
""
""
""
""
""
""
""
""
""
""
""
""
""
""
""
""
""
""
""
""
""
""
""
""
""
""
""
""
""
""
""
""
""
""
""
""
""
""
""
""
""
""
""
""
""
""
""
""
""
""
""
""
""
""
""
""
""
""
""
""
""
""
""
""
""
""
""
""
""
""
""
""
""
""
""
""
""
""
""
""
""
""
""
""
""
""
""
""
""
""
0.46529144
""
""
""
""
""
""
""
""
""
""
""
""
""
""
""
""
""
""
""
""
""
""
""
""
""
""
""
""
""
""
""
""
""
""
""
""
""
""
""
""
""
""
""
""
""
""
""
""
""
""
""
""
""
""
""
""
""
""
""
""
""
""
""
""
""
""
""
""
""
""
""
""
""
0.60780293
""
""
""
""
""
""
""
""
""
""
""
""
""
""
""
""
""
""
""
""
""
""
""
""
""
""
""
""
""
""
""
""
""
""
""
""
""
""
""
""
""
""
""
""
""
""
""
""
""
""
""
""
""
""
0.074393332
""
""
""
""
""
""
""
""
""
""
""
""
""
""
""
""
""
""
""
""
""
""
""
""
""
""
""
""
""
""
""
""
""
""
""
""
""
""
""
""
0.20309618
""
0.42705873
0.63201857
0.52726352
0.55531615
""
0.83095092
0.51616979
""
""
0.29998845
""
0.35105482
""
0.50911206
""
0.53546268
""
0.35133651
""
0.40556827
""
0.54407597
0.58281547
""
""
""
""
""
""
""
""
""
""
""
""
""
""
""
0.625902
0.7941888
""
0.41315594
""
""
""
""
""
""
""
""
""
""
""
""
""
""
""
""
""
""
""
""
""
""
""
""
""
""
""
""
""
""
""
""
""
""
""
""
""
""
""
""
""
""
""
""
""
""
""
""
""
""
""
""
""
""
""
""
""
""
""
""
""
""
""
""
""
""
""
""
""
""
""
""
""
""
""
""
""
""
""
""
""
""
""
""
""
""
""
""
""
""
""
""
""
""
""
""
""
""
""
""
""
""
""
""
""
""
""
""
""
""
""
""
""
""
""
""
""
""
""
""
""
""
""
""
""
""
""
""
""
""
""
""
""
""
""
""
""
""
""
""
""
""
""
""
""
""
""
""
""
""
""
""
""
""
""
""
""
""
""
""
""
""
""
""
""
""
""
""
""
""
""
""
""
""
""
""
""
0.42432436
0.74418426
0.39670342
0.3951413
0.42737311
""
0.48307666
0.54282206
0.24269894
0.39463484
0.91372675
0.56426835
0.71836054
""
""
""
""
0.78188425
""
""
""
""
""
""
""
""
""
""
""
""
""
""
""
""
0.94388998
""
""
""
""
""
""
""
""
""
""
""
""
""
""
""
""
""
""
""
""
""
""
0.65114009
""
""
""
""
""
""
""
""
""
""
0.71554989
""
1.0601393
""
""
0.45058084
""
""
""
0.26045293
0.82863545
0.73841667
0.60406566
0.36708951
""
""
""
""
0.066690713
""
""
""
""
""
""
""
""
""
0.69611239
0.90109539
""
""
""
""
""
""
""
""
""
""
0.36934632
""
""
""
""
""
""
""
""
""
""
""
0.70499229
""
""
0.38371754
""
""
""
""
""
""
""
""
""
""
0.073046133
0.57964969
""
""
0.32031015
""
""
""
""
""
""
""
""
""
""
""
""
""
""
""
""
0.48707375
""
""
""
""
0.54040873
""
""
""
""
""
""
""
""
""
""
""
""
""
0.6115365
0.8138938
""
""
""
0.37871739
""
""
""
""
""
""
""
""
""
""
""
""
""
""
""
""
""
""
""
""
""
""
0.43605867
""
""
""
""
""
""
""
""
""
0.17221384
0.028813446
0.23643787
""
""
""
""
""
""
""
""
""
""
""
""
""
""
""
""
""
""
""
""
""
""
""
""
""
""
""
""
""
""
""
""
""
""
""
""
""
""
""
""
""
""
""
""
""
""
""
""
""
""
""
""
0.65481561
""
""
""
""
""
""
""
""
""
""
""
""
""
""
""
""
""
""
""
-0.29891449
0.70704985
""
0.59008026
""
""
""
""
""
""
""
""
""
""
""
""
""
""
""
""
""
""
""
""
""
""
""
""
0.62004495
""
""
""
""
""
""
""
""
""
""
""
""
""
""
""
""
""
""
""
""
""
""
""
""
""
""
""
""
""
""
""
""
""
""
""
""
""
""
""
""
""
""
""
""
""
""
""
""
""
""
""
""
""
""
""
""
""
""
""
""
""
""
""
""
""
""
""
""
""
""
""
""
""
""
""
""
""
""
""
""
""
""
""
""
""
""
""
""
""
""
""
""
""
""
""
""
""
0.53384787
0.50278091
""
""
""
""
""
""
""
""
""
""
""
""
""
""
""
""
""
0.47877124
""
""
""
""
""
""
0.6771456
""
0.656178
""
""
0.24160191
""
""
""
""
""
""
""
""
""
""
""
""
""
""
0.42169881
0.72567981
0.53669178
0.29597971
""
0.39197993
""
""
""
""
""
""
""
""
""
""
""
""
""
""
""
""
""
""
""
""
""
""
""
""
""
""
""
""
""
""
""
""
""
""
""
""
""
""
""
""
""
""
""
""
""
""
""
""
""
""
""
""
""
""
""
""
""
""
""
""
""
""
""
""
""
""
""
""
""
""
""
""
""
""
""
""
""
""
""
""
""
""
""
""
""
""
""
""
""
""
""
""
""
""
""
""
""
""
""
""
""
""
""
""
""
""
""
""
""
""
""
""
""
""
""
""
""
""
""
""
""
""
""
""
""
""
""
""
""
""
""
""
""
""
""
""
""
""
""
""
""
""
""
""
""
""
""
""
""
""
""
""
""
""
""
""
""
""
""
""
""
""
""
""
""
""
""
""
""
""
""
""
""
""
""
""
""
""
""
""
""
""
""
""
""
""
""
""
""
""
""
""
""
""
""
""
""
""
""
""
""
""
""
""
""
""
""
""
""
""
""
""
""
""
""
""
""
""
""
""
""
""
""
""
""
""
""
""
""
""
""
""
""
""
""
""
""
""
""
""
""
""
""
""
""
""
""
""
""
""
""
""
""
""
""
""
""
""
""
""
""
""
""
""
""
""
""
""
""
""
""
""
""
""
""
""
""
""
""
""
""
""
""
""
""
""
""
""
""
""
""
""
""
""
""
""
""
""
0.34381825
""
""
""
""
""
""
""
""
""
""
""
0.78217298
""
""
""
""
""
""
""
""
""
""
""
1.0161599
""
0.68171453
""
""
""
""
""
""
""
""
""
""
""
""
""
""
""
""
""
""
""
""
""
""
""
""
""
""
""
""
""
""
""
""
""
""
""
""
""
0.69897872
""
""
""
""
""
""
""
""
""
""
""
""
""
""
""
""
""
""
""
""
""
""
""
""
""
""
""
""
""
""
""
""
""
""
""
""
""
""
""
""
""
""
""
""
""
""
""
""
""
""
""
""
""
""
""
""
""
""
""
""
""
""
""
""
""
""
""
""
""
""
""
""
""
""
""
""
""
""
""
""
""
""
""
""
""
""
""
""
""
""
""
""
""
""
""
""
""
""
""
""
""
""
""
""
""
""
""
""
""
""
""
""
""
""
""
""
""
""
""
""
""
""
""
""
""
""
""
""
""
""
""
""
""
""
""
""
""
""
""
""
""
""
""
""
""
""
""
""
""
""
""
""
""
""
""
""
""
""
""
""
""
""
""
""
""
""
""
""
""
""
""
""
""
""
""
""
""
""
""
""
0.66911083
""
""
""
""
""
0.62808943
0.37882835
""
""
""
""
""
""
""
""
""
""
""
""
""
""
""
""
""
""
""
""
""
""
""
""
""
""
""
""
""
""
""
""
""
""
""
""
""
""
""
""
""
""
""
""
""
""
""
""
""
""
""
""
""
""
""
""
""
""
""
""
""
""
""
""
""
""
""
""
""
""
""
""
""
""
""
""
""
""
""
""
""
""
""
""
""
""
""
""
""
""
""
""
0.60315078
""
""
""
""
""
""
""
""
""
""
""
""
""
""
""
""
""
""
""
""
""
""
""
""
""
""
""
""
""
""
""
""
""
""
""
""
""
""
""
""
""
""
""
""
""
""
""
""
""
""
""
""
""
""
""
""
""
""
""
""
""
""
""
""
""
""
""
""
""
""
""
""
""
""
""
""
""
""
""
""
""
""
""
""
""
""
""
""
""
""
""
0.82603407
""
""
""
""
""
""
""
""
""
""
""
""
""
""
""
""
""
""
""
""
""
""
0.38278389
0.48736042
0.66546363
""
""
""
""
0.30828843
""
0.44947499
""
0.16415414
0.54853779
0.52357018
0.71525431
0.76034057
""
""
""
""
""
""
""
""
""
""
""
""
""
""
""
0.77344388
""
""
""
""
""
""
0.43704486
""
""
""
""
""
""
""
""
""
""
""
0.56416857
0.8238132
""
""
""
""
0.45280719
""
""
""
""
""
""
""
0.4225823
""
""
""
""
""
""
""
""
""
""
""
""
""
""
""
""
""
""
""
""
""
""
""
""
0.76918256
""
0.90749651
""
""
""
""
""
0.68675631
0.45573321
0.57274973
""
""
""
""
""
""
0.65669566
0.37109372
0.55235016
""
""
""
""
""
""
""
""
""
""
0.69074184
""
0.19594282
""
""
0.90711844
""
""
""
""
""
""
""
""
""
0.30733582
0.34107095
""
""
0.6759342
0.52712679
0.55535668
0.7168656
0.6004253
0.27473381
0.50184715
0.75216007
0.42522532
0.70733708
1.1183213
""
0.94420075
""
""
1.178492
0.80666614
0.15903668
""
""
""
""
""
""
""
""
0.1414289
""
""
""
""
""
""
""
""
""
""
0.38313594
""
0.43953863
0.66519636
""
""
""
""
""
""
""
""
""
""
""
""
""
""
""
""
""
""
""
""
""
""
""
""
0.6759823
0.92962635
0.73590726
""
""
""
""
""
""
""
""
""
""
""
""
""
""
""
""
""
""
""
""
""
""
""
""
""
""
""
""
""
""
""
""
""
""
""
""
""
""
""
""
""
""
""
""
""
""
""
""
""
""
0.51937908
""
0.53182846
0.61244094
0.69587374
""
""
""
""
""
""
""
""
""
""
""
""
""
""
""
""
""
""
""
""
""
""
""
""
""
""
""
""
""
""
""
""
""
""
""
""
""
0.52005988
0.20689751
0.83826631
""
0.12685066
0.25987145
""
0.80014676
0.57706779
0.74710804
""
""
""
""
""
""
""
""
""
""
""
""
""
""
""
""
""
""
""
""
""
""
""
""
""
""
""
""
""
""
""
""
""
""
""
0.7586605
""
""
""
0.62800795
""
""
""
""
""
""
""
""
""
""
""
0.63293934
0.79620689
""
""
""
0.26316369
0.47011191
0.43648076
0.83817345
""
""
""
""
""
""
""
""
""
""
""
0.44261128
0.39330795
""
""
""
0.44285846
""
""
""
""
""
""
""
""
""
""
""
""
""
""
""
""
""
""
""
""
""
""
""
""
""
""
""
""
0.60003132
0.84848911
0.43402517
0.61523044
0.64513272
""
""
""
""
0.95769924
0.1490843
""
""
0.68155181
1.080211
1.1442571
""
""
""
""
""
""
1.0424734
""
""
""
""
""
""
""
""
""
""
""
""
""
""
""
""
""
""
""
""
0.33268884
0.52847165
0.29978579
""
""
""
""
""
""
""
""
""
""
0.33934793
""
""
""
0.52910334
0.34320059
""
0.79125011
0.73179376
0.34538585
""
0.42722288
""
0.335455
""
""
""
0.48948628
0.67848778
""
""
0.65983981
0.62930393
0.61160994
0.59580374
""
""
0.5311203
""
""
""
0.859577
""
""
""
""
""
""
""
""
""
""
""
""
""
""
""
""
""
""
""
""
""
0.69250602
""
""
0.53218424
""
0.65875161
0.37599084
0.53789943
0.56743276
0.7285282
""
""
""
""
""
""
""
""
""
""
""
""
""
""
""
""
""
""
""
""
""
""
""
""
""
""
""
""
""
""
""
0.74985296
0.056820046
0.47852084
""
""
0.82697284
0.83344561
0.72459507
0.56539571
0.54184103
0.65660751
0.59126967
0.46043107
0.4062719
0.722583
0.73951685
""
0.7058031
0.3466697
0.33645669
0.5847851
0.64593732
0.59578913
0.48303321
0.39591384
0.37127832
0.7907443
0.41483524
0.54773092
0.6972214
0.50848782
0.56635529
0.7490887
0.620646
0.9000262
0.4307119
0.47907045
0.59175712
0.23054549
0.78745592
0.31250167
0.32867518
0.57808089
0.42428967
0.73861903
""
0.41872668
0.70874804
0.56205916
0.56626815
0.48569134
0.76081419
0.38718209
0.64627385
0.80579031
0.60319805
0.57246691
0.710195
0.27600417
0.51440477
0.45685315
0.4985157
0.50669146
0.36203516
0.11856197
0.67613006
0.57140559
0.34079683
0.82587898
0.96159726
0.58625007
0.58231378
0.34652519
0.25353226
0.48516551
0.77939725
0.747612
0.44664091
0.60853177
0.46587828
0.34703648
0.9295423
0.56891382
0.81101179
0.83007038
""
""
0.73017728
0.35035276
0.50323439
0.42497969
0.96339083
0.68862277
0.29639643
0.56785512
0.74334157
0.46263251
0.61149371
0.74777859
0.34880391
0.51616657
""
0.2781955
0.64946318
0.49973661
0.72188181
0.53748065
0.7436378
""
0.1768683
0.3054333
0.53354704
0.82217604
0.47260532
0.80913198
0.80835438
0.57552719
0.63841659
0.5931344
0.44672066
0.28818449
0.74021059
0.44675595
""
""
""
""
1.1370558
0.87321061
0.93542832
0.71229887
0.69301158
0.36080053
0.80795032
0.64850402
0.3979387
0.53433728
0.44533527
""
""
0.95933509
0.5155009
0.66677159
0.78532439
0.78491092
""
0.38071251
0.82629436
0.4943704
0.43736112
""
0.32280338
0.80698156
0.57703298
""
0.71757674
""
""
0.61950976
0.65237361
0.45057431
0.58226603
""
""
0.5581525
0.33100858
0.53473383
""
""
""
""
""
""
""
""
""
""
0.61354303
0.53530341
0.83361858
0.66080701
""
0.13186634
0.44472104
0.19131799
0.23006208
0.73447984
0.86271942
""
""
""
""
""
0.61971432
0.50310796
0.68813318
0.4430337
""
""
""
""
""
""
""
""
""
""
""
""
""
""
""
""
0.3216835
0.76891792
""
0.33945104
0.4142628
0.49694836
0.50651765
0.71960557
0.36010563
""
0.18843275
""
0.49285856
0.57010436
0.76487154
0.81350857
""
""
0.49638051
0.57427174
0.47610348
0.55444121
""
""
""
""
""
""
""
1.2465004
0.70298815
""
0.578462
0.49084833
""
""
0.66485792
0.57167161
0.54141289
0.5186705
0.66692597
0.45495066
0.53777146
0.64381075
0.40697059
0.40361282
0.57178402
0.80327445
0.42109492
0.3591271
0.63671458
0.86128896
0.78099883
0.86257094
0.52786303
0.94392371
0.54817349
0.62310803
0.56206435
0.51059055
0.3773241
0.38191751
0.52357996
""
0.57894903
""
""
""
""
""
0.52018434
""
""
0.36833325
""
""
""
""
0.65296793
0.4911221
""
0.53945976
0.28195706
0.66518563
0.10087525
""
""
0.67513865
0.34391245
0.56090057
0.67790967
0.3106938
0.35115981
0.78338236
0.48372054
0.60113347
0.60215324
0.61238283
0.47140276
0.68450534
0.80686951
0.54483092
0.57526618
0.6737166
0.66296005
0.47984749
0.51025027
0.68350774
0.51937759
0.49728599
0.44663292
0.65764225
0.60009354
0.25849578
0.6245597
0.28722301
-0.031019079
0.97708058
0.3349759
0.46326375
0.5676071
0.71484697
0.85439241
0.42560911
0.54074675
0.50786203
0.65942025
0.40507755
0.49519321
0.4046756
0.069757715
0.37068886
0.27207965
""
0.36302423
0.69399226
0.074481189
""
0.38831395
""
0.5205605
0.36291862
0.54910481
0.40009454
0.55338228
0.35180256
0.58786941
0.27968767
0.36455369
0.73286629
0.57929724
0.64600843
0.64799643
""
0.31629136
""
0.71471596
0.88177174
0.51705998
0.64182287
0.45924848
0.48282132
""
""
""
0.49300882
0.61912441
""
""
""
0.74596417
0.54000998
0.56935513
""
""
""
""
0.62768078
0.55455309
0.60447699
0.65233141
""
""
0.65358722
""
0.73968136
""
0.044176709
0.39300016
0.81944591
0.56276226
0.90201956
0.51111031
""
0.40868911
""
0.26368687
1.0253184
0.53490764
0.72425067
0.67728037
0.67955703
0.87631607
""
""
0.15467121
""
0.61245978
""
0.55419987
""
""
""
""
""
""
""
0.65969336
0.35137543
0.4024995
0.44061941
0.68477046
0.45310467
0.33505976
0.45716968
0.36642927
""
""
""
""
0.5916453
""
""
""
""
""
""
""
""
""
""
""
""
0.35891861
""
""
""
""
""
0.56090403
0.56623983
""
""
0.72953671
0.81188959
""
0.53476751
""
""
0.19871879
""
""
""
""
""
""
0.62151444
0.36568365
0.44028264
0.61891776
0.4174459
1.0303264
0.55043912
0.72125894
0.50713062
""
0.8356598
0.30315781
""
1.0130867
0.85768491
""
0.076198593
""
""
""
0.37334862
""
""
""
""
0.90742892
""
0.76654083
""
""
""
""
0.43276545
0.54927969
1.0028336
0.66113794
0.81406009
0.48153061
0.22381166
0.40022409
0.4527081
0.70147979
""
""
0.47799888
""
""
0.64711225
0.37541482
0.57287449
0.22804606
0.58882099
""
""
0.56418014
0.6802153
""
""
""
0.15519519
0.79943299
""
0.29309037
0.44286889
""
""
""
""
""
0.32173613
""
0.7276966
-0.23293199
""
0.6321162
0.27248102
""
1.0017132
0.46021691
0.70738822
0.2563166
0.32585448
0.64491087
0.6914131
0.60414654
0.70468092
0.50229025
0.65595108
""
""
""
""
""
""
""
""
""
0.57093471
""
0.44434476
0.55403972
0.59597182
0.35232398
0.29674628
0.73984015
0.42890495
0.56558907
0.56645358
0.48782444
0.46857145
""
0.60468018
0.81560773
0.50968713
0.4201639
0.63819897
0.6529271
""
""
""
""
""
0.34025297
0.14940785
""
""
0.58548695
0.85213202
0.87065172
""
""
0.56939971
0.79413468
""
0.97647971
""
0.5700624
0.66406906
""
""
0.45736164
0.41687635
0.74051058
""
0.68584877
0.52774459
0.40770611
0.42927557
0.76983577
0.75250322
0.45496231
0.4276922
0.42856765
0.59638017
0.8258847
0.70799357
0.64218444
0.84885216
0.58061111
0.63056111
""
0.64401621
0.54521662
""
""
""
""
""
""
""
""
0.35357314
""
0.86978287
""
""
1.1479425
0.75171041
""
""
""
""
""
""
""
""
""
0.84695083
0.58317715
0.65770757
0.56541121
""
0.52947569
0.77464706
1.0637236
0.86531341
0.75166118
0.72723335
""
0.90158284
0.63583434
0.37450817
""
""
""
""
""
""
""
""
""
""
""
""
""
""
""
""
""
""
""
""
""
""
""
""
""
""
""
""
""
""
""
""
""
""
""
""
""
""
""
""
""
""
""
""
""
""
""
""
""
""
""
""
""
""
""
""
""
""
""
""
""
""
""
""
""
""
""
""
""
""
""
""
""
""
""
""
""
""
""
""
""
""
""
""
""
""
""
""
0.80125886
0.38674945
""
0.42526487
""
""
""
""
""
""
""
""
""
""
""
""
""
""
""
0.66690373
""
""
""
0.6494531
0.13656685
""
0.59143507
0.86591285
""
""
""
""
""
""
""
""
""
0.29748854
""
""
0.57234973
""
""
""
""
""
""
""
""
""
""
""
""
""
""
""
""
""
""
""
""
""
""
""
""
""
""
""
0.58250964
""
""
""
""
""
""
""
""
""
""
""
""
""
""
""
""
""
""
""
""
""
""
""
""
""
""
""
""
""
""
""
""
""
""
""
""
""
""
""
""
""
""
""
""
""
""
""
""
""
""
""
""
""
""
""
""
""
""
""
""
""
""
""
""
""
""
""
""
""
""
""
""
""
""
""
""
""
""
""
""
""
""
""
""
""
0.61434227
""
""
""
""
""
""
""
""
""
""
""
""
""
""
""
""
""
""
""
""
""
""
""
""
""
""
""
""
""
""
""
""
""
""
""
""
""
""
""
""
""
""
""
""
""
""
""
""
""
""
0.8622669
0.39238086
0.66194242
0.66303962
0.56700075
""
0.27910265
""
0.76899308
0.6196509
0.23680766
0.88875943
-0.041842069
0.56720877
""
""
0.73821741
0.33853337
""
""
0.94477934
0.23525403
""
0.67923898
""
""
0.72420359
0.42382404
""
0.51573122
0.71852344
1.0296618
""
0.69943786
0.5176301
0.53835118
0.33112094
0.730115
0.56563431
""
0.54829264
0.41725025
0.55431694
0.80097014
0.71892381
""
0.7478798
0.76873201
0.52009726
0.5231058
""
0.73916608
""
""
""
""
0.65232784
""
0.50182694
""
""
""
""
0.15569641
0.43269318
""
0.85592598
""
""
""
""
""
""
0.64759851
0.54902917
0.40851599
""
0.55156088
0.73504007
0.60210294
0.80678469
0.83561653
0.7264502
0.75198662
0.85450971
0.57939273
""
""
0.63589722
""
""
0.76101613
0.31164658
0.64809549
0.432695
0.81887442
0.26560003
1.1691836
0.56524569
""
0.97419071
0.923388
""
""
0.56164306
0.53283763
0.75187999
0.78185612
0.51039445
""
0.78296477
0.73793828
0.52197236
0.46166369
0.72899866
0.86953968
""
""
0.86454928
""
""
""
0.84748334
""
0.60633552
0.36857691
""
""
0.59654146
0.76556247
0.7073198
0.61962128
0.78880399
0.56597584
""
""
0.64998072
0.58345634
0.75333571
0.94698352
0.81202626
0.71970171
0.47066399
0.33293712
0.3842113
0.85566592
""
""
0.57272661
0.63772583
""
0.63627738
""
0.83588105
0.61110115
0.76032078
0.5812459
0.28062627
0.5641588
0.61607271
0.78336006
0.73164517
0.24132273
0.91942358
0.2390019
""
""
""
""
""
0.58325875
""
0.83084363
""
0.57734025
""
0.11052364
0.79553479
0.69745016
0.83042699
0.67949265
0.48265582
0.60791284
0.88889283
""
""
""
""
""
0.34507781
0.14174567
0.76428109
0.89404261
0.77193236
""
""
1.0330708
""
""
""
""
""
""
0.83956176
0.49370593
0.63772786
0.82492036
0.71827078
""
""
""
0.72067678
""
0.84259814
0.71897286
""
""
0.74286574
0.5743379
""
0.69679749
0.58176345
0.56631273
0.94397408
""
0.60745019
0.76227587
0.66716629
0.66351146
0.69506127
0.27461395
0.6406557
0.69016409
0.64825577
0.32901224
""
""
""
""
""
""
0.72796178
0.7239086
0.61261648
""
""
""
""
""
""
""
""
""
""
""
""
""
""
""
""
""
0.53511637
""
""
""
""
""
""
""
""
""
""
""
""
""
0.35704067
0.67795885
""
""
0.56960076
0.80810398
""
""
""
""
""
""
""
""
0.75810736
""
""
""
""
0.58868682
0.50084114
0.62467605
0.46627089
0.54806238
0.79407293
0.614824
""
""
0.58995646
0.2990036
0.43374762
0.69762236
""
0.60107249
0.37643647
0.97084105
0.41151157
0.40033966
0.69937587
0.5017882
""
""
""
""
""
""
""
0.629713
""
""
""
""
""
""
""
""
""
""
""
""
""
0.51034093
""
""
""
""
""
""
""
""
""
""
""
""
""
""
""
""
""
""
""
0.51445991
""
0.66409355
""
""
""
0.92031211
0.38258919
0.77229786
0.52283037
0.49057728
0.54765284
0.75412446
0.72146547
0.80967391
0.71078998
0.79661947
0.62288034
0.63463593
0.80051172
0.26748082
0.86134773
0.80907464
1.0508043
""
0.43222529
0.63039804
1.1625909
0.78981251
0.58596587
0.48497322
0.50892699
""
""
""
0.58181608
""
""
""
""
""
""
""
""
""
""
""
""
""
0.27121922
0.81179291
""
""
""
""
""
""
""
""
""
""
""
""
""
""
""
""
""
""
""
""
""
""
""
0.53087932
""
""
""
""
""
""
""
""
""
""
2.0132446
0.5335843
0.78873545
""
""
""
""
""
""
""
1.0222441
""
0.61642361
""
""
""
""
0.5399037
0.90637726
""
""
0.81597579
""
""
""
""
""
""
""
""
0.82669407
0.52122509
0.66819394
""
0.0078676548
0.64837444
0.82989377
""
0.89589763
""
""
""
""
""
""
""
0.34788677
""
""
""
""
""
""
""
""
""
""
0.9089995
""
""
""
""
""
""
""
""
""
0.54544419
""
""
""
""
""
""
""
""
""
""
""
""
""
""
0.55276084
""
""
0.98851842
""
""
0.81093973
""
""
0.19635013
0.50217032
0.54207206
""
0.54193455
0.6291647
""
0.60232186
0.22496058
0.41590649
""
0.37139428
0.70642233
0.65495008
0.58592969
0.53871161
0.54274601
0.65678185
0.56196409
0.53429574
0.60389489
0.60375458
0.5815652
0.38542926
0.66142452
0.58444518
1.0511463
0.95255756
0.64880729
0.61625934
0.62512857
0.76892757
0.22774243
""
""
""
""
""
""
""
""
0.76516718
0.91065323
0.59080613
""
""
""
""
""
""
""
""
""
""
""
""
""
""
""
""
0.990951
""
0.64876032
""
""
""
""
""
""
1.0192119
""
""
""
0.67723161
0.73860419
0.81231713
0.93612164
0.42286912
1.140393
0.83535564
""
0.72122943
0.90411627
0.70991838
0.47196764
0.92692858
0.4866648
0.98247957
""
""
0.78783309
0.31256959
0.49604267
0.5403083
0.70994169
0.68420112
0.57216316
0.61916775
0.66863626
0.81618261
0.53961778
""
""
""
0.44882736
""
0.74041867
0.59782314
0.98575014
""
0.48813114
0.041022643
0.50425977
0.18847957
0.86959946
""
""
""
""
""
0.65043247
0.87218285
0.7220481
0.4361566
0.75467998
0.91174853
0.28968114
0.75888115
0.17282176
0.58359909
0.52528781
""
""
0.27443883
0.74604249
""
0.58269995
0.88131237
0.73001558
0.90207046
0.65228343
0.87162155
0.65646034
0.49406627
0.70565677
0.6179716
0.72672439
0.62449741
0.55998665
""
""
""
0.82876706
""
0.2011252
0.45661974
0.91549802
0.38972241
0.11012746
0.80351752
0.67392868
0.51487398
""
""
""
""
""
""
""
""
""
""
""
""
""
0.77638966
0.83594489
""
0.89758986
0.77018756
0.38653117
""
0.80079901
""
0.15789479
0.75373089
""
0.3588745
0.77459741
""
0.51713347
""
""
""
""
""
""
0.9197979
0.74868733
""
""
""
""
""
""
""
""
""
""
0.82252413
""
""
""
""
""
""
0.61533517
0.67305416
""
""
""
""
""
""
0.74966657
""
0.76095885
""
""
0.10449359
""
""
""
""
""
""
""
""
""
0.67186302
""
""
""
""
""
""
""
""
""
""
""
""
""
""
""
""
""
""
""
""
""
""
""
""
0.53391343
""
""
""
""
""
""
""
""
""
""
""
0.74103552
0.88389498
""
""
""
""
""
""
""
0.72089648
""
""
""
""
""
""
""
0.57271236
""
0.87602395
0.71011698
0.753497
0.74800813
0.40947294
0.49815384
0.89759737
0.73544455
0.55487168
0.52024263
0.46484154
0.95038992
0.25252411
0.57064772
0.5126372
0.55980319
0.72220004
0.9397338
0.70880961
0.77073544
0.71495277
0.95063967
0.65677619
0.53855264
0.78711927
0.63025248
0.71244067
0.64715332
0.610829
0.64237845
0.65111578
0.55138463
0.8664822
0.72306859
0.74594367
0.76596242
1.0086882
1.1136435
0.62186891
0.87514883
0.31285143
0.68345547
""
0.60781443
0.19532874
""
0.71124357
0.50255662
0.99279505
1.0047796
0.83450609
0.70690668
0.57085943
""
0.49798155
0.88131392
""
0.77966201
0.50039411
0.13991672
""
""
0.65774852
""
0.29098657
1.3488352
0.74769443
0.63339192
0.57004291
0.62060249
0.35545915
0.40988049
0.83241522
0.45600086
0.32284549
0.89521724
0.74375093
0.88061237
0.71623206
0.7586959
""
0.54346269
0.75821811
0.6737414
0.70798296
0.6873095
0.75626886
0.74008709
0.89602911
0.79985607
0.9591496
0.68117869
0.87721497
0.66340393
0.84102452
0.17825365
0.57058185
0.74319077
1.127911
0.80972493
""
0.73573202
0.50380754
0.64459652
0.66642785
0.76623684
0.51330292
0.81105369
0.62085801
0.82177365
0.3959848
""
0.69351304
0.67815816
""
0.67262697
0.59243381
0.54660773
0.7534135
0.85367155
""
0.82741392
0.82260472
0.40716326
0.61984235
0.87690282
0.61004335
0.82603705
0.59298778
0.65415585
0.59924835
0.61577326
0.62696904
0.66920984
0.72828698
0.70313305
0.4919129
0.6143893
0.73379618
0.66570634
0.62277371
0.68087238
""
0.5069865
0.50151378
0.78095245
""
""
0.49482152
0.75115424
0.8285917
""
0.5848518
0.89749068
0.72149318
0.70739239
0.64358455
0.61362129
0.72607797
0.70093459
0.67404532
0.78301299
0.74465132
""
0.67610103
""
""
""
""
""
""
""
""
""
""
""
""
""
""
""
""
""
""
0.80515528
0.42648101
""
""
""
""
""
""
""
0.50978357
0.42265648
0.58254534
0.92982495
1.0348984
1.055042
0.77908564
0.40276751
0.52954149
0.6226846
0.70327586
0.31675741
""
""
1.5359305
""
""
""
0.654818
0.45613036
0.72634447
""
0.63033825
0.61591738
""
0.79160064
""
0.80120754
""
""
0.64327168
0.91112864
""
""
""
""
""
""
""
""
""
1.1721537
""
0.68046159
0.75859159
""
0.59052539
0.70098233
0.59175897
""
""
""
""
""
""
""
""
""
""
""
""
0.6326105
""
""
""
""
""
""
""
""
0.59052604
0.73510015
0.47346547
0.888403
0.6143595
""
""
0.61333472
0.69593018
0.40378398
0.44629568
0.57100165
0.55054402
0.55126172
0.60389942
0.70460379
0.7472257
""
0.71928263
0.72188312
0.33409265
""
""
0.74666452
""
0.91096169
0.24748063
0.62862575
""
""
""
""
""
1.0262909
""
""
0.83522934
""
0.84783113
0.79211599
""
0.33960375
0.64058399
0.51930296
0.79238605
""
0.99326628
0.60620147
0.67033058
""
""
""
""
""
0.35492823
""
""
0.59619486
""
0.330603
0.51846009
0.67450494
""
0.47348359
0.76976711
""
0.5338369
0.65981066
0.33663395
0.35866341
""
0.42558113
0.62681609
0.66525578
0.49737218
0.5935384
0.75756872
0.62937343
0.76810282
0.5900715
0.67120373
0.64587235
0.6128695
0.75887978
0.46176857
0.72619247
0.78226316
0.7769655
0.69814897
0.64028352
0.57646698
""
0.90724081
0.93232453
0.7505241
0.80596453
0.79865831
0.86338753
0.30218038
0.53841579
0.82453245
0.67070895
0.67793489
0.8099274
0.89817899
""
0.69830263
""
0.54740614
""
""
""
""
""
""
""
""
0.5783453
0.29034144
0.82729614
0.59410417
""
0.78644776
0.58731645
0.4860934
0.1798138
0.77906334
0.43827465
0.41564837
0.70375264
0.54444271
""
0.48841423
0.44040868
0.34251344
""
0.60104084
1.0175405
0.46290269
0.7099607
0.49211046
0.82661331
""
""
0.39169872
""
""
""
0.86536855
0.59038335
0.7442047
""
""
""
""
""
""
""
0.76487458
""
1.0129551
0.56979245
""
""
""
0.7535364
""
0.47488198
""
""
""
0.66327679
""
""
""
""
0.34863663
""
0.81291264
0.69635236
0.33986533
0.25288299
""
1.1047755
""
""
0.62541723
0.89518493
0.47865
""
0.64334607
0.60361826
""
""
""
""
0.75316525
""
0.5407992
0.81127924
0.64531791
0.74748451
0.53042459
0.78470898
0.74335265
0.70244908
0.589674
0.73060882
0.5866971
0.67984313
0.63348085
""
0.5973587
0.69268197
""
""
""
0.68955523
""
""
""
""
""
""
""
""
""
0.68142146
1.0847592
0.30719635
0.67765814
""
0.65386355
0.75698715
0.60501385
0.88772333
0.33686915
0.44749752
0.56259733
""
""
""
""
""
0.34653345
""
""
""
0.78639841
0.89361918
0.88021928
0.56740099
""
""
0.46248677
0.70496935
1.2007838
0.57700646
0.81374556
""
""
""
0.7846294
0.7367264
""
""
""
""
""
""
""
""
""
""
""
""
""
""
""
""
""
""
""
""
""
""
""
""
0.59141636
""
""
""
""
0.58712393
0.4761315
""
""
""
""
0.37664753
""
0.69485486
""
0.85756296
0.60581821
0.62836313
""
""
0.65731245
0.53773034
""
""
0.36653188
""
0.92063308
""
""
""
""
""
""
""
""
""
""
""
0.67199361
""
""
""
""
""
""
""
""
""
""
""
""
""
""
""
""
""
""
0.59193718
""
0.65063059
0.66773438
0.95969456
0.72278237
""
""
0.44213265
0.7088303
""
""
""
""
""
""
""
""
""
""
""
""
""
""
""
""
""
""
""
""
""
""
0.67614257
0.84217745
""
0.6887641
""
""
""
""
""
0.43632188
""
""
""
""
0.81722689
""
""
0.33631366
""
0.72330469
0.7351765
0.62763703
0.89934146
0.92760968
0.79349798
0.79150444
0.40680909
""
0.64848083
0.18610793
0.62367147
""
""
0.67200327
""
""
""
""
0.82630306
""
0.89526922
""
""
""
""
""
0.58101773
""
""
""
""
""
""
""
""
0.72436142
""
""
0.58717948
0.55097461
""
0.60008395
0.46815103
""
""
""
""
0.45044845
0.36146146
""
0.24023373
""
""
0.60603034
0.86986619
0.4777748
0.79500139
""
""
0.77501374
0.59055609
0.36045787
0.64362329
""
0.57740808
""
""
0.63847756
0.62323123
""
0.49659652
0.36466911
0.52950704
0.63865769
0.50286061
0.74929774
""
""
""
""
""
""
0.70632392
""
""
0.77368909
""
0.61267614
""
""
""
0.86160564
""
""
""
""
1.0181302
0.68369859
""
0.68056256
""
0.52856785
0.44625703
""
""
""
0.77590144
""
0.5338583
""
""
""
""
0.30078539
""
""
""
""
""
""
""
""
""
""
""
""
""
""
0.13311173
0.38151956
""
""
0.56961632
""
""
0.72639394
""
""
""
""
""
""
""
""
""
""
""
""
""
""
""
""
0.34006745
0.52860552
0.80333114
""
0.2479095
0.29631642
0.74506068
0.51429653
0.56200373
0.64059532
0.69582236
0.50967193
0.72858036
0.57190692
0.58858907
0.74722612
0.49214792
0.63378721
0.88084793
""
1.2174932
0.96436954
0.43228382
0.62279838
0.46976212
0.4142462
0.48773962
0.57369125
0.54181206
0.2504251
0.54207605
""
0.58337015
0.58488083
0.60598791
0.81254327
0.71659929
0.52539551
0.43426183
0.69108331
0.84021026
0.61630386
0.58571702
0.32655823
0.65168983
0.78124005
0.5070048
0.64721584
0.67594928
0.6826306
0.74675542
0.86664021
0.25326785
0.2893939
0.5508619
0.74704421
0.56062442
0.6242587
0.6773321
0.38568673
0.83453125
0.61761659
0.380514
0.80676806
0.77993119
0.57832581
0.47594005
0.71876234
0.53739762
0.70160145
0.7760433
0.41110632
0.63224751
0.78583866
""
""
""
0.80895245
""
0.86118513
""
""
""
0.65139687
""
0.65816641
""
""
""
""
0.78228027
""
""
""
0.79041326
""
0.85552901
0.83482152
0.6418696
""
""
""
0.8379215
""
""
""
""
""
""
""
""
""
""
""
""
""
""
""
""
""
""
""
""
""
0.32690114
0.48522699
""
0.07392621
""
""
""
""
""
""
""
""
""
""
0.33716211
0.78934932
0.55563694
""
0.72599912
""
""
0.975851
0.86638629
0.93150473
0.97966188
0.56646627
""
""
""
""
""
""
""
""
""
""
""
""
""
0.74660271
0.43775913
0.53393281
0.3560257
0.39808327
0.97554821
""
""
0.46855536
""
""
""
""
""
""
""
""
""
""
""
0.40474242
""
""
""
""
""
""
""
0.86222363
""
""
""
""
""
""
""
""
0.48856366
0.75350463
""
""
""
""
""
""
""
""
""
""
""
""
""
""
""
""
""
""
""
""
""
""
""
""
""
""
""
""
0.85953736
0.66973031
0.79608256
0.48334104
0.69463903
0.64819998
0.70021868
0.76783884
0.61138088
0.62623447
0.9091171
0.64995521
0.78020096
0.732777
0.74716455
0.62489325
0.80674714
0.30468833
0.66707468
0.74380457
0.78753084
0.8023243
0.52354687
0.85341364
0.65348995
0.67818451
0.80750477
0.5691697
0.2053261
0.73264539
0.78066933
0.6409499
0.71723443
""
""
0.65679586
0.54459953
0.59559089
0.56404096
0.82887393
0.47702661
0.82195437
0.73601431
0.69733369
0.57263368
0.75466669
0.82293218
0.4779447
0.78335518
0.984869
0.52728218
0.64866072
0.17143373
0.69898874
0.90427911
0.72725391
0.99131882
0.64671254
0.7341184
0.67333847
0.82918537
0.60090798
0.57400417
0.82062292
1.1069331
0.63644934
0.88797939
""
""
""
""
""
""
""
""
0.62055153
""
""
""
""
""
""
""
""
""
""
0.7729792
""
0.79463923
""
0.60339534
""
0.69859719
""
0.88372844
""
""
""
0.59012395
0.51329142
1.0533036
0.92419696
""
0.38790244
0.60808158
0.13071895
0.80816758
0.73778951
0.42970023
0.55888146
0.58628714
0.64230853
0.82647479
""
""
""
""
""
""
""
""
""
0.85010999
""
""
""
""
""
""
""
""
""
""
""
0.59898573
0.47872955
0.70595151
0.7449314
0.59642726
0.39457932
0.53023446
0.5084154
0.74571604
0.71005982
0.63831997
0.48066401
0.62813848
0.66624135
0.35831839
0.52509236
0.52619499
0.59974205
0.61049759
0.68346226
0.58687639
0.45955151
0.28968799
0.41076288
0.39380243
0.39115801
0.55786389
0.51277971
0.44736585
0.74767357
0.65233403
0.65141833
0.44217032
0.88222319
0.61439848
0.27898276
0.6604231
0.69221151
0.61027324
0.5820576
0.46031415
0.73230195
0.56114751
0.72941107
0.75811183
0.62510151
0.65495676
0.37174359
0.73361158
0.69330364
0.46735901
0.8087793
0.64527464
0.615318
0.41751286
0.36423922
0.50514883
""
""
0.28328821
0.68147826
0.58829886
0.68288916
0.62617433
0.63872159
0.79125512
1.2024049
0.52846819
0.66088378
0.55618846
0.77021426
0.55308044
0.55569637
0.57401264
0.68152463
0.568286
0.6625821
0.5032059
0.6448347
0.59983897
0.69917405
0.75880915
0.58153301
0.69126344
0.55932492
0.4367694
0.58711195
0.70179546
0.52803695
0.46611053
""
0.62338024
""
0.59638643
0.50707006
0.5751012
0.54172593
0.49681041
0.42737609
0.68576926
0.70862108
0.59641504
0.45236173
0.24986166
0.32899147
0.45380852
0.42602426
0.68406194
0.56281108
0.66140693
0.68388915
0.51365256
0.64376462
0.70165753
0.62109524
0.46376419
0.60561633
0.63769066
0.43223575
0.67271304
0.51389337
0.67787021
0.60716635
0.64814878
0.50442392
0.39433211
0.57628179
0.63695467
0.59680957
0.54938233
0.3766551
0.6335156
0.49730629
""
0.65474838
0.52143598
0.51600826
0.58151096
0.57415485
0.57635003
0.58909261
0.50412619
0.37700093
0.60741282
0.37292174
0.52808607
0.71796
0.58457947
0.55733567
0.46552908
0.36970484
""
""
0.3787367
0.32218444
0.79825318
0.5130654
0.47249994
0.73899317
0.46997446
0.56518096
0.62719709
0.7809304
0.80408359
0.36854511
0.43350419
0.68967521
0.79694915
0.41542491
0.51404238
""
""
""
0.78638959
0.62579179
0.69056082
0.81833047
0.73827279
0.62026572
0.36792922
0.68811595
0.52799118
0.46123648
0.4588716
0.73721778
0.58767283
0.57290101
0.60730547
""
0.25810328
0.47618032
0.91394842
""
0.4618037
0.65567404
0.46007386
0.6350233
0.57573181
0.40170935
0.45282114
0.60462624
0.53481007
0.56991667
0.45247838
0.42836908
0.74374235
0.61703992
0.68151402
0.48970348
0.53834885
0.44464806
0.51976442
0.56209803
0.42473882
0.5000301
0.5190531
0.59990925
0.60989946
0.178013
0.97563863
0.72524822
0.54635978
0.59380418
0.64649469
0.5940612
0.75231546
0.54221886
0.17494534
0.46902955
0.52574778
0.57121539
0.55934894
0.49377301
0.63524854
0.87224293
0.69962001
0.49785009
0.63842177
0.42624339
0.68055618
0.60705632
0.37633917
0.86281943
0.76520669
0.37800643
0.48550865
""
""
0.71339506
0.46803764
0.58732539
0.45028007
0.47745109
0.81045371
0.53113556
""
0.48952496
0.49772164
0.72164845
0.54810578
0.46853033
0.40247521
0.40219513
0.27808267
0.59402174
0.63877881
0.024129238
0.88473803
0.49947315
0.52659017
0.56125832
""
0.4546904
0.4226625
0.28658634
0.481354
""
""
0.35904077
0.58065122
""
0.47012353
0.6007362
0.54650193
0.54767519
0.39769658
0.27160689
0.57828748
0.64096773
0.42555377
0.68978763
""
""
""
""
""
""
""
""
""
0.58176088
0.52412122
0.55632049
0.70197952
0.79715759
""
""
""
0.78032386
0.4026497
0.19367583
0.70351857
0.38161945
0.36539376
0.71007639
0.49480021
0.59585053
0.63344294
0.52499896
0.38120154
0.44785926
0.82098752
""
0.37995785
""
0.47919825
0.523947
0.31062385
0.59646577
0.7321859
0.68312734
0.83819419
0.40817469
0.60880047
0.66997904
""
0.98436296
0.44001526
0.46576732
0.61115104
0.2839416
0.80006748
0.512007
0.78630924
0.40601507
0.5064407
0.63209343
0.67399698
0.55665833
0.39957812
0.57437336
0.58272785
0.61431867
0.54496562
0.50021166
0.55623537
0.44189268
0.57986659
0.5450623
0.51560682
0.77222049
0.43362346
0.42333063
0.33048153
""
0.63009644
""
""
""
0.61428148
0.46293136
0.55651176
0.4194265
0.42584261
0.61855239
0.64746141
0.62468225
0.67444682
0.40330973
""
0.65054017
0.88267583
0.71341497
0.45528558
0.56593996
""
0.76370144
0.48391643
""
0.58047032
0.46921045
0.4388712
0.29038581
0.5571956
""
""
""
""
0.4556922
""
""
0.14571723
0.69678128
0.70009291
0.67891699
0.34233522
0.64292407
0.87874454
0.62962335
0.67706692
0.67890924
0.87972921
""
0.47768462
0.52367216
0.60546035
0.55429715
0.58234131
0.49259275
0.53442711
0.55984259
0.5946936
0.61359733
0.66859156
0.61184281
0.46769264
0.51876408
0.71840936
0.44828808
0.32925385
0.57060784
0.4473778
""
0.70776594
0.74588263
0.41925567
0.58263564
0.74233419
""
""
0.41087684
0.53975636
""
0.78396195
0.66180801
0.66060174
0.82496834
0.72439748
0.32587337
0.57147241
0.67275715
0.66072762
0.72638577
0.55422783
""
0.73419291
0.6239745
0.50379616
""
0.55372787
0.73307252
""
0.54501128
""
0.53001034
""
0.60104376
0.65569496
0.63973069
0.45339814
0.44813216
0.6228689
0.45949638
0.35691506
0.51510632
0.68042314
""
0.71123946
0.16765606
0.43934041
""
0.59573108
0.49240035
0.52695191
0.51697099
0.43956289
0.67695117
0.67176676
0.51414007
""
0.54959673
0.58620739
0.49427155
0.86576498
0.60404855
0.65399027
0.30472615
0.70122033
""
0.64116496
0.82784176
""
""
""
0.14992476
""
""
0.85715359
""
""
""
""
""
""
""
""
""
""
0.50593114
""
""
""
0.077290528
0.45003062
""
""
""
""
""
""
""
""
""
""
""
""
""
""
""
""
""
""
""
""
""
""
""
""
""
""
""
""
""
""
""
""
""
""
""
""
""
""
""
""
""
""
""
""
""
""
""
""
""
""
""
""
""
""
""
""
""
""
""
""
""
0.54333854
0.81479013
0.68446171
0.24264731
0.52457261
0.43200448
""
0.52423066
0.76724571
0.7477476
0.88611537
0.44773841
0.80221635
0.49608827
""
0.59151119
0.6337474
0.63658148
0.48971462
0.72260183
0.62362832
0.71147746
0.79856688
0.52492684
0.27786306
0.49250427
0.67102951
0.30927241
0.54073077
0.59094048
0.5140968
0.57686937
0.34704727
0.5961324
0.34563473
0.77069759
0.45953897
0.52905411
0.45503873
0.71914244
0.48836946
0.73974276
0.42066991
0.51326454
0.66025132
0.56074286
0.72977483
0.60439312
0.481258
0.64050758
0.5779888
0.67174339
0.47729668
0.4777135
0.73359638
0.56597298
0.34217975
0.40151519
0.61895359
0.77126896
0.81739283
0.59994811
""
0.61588162
0.6958831
0.9045803
0.4400917
0.36389408
0.29295743
0.80048811
0.72316837
0.52801722
0.76688087
""
0.71738118
0.57232451
0.55118847
0.39482117
0.88358992
0.52640122
0.80538929
0.79469121
0.30550545
0.44776702
0.60419548
0.28615817
0.66098541
0.49797767
0.92916131
0.51785111
0.47763142
0.38975617
0.7896691
0.94504768
0.57897949
""
""
0.75634313
0.570454
0.50115538
0.35580781
0.51021624
0.39362848
0.58276331
0.84632969
0.56988329
0.61119467
0.4152602
0.60079008
0.44265348
0.34358639
0.55903286
0.48514423
0.50633442
0.36427709
0.63574976
0.69990778
0.59261996
0.60764492
0.5536747
0.56069893
0.77998507
0.37804511
0.76266563
0.48194274
0.93981743
0.50774163
0.58064967
0.72185242
0.35295001
0.76568997
0.37914628
0.53365266
0.2439056
0.59069455
0.66793108
0.73780978
0.62359756
0.52356613
0.7980268
0.45838562
0.65853328
0.66991627
0.7707954
0.59478337
0.56576401
0.41642183
0.64986306
0.70112717
0.52228183
0.44369364
0.37892708
0.62372839
0.61299419
0.79459143
0.39079061
0.61736768
0.67357224
0.57547486
0.72494829
0.55740827
0.82004541
0.4303903
0.70647788
0.65208536
0.73758906
0.54572988
0.45157549
0.56727892
0.68276387
0.61318392
0.81175995
0.31991762
0.37184712
0.54192775
0.53657335
0.50868952
""
0.64766866
0.37450132
0.34497041
""
0.39493212
0.40875953
0.39726749
0.56594974
0.66003281
0.68475527
0.6076684
0.91672522
0.99686062
0.31193298
0.72736359
0.37857795
0.68402964
0.72780359
""
0.83202684
0.61989552
0.73438966
0.53030908
""
0.88242513
""
0.65147913
0.18570614
0.29360569
""
""
0.89899015
0.66545582
0.62581289
0.90745956
""
0.71468377
0.78241909
""
0.71668249
""
0.7289024
""
""
""
0.44177443
0.7634657
0.89027101
0.38603163
0.55078781
0.57271886
0.63810331
""
""
0.61600882
""
0.14457378
0.59266889
0.78047693
0.71014643
0.35194889
0.61881733
0.73199278
0.97081399
0.86303055
""
0.64864737
0.53022617
0.58958161
0.44820768
0.7307604
0.61463994
0.54105932
0.54803127
0.22405943
""
0.82077342
0.66450429
0.88982409
0.70695156
0.80017579
0.64268142
0.49420229
0.65603274
0.79414773
0.64317381
0.64570677
0.20217267
0.58166069
1.0190877
0.67322546
0.43583345
0.74495417
0.75915396
0.23084213
""
0.6117208
0.8259728
0.66675168
0.87179261
0.54997957
0.71586162
0.5440526
0.58795989
0.38083619
""
0.56405634
0.59266698
0.51412296
0.43034446
0.57350463
0.41165522
""
0.80450267
0.52160269
0.50697464
0.86900467
0.36835763
0.66339988
0.67976511
0.30638906
0.85031629
0.39289415
0.42676365
0.51558977
0.5833506
0.94001758
0.5700891
0.83914876
0.62662846
""
0.54554683
0.40865701
""
0.54129356
0.87649512
0.97504336
0.47304332
0.71429825
""
1.025841
0.4480643
0.37015343
""
""
""
""
""
0.59547186
0.61879838
0.45696378
0.68381953
0.69582868
0.72441334
""
0.86589724
""
""
""
""
""
""
""
""
""
""
""
""
""
""
""
""
""
""
""
""
""
""
""
""
""
""
""
""
""
""
""
""
""
""
""
""
""
""
""
""
""
""
""
""
""
""
""
""
""
""
""
""
""
""
""
""
""
""
""
""
""
""
""
""
""
""
""
""
""
""
""
""
""
""
""
""
""
""
""
""
""
""
""
""
""
""
""
""
""
""
""
""
""
""
""
0.70397204
0.67413002
""
""
""
""
""
""
""
0.7570731
0.36117861
0.41750324
0.63256413
""
""
""
""
""
""
""
""
""
""
""
""
""
""
""
""
""
""
""
""
""
""
""
""
""
""
""
""
""
""
""
""
""
""
""
""
""
""
""
""
""
""
""
""
""
""
""
""
""
""
""
""
""
""
""
""
""
""
""
""
""
""
""
""
""
""
""
""
""
""
""
""
""
""
""
""
""
""
""
""
""
""
""
""
""
""
""
""
""
""
""
""
""
""
""
""
""
""
""
""
""
""
""
""
""
""
""
""
""
""
""
""
""
""
""
""
""
""
""
""
""
""
0.47368011
""
""
""
""
""
1.0055408
0.7423414
0.554259
0.46057993
""
0.62912798
""
""
""
0.61210018
""
""
""
""
""
""
""
""
""
0.50327957
""
""
""
""
""
""
""
""
""
""
""
0.80744326
0.64160568
""
""
""
0.69830304
""
""
""
""
""
""
""
""
""
""
0.45636934
""
""
0.6750297
0.68766367
""
0.49049225
""
""
0.58012348
0.65195358
0.63923401
""
""
""
""
0.73712963
""
""
""
0.43570924
""
""
0.68481171
0.25744835
""
""
""
""
""
""
""
""
""
""
""
""
""
""
""
""
""
""
""
""
""
""
""
""
""
""
""
""
""
""
""
""
""
""
""
""
""
""
""
0.41133967
""
""
""
""
""
""
""
0.53073543
""
""
""
""
0.75089234
""
0.56923491
""
""
0.47560436
""
0.78027737
""
1.0315936
0.58082014
1.1241144
0.74815238
0.33478424
0.62659764
""
""
""
""
""
""
""
""
""
""
""
""
""
""
""
""
""
""
""
""
""
""
""
""
""
""
""
""
""
""
""
""
""
""
""
""
""
""
""
""
""
""
""
""
""
""
""
""
""
""
""
""
""
""
""
""
""
""
""
""
""
""
""
""
""
""
""
""
""
""
""
""
""
""
""
""
""
""
""
""
""
""
""
""
""
""
""
""
""
""
""
""
""
""
""
""
""
""
""
""
""
""
""
""
""
""
""
""
""
""
""
""
""
""
""
""
""
""
""
""
""
""
""
""
""
""
""
""
""
""
""
""
""
""
""
""
""
""
""
""
""
""
""
""
""
""
""
""
""
""
""
1.1497979
""
""
""
""
""
""
0.89579588
""
""
0.72871476
""
""
""
""
""
""
""
""
""
""
""
""
""
""
""
""
""
""
""
""
""
""
""
""
""
""
""
""
""
""
""
""
""
""
""
""
""
""
""
""
""
""
""
""
""
""
""
""
""
""
""
""
""
""
""
""
""
""
""
""
""
""
""
""
""
""
""
""
""
""
""
""
""
""
""
""
""
""
""
""
""
""
""
""
""
""
""
""
""
""
""
""
""
""
""
""
""
""
""
""
""
""
""
0.79935491
""
1.062446
0.93093824
""
0.51151675
""
1.2660016
""
""
0.75654358
""
""
""
""
""
""
""
""
""
""
0.56724232
""
""
""
""
""
""
""
0.49259812
""
0.68421948
""
0.51862383
-0.22495857
0.47853914
""
1.0542433
""
""
""
1.0132151
""
""
0.72637129
0.45181555
0.36865696
""
""
""
""
""
""
0.93690026
""
""
0.47156948
""
""
""
""
""
""
""
""
""
0.7796247
0.41164851
0.61877644
0.69652319
0.88297433
""
0.56675953
0.77361047
0.6393519
0.49810681
0.82227433
0.64173418
0.58164442
0.40066332
0.69916177
0.39811262
0.73849517
0.72973037
0.72704315
0.84319425
0.35077751
0.60561454
0.65170008
0.74969786
0.58606201
0.92880273
0.76628441
0.49496093
0.66498917
0.8985793
0.8602615
0.82493776
0.71947557
0.79774481
0.72752738
0.06961596
""
0.59373051
0.533961
0.39131263
0.70372784
""
0.82858586
1.1997781
0.74796665
0.51822186
""
0.65206653
0.084151573
0.46439642
0.18213873
0.83076257
0.82112008
0.69920266
""
0.74299067
""
0.69996673
0.76005793
0.53809059
""
0.53478968
""
0.65111464
""
""
0.69917369
0.38160768
0.47937787
0.86911297
0.61023962
""
""
0.33575821
0.74501729
""
0.44053382
""
0.93984735
""
""
""
""
""
""
""
""
""
""
""
0.31025219
""
0.87670588
""
0.4118076
""
0.28690436
0.3733727
""
0.60165668
""
0.70246673
0.50621176
""
""
""
""
""
""
""
""
""
""
-0.14986619
""
0.63254744
0.014902296
""
0.81839514
""
0.70982635
""
1.0529748
""
""
""
""
0.53758937
0.70639879
0.86322254
""
0.79312974
""
0.25194559
""
0.0064645694
0.20967025
""
0.28872907
""
""
""
0.21367984
""
0.77612978
""
""
""
""
""
""
""
0.89586753
1.1880916
""
0.77159244
0.47589967
""
0.50493407
0.83854133
0.73491198
0.7156918
""
0.44796047
""
""
0.74115229
0.5979687
""
0.85557979
0.99832714
""
""
""
0.23471621
""
""
""
""
""
""
""
""
0.48591948
""
0.4600648
0.48331866
""
0.38643017
0.78735882
0.95727998
""
0.85097748
0.69517744
""
-0.12550132
1.2394305
""
""
1.1802967
""
""
""
""
""
""
0.56386888
""
0.3591716
""
0.91649497
""
""
""
0.97603321
""
0.014671639
""
0.23365194
0.21888085
0.49887779
0.65181822
0.86944759
0.66849184
0.67796135
0.4420813
0.35447738
0.59060454
""
""
""
0.60131657
0.33680198
""
0.88691884
""
0.63481796
0.67345208
""
""
0.5124895
0.24300195
""
0.93728173
""
0.50261766
""
0.65834224
""
""
0.56221789
0.79598248
""
""
-0.38910529
0.13582078
0.71102011
0.78019822
0.3727909
""
0.94866651
0.3845239
0.59762222
""
0.29877302
0.35384119
""
""
0.89020115
0.75026792
""
1.0888929
0.67524701
""
0.36832461
""
0.70145893
""
0.43115994
""
0.26502034
""
0.61339045
""
0.97146451
""
0.38115728
""
0.51294142
""
0.59033144
""
0.74173838
""
0.95390034
""
""
""
0.88699853
""
0.79836726
""
0.68289804
""
""
0.69651145
""
0.51097113
""
0.33618221
""
0.67987299
""
0.60568303
1.0763235
0.53424323
""
0.57438976
""
0.2263353
0.69922918
0.46246183
0.92588925
0.3326017
0.64304149
0.91945338
0.61139756
0.49789467
""
0.66367072
""
0.64409292
""
0.83408368
""
0.60733306
""
0.37187999
""
0.55465811
""
""
0.91449237
""
""
""
""
""
""
""
""
""
""
""
""
0.81179947
0.38936347
0.66312099
0.56839406
0.73616219
0.60150409
0.60141516
0.81221592
-0.10465065
0.52345562
0.66010863
0.77546865
1.0655118
0.71746659
0.37341177
0.31003818
0.46488747
""
0.54847521
0.70414728
0.7531814
0.27507249
""
0.78459167
0.63225448
0.68468672
0.31881768
0.75050628
0.23576489
0.80195504
0.1830409
0.60333687
0.65935218
0.75868511
0.76768827
0.50681913
0.42523211
0.39922106
0.8474623
0.81607634
0.87656355
""
0.94321793
0.38484132
0.80927843
0.75872374
0.63108814
0.55165225
0.32628945
""
0.72176313
""
0.34782875
""
""
0.64310867
0.76352721
""
0.56586283
""
""
""
""
0.58014679
""
0.65336758
""
0.34456915
""
0.61086893
""
0.99835193
""
""
""
""
""
""
0.37702227
""
0.83624512
""
1.0156111
""
""
""
""
0.45090929
0.84123296
""
""
0.69293803
""
""
0.49879479
0.048297718
""
""
""
""
""
""
0.48381111
""
0.62436175
""
""
""
0.71668458
0.20440267
""
""
""
0.32102466
""
""
""
""
""
""
0.60762393
""
""
""
""
""
""
""
""
""
""
""
""
""
""
""
""
""
0.76349676
""
""
""
""
""
0.41494167
""
""
""
""
""
""
""
""
""
""
""
""
""
""
""
""
0.73007762
0.59539121
0.90284389
0.62675494
""
""
""
""
""
""
""
""
""
""
0.98607248
0.81670618
""
""
0.4992775
0.50252688
0.7096253
0.4801439
""
0.97719818
1.111279
0.91566819
""
0.97041792
""
""
0.92338943
0.59267563
0.34910792
0.167621
""
0.56825757
""
""
""
""
""
""
0.98723471
0.095541731
1.166558
0.58178014
0.88516241
0.81145358
0.66431814
""
""
""
""
""
""
""
""
""
""
0.71868229
""
""
""
""
""
""
""
""
""
""
""
""
0.7906329
""
0.7004993
0.71107167
0.31652537
0.86705357
1.3908278
0.73287225
""
0.65701932
0.47969395
0.45567337
0.23574491
0.56194729
0.5178104
0.406923
0.76232809
0.51555371
""
0.36584097
""
""
""
""
""
""
""
0.81914127
""
""
""
""
""
""
""
""
""
0.63901573
""
""
0.49110442
""
""
""
""
""
""
""
""
""
""
0.75852185
""
""
""
""
""
""
""
""
""
""
0.68500835
0.35454434
0.8363902
0.28264302
""
0.73822361
0.81290531
0.52660656
0.23061457
0.40699419
0.30458876
1.0921614
0.44681799
0.51715189
0.57213318
0.83092743
0.55463886
0.37613559
0.80708003
0.93831885
0.76567763
0.17806016
0.76848334
0.50987732
0.52314395
0.67888492
0.6724481
0.44583392
0.44423878
0.48280779
0.40675956
0.56540835
0.44902545
0.78972566
0.71268588
0.70889252
0.50770158
0.68114895
0.72388387
0.2419508
0.47626692
0.69337511
0.34860405
0.53439802
0.40357366
0.41964227
0.39331245
0.79927278
0.59927446
0.22567448
0.41781271
0.1963007
0.83111763
0.29809314
0.38871026
0.68119097
0.68127543
""
""
""
""
""
""
""
""
""
""
""
""
""
""
""
""
""
""
""
""
""
""
""
""
""
""
""
""
""
""
""
""
""
""
""
""
""
""
1.1202639
0.76406837
""
0.70481235
1.3581706
0.34592992
0.88587451
0.67288232
1.0185746
0.1744471
0.57299042
0.49284363
""
""
""
""
""
""
""
""
""
""
""
0.69982487
0.042600967
0.63939536
0.8611685
0.71786422
0.76211631
0.5597139
0.70599359
0.5852685
0.95751119
0.95211124
0.81241924
0.72565246
0.89316481
0.64452648
""
0.48413652
-0.12331366
0.92553586
""
""
""
""
""
""
""
""
""
""
0.48717433
""
""
""
""
""
0.51319909
0.56941724
0.36994404
0.6816889
0.58142996
0.73361778
""
""
0.11395913
""
0.29342958
0.50431061
0.53079319
""
""
""
""
0.50532401
0.62220263
""
""
""
""
0.88911802
""
""
""
""
""
0.66446453
0.70541686
0.6437062
""
""
""
""
""
""
""
""
""
""
""
""
""
""
""
""
""
""
""
""
""
""
""
""
""
""
""
""
""
""
""
""
""
""
""
""
""
""
""
""
""
0.60228413
""
""
0.74968356
0.70703238
0.65677154
""
""
""
0.55878174
""
""
""
0.50893956
0.74642521
""
0.36955687
""
0.42686719
""
""
0.76289785
""
0.47067714
""
""
""
""
""
""
0.32781819
0.82611692
""
""
0.53678209
""
""
""
""
""
""
""
""
""
""
""
""
""
0.90615934
""
""
""
""
""
""
""
""
""
""
""
0.56606007
0.91492838
""
0.51862031
0.49687493
""
0.56696385
1.0080564
""
""
""
""
""
""
""
""
""
""
0.63092911
""
""
""
1.5573078
0.6855951
""
""
0.11957444
""
0.66839558
0.62196654
""
""
""
""
0.48782128
""
""
""
""
""
""
0.76472545
""
""
""
0.91506749
""
""
0.88811105
""
""
""
0.92832106
""
""
""
0.81833524
0.82255226
0.57870513
0.77300578
0.76105952
0.51830333
0.86862737
0.76228303
0.41758597
0.6306622
0.95283997
0.5368194
""
""
""
0.49888444
0.44841069
0.74833399
0.45779511
0.87050772
0.47958031
0.486182
""
0.70588958
0.83958709
0.81352341
""
""
""
0.5328905
0.74955362
0.44357702
0.84701812
0.58722591
0.61323917
""
""
""
""
1.3053384
0.91945404
0.6724956
0.87098736
0.46590707
0.77250588
0.93166125
0.61380988
0.91361922
0.71544963
0.46901992
""
0.71390271
0.69619972
1.0784545
0.16599752
0.91834557
0.37548849
0.58388019
0.81212801
""
0.45590705
0.53741038
0.61393416
0.76194245
0.72550762
""
""
""
0.55043024
0.54910618
0.56328326
0.58051598
0.81740373
0.65197271
""
""
""
""
""
0.74246639
0.40430498
0.43831599
0.83754736
0.77704179
0.80123734
0.69748384
0.52965158
0.7822426
1.0412593
0.70920146
0.74564499
0.75152922
0.46469656
0.53506476
""
""
0.77397317
""
0.49094769
0.46244708
0.70400822
0.53306061
0.64922112
0.8545056
1.169432
0.39521104
0.76439852
0.4874129
0.65977389
""
""
""
0.90554708
0.87188077
0.31288326
""
0.58557445
0.75494301
0.86579788
0.61896706
0.52542263
0.77182066
0.7314297
0.87714547
0.8408888
0.60562193
0.51028663
0.47669145
0.76860845
0.68342912
0.5719142
0.90900022
0.51503897
0.41916281
0.72078192
0.57337737
0.71370965
""
""
""
0.84566545
0.79861182
""
""
""
""
0.21313898
""
""
""
""
""
0.80349004
""
""
0.75518101
0.41969076
""
""
""
0.63737464
0.75379246
0.56295115
0.63565779
""
0.66585827
""
0.78312171
0.40477443
""
0.73298192
0.8882587
0.69123316
""
""
""
""
""
""
""
""
""
0.23737742
""
""
""
""
""
""
""
""
""
""
""
0.80621397
0.7421692
0.54238099
0.75099134
0.66982061
0.7637496
0.84838194
0.66404533
""
""
""
""
""
""
""
0.76623958
""
""
""
""
0.72450215
0.75655574
0.24725635
0.55854183
0.58418679
""
""
0.71681929
""
""
""
""
""
""
""
""
""
""
""
""
""
0.65997815
""
0.71883565
0.77346557
""
0.58746523
""
-0.24450824
""
""
0.67883235
0.75087041
""
""
0.30074495
""
""
0.86048454
0.80768847
0.71128994
""
0.48041061
0.58516318
0.8380782
0.57571328
0.83147335
0.98926663
""
0.63869047
""
0.85762334
0.53096545
""
0.54318607
""
0.43139723
0.53017348
""
""
0.61210567
1.1095027
0.40667135
0.82125521
""
0.61377525
0.68879682
""
""
""
""
""
""
""
""
""
""
""
""
""
""
""
""
""
""
""
0.60672885
""
0.52864432
""
""
""
""
""
""
""
""
""
""
""
0.21280999
0.76289737
""
0.48523644
""
""
""
""
0.92147702
""
0.85069436
""
""
0.37233108
0.83522266
""
""
""
0.61593443
""
""
""
""
""
""
""
""
""
""
""
""
0.22488512
""
""
""
""
""
""
0.42953581
""
""
""
""
""
0.4782199
""
""
""
0.54932636
0.76844203
""
0.014246798
""
""
""
0.51833963
0.97469258
0.16401978
0.62049317
0.45659488
0.64035058
0.38257489
""
""
""
""
""
""
""
0.78727823
""
""
""
""
""
""
0.53932339
0.46897835
1.0731918
0.75622475
""
0.66419238
0.35838252
0.99850595
""
0.44830054
""
""
0.50962538
""
0.69512767
0.67865181
0.39741406
0.53335899
0.43754441
0.43132931
0.61796677
0.31167608
0.6099239
0.76515341
0.84636194
0.44815493
0.4089812
0.47632164
0.67097992
0.60078466
0.69842637
0.64467466
0.69262773
0.44882566
0.54155326
0.091344647
0.62846214
""
0.30195108
0.71515679
0.45162484
0.48039249
""
0.37529159
0.54839927
0.45895371
0.30357343
0.84706813
0.55387777
""
0.71758294
""
0.76401889
""
""
0.22104694
""
""
0.99670488
""
0.89202976
0.52738672
0.55082506
0.79813862
""
0.7838769
""
""
0.40269679
0.77179301
0.64615101
0.90373099
""
""
0.6148144
0.50031447
0.84989452
0.57195389
""
0.1296428
0.29751641
0.42744419
0.25485557
0.63778299
0.56059909
0.56184816
0.46813536
0.37552381
0.93023324
0.37301633
0.55869097
0.38733518
""
0.73234117
""
0.65477604
0.72905988
0.66251993
0.35621762
0.62941086
0.83150423
0.79927641
0.81042969
0.65466905
0.58548927
0.98313242
0.3287901
0.55989045
0.52247471
0.53831011
0.60709947
0.52600688
0.60611308
0.67473686
0.68894798
0.75619167
0.73011607
""
0.68115532
0.62604362
0.63040984
0.6030342
0.63311529
0.42632061
0.68828911
0.54279244
0.73757267
0.57215315
""
""
0.81752217
""
""
""
""
""
""
""
""
""
""
""
""
""
""
""
""
""
""
""
""
""
""
""
""
""
""
""
""
""
""
""
""
""
""
""
""
""
""
""
""
""
""
""
""
""
""
""
""
""
""
""
""
""
""
""
""
""
""
""
""
""
""
""
""
0.79680461
""
""
""
""
""
""
""
""
""
""
""
""
""
""
""
""
""
""
""
""
""
""
""
0.78072357
""
""
""
""
""
""
""
""
""
""
""
""
""
""
""
""
""
""
""
""
""
""
""
""
""
""
""
""
""
""
""
""
""
""
""
1.226848
0.43712279
""
""
""
""
""
""
""
""
""
""
""
""
""
""
""
""
""
""
""
""
""
""
""
""
""
""
""
""
""
""
""
0.68165654
""
""
""
""
""
""
0.62601781
1.4178841
""
""
""
""
""
""
""
""
""
""
""
""
""
""
""
""
""
""
""
""
""
""
""
""
""
""
""
""
""
""
""
""
""
""
""
""
""
""
""
""
""
""
""
""
""
""
""
""
""
""
""
""
""
""
""
""
""
""
""
""
""
""
""
""
""
""
""
""
""
""
""
""
""
""
""
""
""
""
""
""
""
""
""
""
""
""
""
""
""
""
""
""
""
""
""
""
""
""
""
""
""
""
""
""
""
""
""
""
""
""
""
""
""
""
""
""
""
""
""
""
""
""
""
""
""
""
""
""
0.59612834
""
""
""
""
0.34068322
0.67764962
0.6869728
0.4766635
0.051364247
0.71276891
0.70791668
0.68614966
1.1481279
0.97824866
0.65607917
0.71964574
""
0.17175195
""
0.5029884
0.65757626
0.60507137
0.42270008
0.29555732
0.56024837
0.66614777
0.66504103
0.71831185
""
""
""
1.0349151
0.82338983
0.80905056
0.78036505
0.69522631
0.37227827
0.60851711
""
""
""
""
""
""
""
0.44494572
""
""
0.65838981
0.5240199
0.71122634
0.64516735
""
0.7501263
""
0.572662
""
0.70479757
0.86761355
0.68307954
1.0808372
0.5448215
""
""
1.0376853
0.7773959
""
0.76767278
0.49923405
0.59472835
0.59930569
""
""
0.69823241
0.50782448
""
""
""
""
""
""
0.59126478
0.71818841
""
""
""
""
""
""
""
""
""
""
""
""
""
""
""
""
""
""
""
""
""
""
""
""
""
""
""
""
""
""
""
""
""
""
""
""
""
""
""
""
""
""
""
""
""
""
""
""
""
""
""
""
""
""
""
""
""
""
0.43215653
""
0.74446905
""
""
""
0.48505324
""
0.69840133
0.71673787
""
0.82390243
0.60960716
""
""
0.80113238
0.80683559
""
0.63278806
0.57296431
0.69673681
0.86285478
0.8701039
0.37388372
0.62938982
0.13394508
0.64587009
0.53489649
""
0.79957813
0.43665078
0.62733531
0.20104457
1.0485094
1.0331197
0.78219491
0.090117373
0.38714904
0.66978633
0.54331034
0.45982388
0.61244273
0.73450106
0.66757399
""
0.43912473
0.69320792
0.6203633
0.87301564
0.85131335
""
0.86036587
0.50943726
0.92190164
0.51110315
0.80726808
0.54809809
0.5047608
0.82748145
0.74438846
0.96707672
0.7601977
0.39393333
0.45825782
0.66790372
0.64240241
1.0116545
0.59837884
0.4349224
0.43361196
0.75429946
""
0.50418633
0.57876956
0.86742204
0.18147494
0.76002973
0.24297279
0.45471445
0.65488517
0.54983056
0.41562632
0.64056897
0.66998535
""
0.79341418
0.77077228
0.7810964
0.67209327
0.42249849
""
0.33591938
0.74465382
0.73359603
0.90685141
0.53287023
1.1891036
0.77374321
0.62449205
0.97593951
0.79788238
0.41565183
0.72700387
""
0.43444306
0.21176878
0.42462569
""
0.58803004
0.70178676
0.85000092
0.85270113
0.93885988
0.80854857
""
0.35519373
""
0.82310897
0.24984576
0.17151755
0.3648743
0.44536978
0.76328838
0.21410133
0.92613733
0.77364051
0.99686164
0.93776107
0.71985549
0.65081275
0.69464344
0.59835649
0.61737037
0.95723218
0.78816622
-0.33163285
0.63049603
0.56325054
0.86388308
0.66714346
0.48389938
0.68536574
0.4932318
0.35648352
0.78441799
0.42392969
""
0.7366538
0.49866438
0.46074161
0.13664931
1.2748965
""
0.72908866
0.37872913
""
0.68219155
""
""
0.27691147
0.81734258
""
0.91343862
""
0.85260683
""
""
""
""
""
0.78237057
""
""
0.64526266
-0.074257195
0.23536022
0.77796322
0.89140952
0.35510644
""
0.65025479
0.52627057
""
0.68311054
0.44699517
0.60774958
0.8675161
0.4541755
0.53649819
0.91838539
0.40506905
""
0.76172763
0.55557251
0.48262352
1.0555086
0.34169105
0.71810466
""
""
0.54785562
""
0.51152217
""
0.59077221
""
1.1231768
""
0.64611399
0.74641067
0.53260201
""
0.67427427
""
0.67722625
""
0.71852034
""
0.6634407
""
0.58832252
""
0.69065857
""
0.82356709
""
0.57234251
0.54504621
""
0.76065123
0.73179924
""
0.50485671
0.78403044
0.36532673
""
0.82491434
0.80738091
0.70519239
0.65740734
""
0.6363467
""
0.84549665
0.25127739
""
0.54811382
0.42018425
0.66112828
0.64501119
0.80252087
""
0.45808551
0.69269288
""
0.21577756
1.189896
0.31873327
""
0.28417948
""
0.41982654
0.80632114
0.65337139
0.37688273
0.95660454
0.51010925
0.43647543
""
""
""
""
""
0.56400973
""
0.34489989
""
0.42376029
""
0.72980946
0.67429936
0.65775502
0.57600141
0.64524716
0.3238602
0.56929195
""
""
0.76790959
""
""
0.62206215
0.84928167
0.47079706
0.56282806
0.65357912
0.76410377
0.63985294
0.70358717
0.3638854
0.64506036
""
""
0.2203263
0.55292052
""
0.71116632
1.1947786
0.36338526
0.41568741
0.82674092
0.49695194
0.56569201
""
0.86769235
0.62187558
0.73519593
0.45329627
0.69627255
0.53363162
0.45471257
0.35081398
0.44936663
0.89001179
""
0.14381982
0.75708145
0.68072134
0.83760405
0.71077597
0.36336637
0.87236899
0.30270588
0.9914313
0.57882065
""
0.83263987
""
0.82179338
0.71734172
0.84998566
0.18655145
""
""
""
""
""
""
""
""
""
""
""
0.123422
0.93039346
""
""
""
0.52733475
""
""
0.72158158
""
""
""
0.17029902
""
""
1.0352734
""
""
0.81195837
0.6984973
0.56096315
0.87888002
0.66110098
0.74220216
0.69068229
0.53879267
0.77233517
0.79593688
0.7618289
0.54141349
0.49108592
0.62768584
0.53958642
0.80392569
0.1505291
""
0.72172505
0.89651299
0.66643894
1.0116106
0.63403124
0.76218098
0.27109692
0.69156545
0.75038886
0.54159045
0.85058963
0.61438435
0.44158292
0.59871274
0.69138062
""
0.65197331
""
0.65107262
""
0.69941711
""
""
""
""
""
0.31892663
""
""
""
""
0.47868991
""
""
""
""
""
""
""
0.35783491
""
""
0.13425978
""
0.73470104
0.86016887
""
""
""
""
""
0.87230146
0.68884569
""
""
""
1.0890802
""
""
0.69616866
0.63405859
""
""
""
0.22783686
""
""
0.7684961
""
""
""
""
""
0.75006175
0.82256907
""
0.67070949
0.71379584
""
0.72365087
""
""
1.5175864
""
""
""
""
0.61495656
0.85424209
0.064628698
0.1992262
0.53006428
""
0.86157572
0.53602201
""
0.82581925
""
""
""
""
""
""
0.5453549
0.78641975
0.59824109
""
1.0852729
""
""
""
""
0.55021834
""
0.4408741
0.80255389
""
0.1853428
0.67187297
0.23933336
""
""
""
""
0.62752163
0.7724672
0.37104437
0.91652477
0.5888868
0.39742124
0.53731889
0.68248045
0.88334155
0.66745204
0.48381215
0.82062197
0.4743844
0.90300471
0.5684914
0.3660503
0.63476735
0.60038143
0.74237287
0.77383244
0.58740187
0.8363412
0.7312429
""
0.76707464
0.62702334
0.73622113
0.76059932
""
""
""
0.86269766
""
0.85526448
""
0.91061252
""
""
0.81866497
0.73601806
-0.15054311
0.26942256
0.34076428
0.58539015
0.73897392
0.65555382
0.94952518
0.29498479
0.30164284
0.86146528
""
""
""
0.50939637
-0.14358848
""
""
""
""
0.60915118
0.54075754
""
""
0.62539846
0.70177197
""
0.65132916
""
0.88211399
0.58016211
""
0.77983606
0.55391866
""
""
""
""
""
0.62088454
""
""
0.76617682
""
""
""
""
""
0.93310452
0.43953869
0.39866233
0.28583688
0.75805604
""
0.38282645
0.80144447
""
0.70805407
0.71704215
0.76091725
0.7308597
0.70979327
""
0.49036035
""
""
""
0.75929606
0.59819782
0.50006807
0.7414965
0.66956443
0.89947712
""
0.46449453
""
0.65736043
""
""
""
""
""
0.86482441
""
""
0.93590355
0.3556084
0.62172598
0.91611594
""
""
""
""
""
0.78250396
1.0457669
""
""
0.99637818
""
0.29104838
""
0.81243169
""
""
0.62847066
""
""
""
0.7659893
""
""
0.99351805
""
0.71034044
""
""
0.74973464
0.37234753
0.59143806
0.87842399
""
""
""
""
""
""
""
""
""
""
""
""
""
""
""
""
""
""
""
""
""
""
""
""
""
""
""
""
""
""
""
""
""
""
""
""
""
""
""
""
""
""
""
""
0.68076676
0.76785827
0.56475735
0.57328391
""
""
0.52594012
""
0.68809044
""
0.60103768
0.44506091
0.14379296
0.16698802
0.6913811
0.52700895
0.82646644
""
0.62701523
""
0.62657058
0.51352078
0.85947895
0.33175817
0.49188885
""
""
0.37326545
0.49961373
0.59163672
0.91889608
0.81673229
0.055507347
""
""
0.84710467
1.199007
""
0.67695743
""
""
0.67959934
0.74507803
0.59897685
""
0.77221978
0.88810992
0.24290451
""
0.94713306
""
""
""
""
0.78038204
""
0.54322141
""
""
0.73495835
0.43414751
""
0.64096373
""
""
0.76738161
""
0.74281186
""
""
0.571307
0.80598998
""
""
""
0.71806043
0.8207649
0.62802839
0.77275032
""
0.59332246
0.48492476
0.49819833
""
0.60706019
0.73480725
""
""
0.57948357
0.49585035
0.55550098
""
""
0.51015288
""
0.52894986
""
""
""
0.49522206
0.70410484
0.81095636
0.55148077
0.50160879
0.54448843
""
0.68474352
0.81448191
0.65526158
0.68421823
0.5940966
""
0.72589225
0.58646011
0.66351676
0.6805166
0.85797542
""
""
0.6609537
""
0.60086471
0.69540262
""
0.75871378
0.48445284
0.76389754
0.67767429
0.73245871
0.85546315
0.35428131
0.91238648
0.71182752
0.7144931
0.58836335
0.44766423
0.60708249
""
""
""
""
""
""
""
0.52840018
0.58654672
""
""
""
""
""
""
0.79426718
""
""
1.1572767
0.73676097
0.7813943
0.60510421
0.64352447
0.78242075
""
0.72787261
""
""
""
0.3781614
""
""
""
""
""
""
""
""
""
""
""
""
""
""
""
""
""
""
""
""
""
""
""
""
""
""
""
""
""
""
""
""
""
""
""
""
""
""
""
""
""
""
""
""
""
""
""
""
""
""
""
""
""
""
""
""
""
""
""
""
""
""
""
""
""
""
""
""
""
""
""
""
""
""
""
""
""
""
""
""
""
""
""
""
""
""
""
0.37551245
""
0.11882934
""
1.0644921
""
""
""
0.3194114
""
0.48648652
""
""
""
""
""
""
""
""
""
""
""
""
""
""
""
""
""
""
""
""
""
""
""
""
""
""
""
""
""
""
""
""
""
""
""
""
""
""
""
""
""
""
""
""
""
""
""
""
""
""
""
""
""
""
""
""
""
""
""
""
""
""
""
""
""
""
""
""
""
""
""
""
""
""
""
""
""
""
""
""
""
""
""
""
""
""
""
""
""
""
""
0.60940254
""
0.46286744
0.68237931
1.0043871
0.57165468
""
""
0.80822897
0.6422388
""
0.80058831
0.52774704
""
""
0.89374214
""
""
""
""
""
""
""
0.7334497
""
""
""
""
""
""
""
""
""
""
""
""
0.29192039
""
0.64616102
0.71331424
0.30964652
0.9348225
0.37439319
""
0.33563057
""
""
""
""
0.68667954
0.73081625
0.65824801
0.20912425
0.59870696
0.4263927
0.87705505
0.57710487
0.34347606
0.48366016
0.39164856
0.44878069
0.78717405
0.53243977
0.44265127
""
0.82263386
0.47112387
0.57955945
0.83335078
0.88251013
""
""
1.0499651
""
0.40682477
0.65954322
""
""
0.85132098
""
0.74207908
""
""
""
""
""
0.67023098
""
""
""
""
""
""
""
""
""
""
""
""
""
""
""
""
""
""
0.63203716
""
""
0.53478986
0.63812751
0.56489468
0.23862898
0.80433136
0.65436184
0.42342108
0.48965988
1.1411638
0.38324654
0.59259605
0.72827756
""
0.55536795
0.67881322
0.79328203
0.6977672
0.65132898
0.65598083
0.43470526
0.76287222
0.55721074
0.69962299
0.63036478
0.6172033
0.49146914
0.64979011
""
0.28556743
""
0.83651
0.67779326
0.56373608
0.53204727
0.58143365
""
0.64308345
""
""
""
0.63079226
0.95971984
1.1199127
0.83019942
0.59762311
""
""
0.66536915
""
""
""
""
""
""
""
0.54484588
0.54405516
0.88922983
""
0.73346454
""
""
""
""
0.50951403
""
""
""
""
0.65289932
""
""
""
0.70714951
""
""
""
""
0.87979579
0.73403668
0.95145744
""
""
""
0.33278015
0.97541928
""
0.79909092
""
0.77215838
""
""
""
""
0.42312336
""
0.95181584
0.47977138
""
0.75996381
""
""
0.52359802
0.83999735
0.5368253
""
""
""
""
""
0.97007054
""
""
""
""
""
""
""
0.37167507
0.87663633
0.58927739
0.87543243
0.93260247
""
0.98356301
0.59087384
0.78869307
0.86135489
0.47515419
""
0.40261579
0.64179665
""
0.97847664
""
0.50861007
0.37771809
0.66597247
""
0.73566067
0.45277148
0.49223912
0.29702309
0.73012984
0.70770913
0.47640079
0.66757107
0.673307
0.54400188
""
""
0.58431661
""
0.58932984
""
0.39731139
0.55390054
0.6583367
0.70880073
""
0.60285842
0.72247046
0.64787644
0.52351105
""
0.5779835
0.9512893
""
""
0.66957009
""
""
0.35701224
""
""
""
""
""
""
""
""
0.79385448
""
""
""
""
""
""
""
""
""
""
""
""
""
""
""
""
1.0787863
""
""
0.62793696
""
""
""
""
""
""
0.76676846
""
""
""
""
0.84501022
""
""
0.6693294
""
0.18290979
""
""
""
""
""
""
""
""
""
""
""
""
""
""
""
""
""
""
""
""
""
""
""
""
""
""
""
""
""
""
""
""
""
""
""
""
""
""
""
""
""
""
""
""
""
""
""
""
""
""
""
""
""
""
1.21251
""
""
0.72890836
""
""
""
""
""
""
""
""
""
""
""
0.88418579
""
0.61307126
""
""
""
1.140416
0.32238519
""
0.78063631
""
""
""
0.76216626
""
""
""
""
""
""
""
""
""
""
""
""
""
""
""
""
""
""
""
""
""
""
""
""
""
""
""
""
""
""
""
""
""
""
""
""
""
""
""
""
""
""
""
""
""
""
""
""
""
""
""
""
""
""
0.42176297
0.5304352
""
""
""
""
""
""
0.69953507
0.38710174
""
0.51471531
0.35195401
0.85758799
0.65437877
0.31823912
0.76835257
0.65953863
0.66082883
0.77859753
0.49867421
0.48856363
0.53620577
0.67775673
0.073067226
1.1701984
0.5480628
0.61262304
0.57885444
0.75759208
0.57457775
0.44904405
0.62845302
0.92994332
1.054087
""
0.72488451
0.57039213
0.88882327
0.5338617
0.72496277
0.71221197
""
0.94133085
0.75731093
""
0.49198815
""
0.69356161
""
""
0.68605471
""
0.4950757
1.0425611
""
0.61811101
0.59924775
""
0.87262756
0.624237
""
""
""
""
""
""
-0.46230298
0.53126979
0.649207
0.62015432
0.68688613
0.20738551
0.49418834
0.46288612
0.52255517
0.69972366
""
""
""
""
""
0.7722007
""
""
""
""
""
""
""
""
0.46356943
0.80832225
0.59565735
0.40309307
0.5881927
0.12699701
0.57096064
0.53591752
0.76942861
0.77094811
0.72738922
0.60788018
""
""
0.73988521
0.46270555
""
0.66359133
1.0518528
0.87042141
0.82012755
""
""
""
0.60410428
0.57738936
0.55713844
0.65458888
0.9029119
1.0029202
-0.00025373363
""
""
""
""
""
""
0.56151378
0.5737884
0.72722423
0.53688633
0.41185936
1.0016593
0.83775222
0.34461689
0.15853748
0.58084017
""
""
""
""
""
""
""
""
""
""
""
0.88902837
""
""
""
0.87800783
""
""
""
0.69304502
0.61574984
0.69539249
0.58686203
""
0.60701185
""
0.8783744
0.97560233
0.73824972
""
""
""
""
""
""
0.5011642
""
""
""
""
""
""
""
""
""
0.22412425
0.56620747
0.76647395
""
""
""
""
""
0.56090122
0.36755633
0.60080856
0.62153244
0.56224209
0.52847445
""
""
""
0.33242217
0.5119828
1.2779448
0.60394359
0.48312378
""
""
""
0.62643552
0.78502917
0.56456763
""
0.61874217
""
0.66136861
""
0.7359978
""
0.87376976
""
""
""
""
""
""
""
""
""
""
""
""
""
""
""
""
""
""
""
""
""
""
""
""
""
""
""
""
""
0.71503317
0.60536164
0.72990894
""
""
""
""
""
""
""
0.52171546
0.22063893
""
0.65330136
""
""
""
""
""
""
""
""
""
""
""
""
""
""
""
""
""
""
""
""
""
""
""
""
""
""
""
""
""
""
""
""
""
""
""
""
""
""
""
""
""
""
""
""
""
""
""
""
""
""
""
""
""
""
""
""
""
""
""
""
""
""
""
""
""
""
""
""
""
""
""
""
""
""
""
""
""
""
""
""
""
""
""
""
""
""
""
""
""
""
""
""
""
""
""
""
""
""
""
""
""
""
""
""
""
""
""
""
""
""
""
""
""
""
""
""
""
""
""
""
""
""
""
""
""
""
""
""
""
""
""
""
""
""
""
""
""
""
""
""
""
""
""
""
""
""
""
""
""
""
""
""
""
""
""
""
""
""
""
""
""
""
""
""
""
""
""
""
""
""
""
""
""
""
""
""
""
""
""
0.64699864
""
""
0.25592482
""
""
""
""
""
""
""
""
""
""
""
""
""
""
""
""
""
""
""
""
""
""
""
""
""
""
""
""
""
""
""
""
""
""
""
""
""
""
""
""
""
""
""
""
""
""
""
""
""
""
""
""
""
""
""
""
""
""
""
""
""
""
""
""
""
""
""
""
""
""
""
""
""
""
""
""
""
""
""
""
""
""
""
""
""
""
""
""
""
""
""
""
""
""
""
""
""
0.7406739
0.76691443
0.44834229
""
""
""
""
0.98915541
""
""
""
0.45523983
""
""
""
""
""
""
""
""
""
""
""
""
""
""
""
""
""
""
0.88603365
0.59542233
""
""
""
""
""
""
""
""
""
""
""
""
""
""
""
""
""
""
""
""
""
""
""
""
""
""
""
""
""
""
""
""
""
""
""
""
""
""
""
""
""
""
""
""
""
""
""
""
""
""
""
""
""
""
""
""
""
""
""
""
""
""
""
""
""
""
""
0.83566922
0.6530869
""
0.25835752
0.6563018
""
""
""
0.80254751
""
""
""
0.62523282
""
""
0.21104018
""
""
0.46672416
""
0.98368204
1.1083914
""
""
0.62427473
0.43579912
""
0.4525857
0.7584886
""
0.25145835
""
0.39371741
0.94402409
0.4277477
0.38926163
0.71659666
""
""
""
""
0.31658301
""
""
0.84200901
0.74316651
0.67025101
0.4775061
0.70453668
0.6853925
""
0.75002682
0.4850128
1.073627
0.73103136
0.73102283
""
0.70812142
0.24565613
0.166365
0.58894825
0.60223335
""
0.48628181
0.62216735
0.59851366
0.73988497
0.4087964
0.40879869
""
""
""
""
""
""
""
""
""
""
""
""
""
""
""
""
""
""
""
""
""
""
""
""
""
""
""
""
""
""
""
""
""
""
""
""
""
""
""
0.083610862
""
""
""
""
""
""
""
""
""
""
""
""
""
""
""
""
""
""
0.60073733
""
""
""
""
""
""
""
""
""
""
""
""
""
""
""
""
""
""
""
""
""
""
""
""
""
""
""
""
""
0.63717675
""
""
""
""
""
""
""
""
""
""
""
""
0.62406439
""
""
""
""
""
""
""
""
0.48937452
""
1.0184798
""
""
""
""
""
""
""
""
""
""
""
""
""
""
""
""
""
""
""
""
""
""
""
""
""
""
""
""
""
""
""
""
""
""
""
""
""
""
""
""
""
""
""
""
0.79128039
0.24550802
""
""
""
""
""
""
""
""
""
""
""
""
""
""
""
0.49416241
0.93105036
""
""
""
""
""
""
""
""
""
""
""
""
""
""
""
""
""
""
""
""
""
""
""
""
""
""
""
""
""
""
""
""
0.64054435
""
""
""
""
""
""
""
""
-0.15250804
""
""
""
""
""
""
""
""
""
""
""
""
""
""
""
""
""
""
""
""
""
""
""
""
""
""
""
""
""
""
""
""
""
""
""
""
""
""
""
""
""
""
""
""
""
""
""
""
""
""
""
""
""
""
""
""
""
""
""
""
""
""
""
""
""
""
""
""
""
""
""
""
""
""
""
""
""
""
""
""
""
0.62293291
""
""
""
""
""
""
""
""
""
""
""
""
""
""
""
""
""
""
""
""
""
""
""
""
""
""
""
""
""
""
""
""
""
""
""
""
""
""
""
""
""
""
""
""
""
""
""
""
""
""
""
""
""
""
""
""
""
""
""
""
""
""
""
""
""
0.18136261
""
""
""
""
""
""
""
""
""
""
""
""
""
""
""
""
""
""
""
""
""
""
""
""
""
""
""
""
""
""
""
""
""
""
""
""
""
""
""
""
""
""
""
""
""
""
""
""
""
""
""
""
""
""
""
""
""
""
""
0.69937968
""
""
""
""
""
""
""
""
""
""
""
""
""
""
""
""
""
""
""
""
""
""
""
""
""
""
""
""
""
""
""
""
""
""
""
""
""
""
""
""
""
""
""
""
""
""
""
""
""
""
""
""
""
""
""
""
""
""
""
""
""
""
""
""
""
""
""
""
""
""
""
""
""
""
""
""
""
""
""
""
""
""
""
""
""
""
""
""
""
""
""
""
""
""
""
""
""
""
""
""
""
""
""
""
""
""
""
""
""
""
""
""
0.58941388
0.16424538
0.29126111
""
""
""
""
""
""
""
""
""
""
0.53989506
""
0.12117209
""
""
""
""
""
""
""
""
""
""
""
""
""
""
""
""
""
""
""
""
""
""
""
""
""
""
""
""
""
""
""
""
""
""
""
""
""
""
""
""
""
""
""
""
""
""
""
""
""
""
""
""
0.27655795
0.94233292
""
""
""
""
""
""
""
""
""
""
""
""
""
""
""
""
""
""
0.075692773
""
""
""
0.7912643
""
0.89495379
""
""
0.5136537
""
""
""
""
""
""
""
""
""
""
""
""
""
""
""
""
""
""
""
""
""
""
0.73807877
0.75250638
""
""
""
""
""
""
0.074039489
""
""
""
""
""
""
""
""
""
""
""
""
""
""
""
""
""
""
""
""
""
""
""
""
""
""
""
""
""
""
""
""
""
""
""
""
""
""
""
""
""
""
""
""
""
""
""
""
""
""
-0.13675521
""
""
0.43499312
""
0.53813857
""
""
""
""
""
0.36520472
""
0.53919339
""
0.91400892
0.39694357
""
""
""
0.40436217
1.061928
1.1761742
0.48587397
""
""
""
0.88619959
0.32119977
""
""
""
""
""
""
""
""
""
""
""
""
""
""
""
""
""
""
""
""
""
""
""
""
""
""
""
""
""
0.83226109
1.2000605
""
1.0694805
0.56157708
-0.018197617
0.85747612
""
""
""
""
""
""
""
""
""
-0.078250967
0.54720038
0.62515199
""
""
""
""
""
""
""
""
""
""
""
""
""
""
""
""
""
""
""
""
""
""
""
""
""
""
""
""
""
""
""
""
""
""
""
""
""
""
""
""
""
""
""
""
""
""
""
""
""
""
""
""
""
""
""
""
""
""
""
""
""
""
""
""
""
""
""
""
""
""
""
""
""
""
""
""
""
""
""
""
""
""
""
""
""
""
""
""
""
""
""
""
""
""
""
""
""
""
""
""
""
""
""
""
""
""
0.50795174
""
""
""
""
""
""
""
""
""
""
""
""
""
""
""
""
""
""
""
""
""
""
""
""
""
""
""
""
""
""
""
""
""
""
""
""
""
""
""
""
""
""
""
""
""
""
""
""
""
""
""
""
""
""
""
""
""
""
""
""
""
""
""
""
""
""
""
""
""
""
""
""
""
""
""
""
""
""
""
""
""
""
""
""
""
""
""
""
""
""
""
""
""
""
""
""
""
""
""
""
""
""
""
""
""
""
""
""
""
""
""
""
""
""
""
""
""
""
""
""
""
""
""
""
""
""
""
""
""
""
""
""
""
""
""
""
""
0.56465918
""
0.63950402
""
""
""
""
""
0.91889888
""
0.2148461
0.77211094
0.51493371
0.21975565
0.68520439
0.53427309
0.52365792
""
""
""
0.65025908
0.47697523
0.59607387
0.48185974
0.80795503
""
0.98856413
0.80054176
""
""
""
""
""
""
""
""
""
""
""
""
""
""
""
""
""
""
""
""
""
""
""
""
""
""
""
""
""
""
""
""
""
""
""
""
""
""
""
""
""
""
""
""
""
""
""
""
""
""
""
""
""
""
""
""
""
""
""
""
""
""
""
""
""
""
""
""
""
""
""
""
""
""
""
""
""
""
""
""
""
""
""
""
""
""
""
""
""
""
""
""
""
""
""
""
""
""
""
""
""
""
""
""
""
""
0.28160924
""
""
0.75479209
0.19184552
1.6774602
""
""
""
""
""
""
""
""
""
""
""
""
""
""
""
0.38668078
""
""
""
""
""
""
""
""
""
""
""
""
""
""
""
""
""
""
""
""
""
""
""
""
""
""
""
""
""
""
""
""
""
""
""
""
""
""
""
""
""
""
""
""
""
""
""
""
""
""
""
""
""
""
""
""
""
""
""
""
""
""
""
""
0.5307321
""
""
""
""
""
""
""
""
""
""
""
""
""
""
""
""
""
""
""
""
""
""
""
""
0.89165932
""
""
""
0.72035336
""
""
""
""
""
""
""
""
""
""
""
""
""
""
""
""
""
""
""
""
0.86601233
0.12252294
""
""
""
""
""
-0.4512668
0.94396424
""
""
""
""
""
""
""
""
""
""
""
""
""
""
""
""
""
""
""
""
""
""
""
""
""
""
""
""
""
""
""
""
""
""
""
""
""
""
""
""
""
""
""
""
""
""
""
""
""
""
""
""
""
""
""
""
""
""
""
""
""
""
""
""
""
""
""
""
""
""
""
""
""
""
""
""
""
""
""
""
""
""
""
""
0.93505645
""
""
0.052436478
1.3983004
""
""
""
""
""
""
""
""
""
""
""
""
""
""
""
""
""
""
""
""
""
""
""
""
""
""
""
""
""
""
""
""
""
""
""
""
""
""
""
""
""
""
""
""
""
""
""
""
""
""
""
""
""
""
""
0.8474704
""
""
""
""
0.30186436
0.075848415
""
""
""
""
""
0.73231709
0.53637326
""
""
""
""
0.64345616
0.81923741
0.31909418
""
1.0718806
""
""
""
""
""
""
""
""
""
""
""
""
""
""
""
""
""
""
""
""
""
""
""
""
""
""
""
""
""
""
""
""
""
""
""
""
""
""
""
""
""
""
""
""
""
""
""
""
""
""
""
""
""
""
0.78382659
0.36591151
""
""
""
""
""
""
""
""
""
""
""
""
""
""
""
""
""
""
""
""
""
""
""
""
""
""
""
""
""
""
""
""
""
""
""
""
""
""
""
""
0.072825827
""
0.94236451
""
0.24235544
""
""
""
""
""
""
""
""
0.44108722
0.85161805
""
""
""
""
""
""
""
""
""
""
""
""
""
""
""
""
""
""
""
""
""
""
""
0.47680238
""
""
""
""
""
""
""
""
""
""
""
""
""
""
""
""
""
""
""
""
""
""
""
""
""
""
0.37711143
""
""
""
0.4177933
0.92946756
""
0.89979506
""
""
""
-0.13771385
""
""
""
""
0.66419196
""
""
""
""
""
""
""
""
""
""
""
""
""
""
""
""
""
""
""
""
""
""
""
""
""
""
""
""
""
""
""
""
""
""
""
""
""
""
""
""
""
""
""
""
0.84083593
0.25090116
""
""
""
""
""
""
""
""
""
""
""
""
""
""
""
""
""
""
""
""
""
""
""
""
""
""
""
""
""
""
""
""
""
""
""
""
""
""
""
""
""
""
""
""
""
""
""
""
""
""
""
""
""
""
""
""
""
""
""
""
""
""
""
""
""
""
""
""
""
""
""
""
""
""
""
""
""
""
""
""
""
""
""
""
""
""
""
0.028672563
""
""
""
""
""
""
""
""
""
""
""
""
0.28058976
""
""
""
""
""
""
""
""
""
""
""
""
""
""
""
""
""
""
""
""
""
""
""
""
""
""
""
""
""
""
""
""
""
""
""
""
""
""
""
""
""
""
""
""
""
""
""
""
""
""
""
""
""
""
""
""
""
""
""
""
""
""
""
""
""
""
""
""
""
""
""
""
""
""
""
""
""
""
""
""
""
""
0.36805668
0.49537104
""
""
""
""
""
""
""
""
""
""
""
""
0.62571657
""
""
""
""
""
""
""
""
""
""
""
""
""
""
""
""
""
""
""
""
""
""
""
""
""
""
""
""
""
""
""
""
""
""
""
""
""
""
""
""
""
""
""
""
""
""
""
""
""
""
""
""
""
""
""
""
""
""
""
""
""
""
""
""
""
""
""
""
""
""
""
""
0.7522791
""
0.34104905
0.24248974
""
0.77578235
""
""
""
""
""
""
""
""
""
""
""
""
""
""
""
""
""
""
""
""
""
""
""
""
""
""
""
""
""
""
""
""
""
""
""
""
""
""
""
""
""
""
""
""
""
""
""
""
""
""
""
""
""
""
""
""
""
""
""
""
""
""
""
""
""
""
""
""
""
""
""
""
""
""
""
""
""
""
""
""
""
""
""
""
""
""
""
""
""
""
""
""
""
""
""
""
""
""
""
""
""
""
""
""
""
""
""
""
""
""
""
""
""
""
""
""
""
""
""
""
""
""
""
""
""
""
""
""
""
""
""
""
""
""
""
""
""
""
""
""
""
""
""
""
""
""
""
""
""
""
""
""
""
""
""
""
""
""
""
""
""
""
""
""
""
""
""
""
""
""
""
""
""
""
""
""
""
""
""
""
""
""
""
""
""
""
""
""
""
""
""
""
""
""
""
""
""
""
""
""
""
""
""
""
""
""
""
""
""
""
""
""
""
""
""
""
""
""
""
""
""
""
""
""
""
""
""
""
""
""
""
""
""
""
""
""
""
""
""
""
""
""
""
""
""
""
""
""
""
""
""
""
""
""
""
""
""
""
""
""
""
""
""
""
""
""
""
""
""
""
""
""
""
""
""
""
""
""
""
""
""
""
""
""
""
""
""
""
""
""
""
""
""
""
""
""
""
""
""
""
""
0.54888982
""
0.63098234
""
-0.70898205
0.58049679
0.56831515
0.41868609
0.053898402
0.65456849
0.66341835
0.76585692
0.98164779
0.34484574
0.75146979
0.56150836
0.50656366
0.60234469
0.11276679
""
""
0.44610474
0.7763117
""
0.57260013
0.47376153
0.43542367
""
""
1.237661
0.8244437
0.15416357
0.6279375
0.50439483
0.46478266
0.53517193
0.38321358
1.1266457
""
""
0.12789194
0.50542396
0.83228493
""
""
0.44028226
0.678267
""
""
""
""
""
""
""
""
""
""
""
""
""
""
""
""
""
""
""
""
""
""
""
""
""
""
""
""
""
""
""
""
""
""
""
""
""
""
""
""
""
""
""
""
""
""
""
""
""
""
""
""
""
""
""
""
""
""
""
""
""
""
""
""
""
""
""
""
""
""
""
""
""
""
""
""
""
""
""
""
""
""
""
""
""
""
""
""
""
""
""
""
""
""
""
""
""
""
""
""
""
""
""
""
""
""
""
""
""
""
0.86147571
""
""
""
""
""
""
0.57373649
0.82575488
""
""
0.63450545
""
1.1200631
""
""
""
""
""
""
""
""
""
""
""
""
""
""
""
""
""
""
""
""
""
""
""
""
""
""
""
""
""
0.83771819
0.43012765
""
""
""
""
""
""
""
""
""
""
""
""
""
""
""
""
""
""
""
""
""
""
""
""
""
""
""
""
""
""
""
""
""
""
""
""
""
""
""
""
""
""
""
""
""
""
""
""
""
""
""
""
""
""
""
""
""
""
""
""
""
""
""
""
""
""
""
""
""
""
""
""
""
""
""
""
""
""
""
""
""
""
""
""
""
""
""
""
""
""
""
""
""
""
""
""
""
""
""
""
""
""
""
""
""
""
""
""
""
""
""
""
""
""
""
""
""
""
""
""
""
""
""
""
""
""
""
""
0.96024752
""
""
""
""
""
""
""
""
""
""
""
""
""
""
""
""
""
""
""
""
""
""
""
""
""
""
""
""
""
""
""
""
""
""
""
""
""
""
""
""
""
""
""
""
""
""
""
""
""
""
""
""
""
""
""
""
""
""
""
""
""
""
""
""
""
""
""
""
""
""
""
""
""
""
""
""
""
""
""
""
""
""
""
""
""
""
""
""
""
""
""
""
""
""
""
""
""
""
""
""
""
""
""
""
""
""
""
""
""
""
""
""
""
""
""
""
""
""
""
""
""
""
""
""
""
""
0.3056792
""
""
""
0.50142968
0.47056815
0.50584275
0.41911748
0.66247559
""
""
""
""
""
""
""
""
""
""
""
""
""
""
""
""
""
""
""
""
""
""
""
""
""
""
""
""
""
""
""
""
""
""
""
""
""
""
""
""
""
0.90197134
0.32476029
""
""
""
""
""
""
""
""
""
""
""
""
""
""
""
""
""
""
""
""
""
""
""
""
""
""
""
""
""
""
""
""
""
""
""
""
""
""
""
""
""
""
""
""
""
""
""
""
""
""
""
""
""
""
""
""
""
""
""
""
""
""
""
""
""
""
""
""
""
""
""
""
""
""
""
""
""
""
""
""
""
""
""
""
""
""
""
""
""
""
""
""
""
""
""
""
""
""
""
""
""
""
""
""
""
""
""
""
""
""
""
""
""
""
""
""
""
""
""
""
""
""
""
""
""
""
""
""
""
""
""
""
""
""
""
""
0.56876439
""
""
""
""
""
""
""
""
""
""
""
""
""
""
""
""
""
""
""
""
""
""
""
0.69031137
0.58408684
""
""
""
""
""
""
""
""
""
""
""
""
""
""
""
""
0.59048623
""
""
""
""
""
""
""
""
""
""
""
""
""
""
""
""
""
""
""
""
""
""
""
""
""
""
""
""
""
""
""
""
""
""
""
""
""
""
""
""
""
""
""
""
""
""
""
""
""
""
""
""
0.6193639
""
""
""
""
""
0.48456708
""
""
""
1.0364391
""
""
""
""
""
""
""
""
""
""
""
""
""
""
""
""
""
""
""
""
""
""
""
""
""
""
""
""
""
""
""
""
""
""
""
""
""
""
""
""
""
""
""
""
""
""
""
""
""
""
""
0.74178207
""
""
""
""
""
""
""
""
0.60453266
""
""
""
""
""
""
""
""
""
""
""
""
""
""
""
""
""
""
""
""
""
""
""
""
""
""
""
""
""
""
""
""
0.78901362
0.48776516
0.97831953
0.57688665
""
""
""
""
""
""
""
""
""
""
""
""
""
""
""
""
""
""
""
""
""
""
""
""
""
""
""
""
""
""
""
""
""
""
""
""
""
""
""
""
""
""
""
""
""
""
""
""
""
""
""
""
""
""
""
""
""
""
""
""
""
""
0.65354431
""
""
""
""
""
""
""
""
""
""
""
""
""
""
""
""
""
""
""
""
""
""
""
""
""
""
""
""
""
""
""
""
""
""
""
""
""
""
""
""
""
""
""
""
""
""
""
""
""
""
""
""
""
""
""
""
""
""
""
""
""
""
""
""
""
""
""
""
""
""
""
""
""
""
""
""
""
""
""
""
""
""
""
""
""
""
""
""
""
""
""
""
""
""
""
""
""
""
""
""
""
""
""
""
""
""
""
""
""
""
""
""
""
""
""
""
""
""
""
""
""
""
""
""
""
""
""
""
""
""
""
""
""
""
""
""
""
""
""
""
""
""
""
""
""
""
""
""
""
""
""
""
""
""
""
""
""
""
""
""
""
""
""
""
1.4371636
""
""
""
""
""
""
""
""
""
""
""
""
""
""
""
""
""
""
""
""
""
""
""
""
""
""
""
""
""
""
""
""
""
""
""
""
""
""
""
""
""
""
""
""
""
""
""
""
""
""
""
""
""
""
""
""
""
""
""
""
""
""
""
""
""
""
""
0.54703093
""
""
0.71345752
0.87562829
0.18338025
""
0.60939622
0.7448861
0.6170277
0.87942278
""
""
""
""
""
""
""
""
""
""
""
""
""
""
""
""
0.38295004
0.52398652
""
""
0.47399139
""
""
""
""
""
""
""
""
""
""
""
""
""
""
""
""
""
""
""
""
""
""
""
""
""
""
""
""
0.12652273
""
""
""
0.67982495
0.64722073
""
""
""
""
""
""
""
""
""
""
""
""
""
""
""
""
""
""
""
""
""
""
""
""
""
""
""
""
""
""
""
""
""
""
""
""
""
""
""
""
""
""
""
""
""
""
""
""
""
""
""
""
""
""
""
""
""
""
""
""
""
""
""
""
""
""
""
""
""
""
""
""
""
""
""
""
""
""
""
0.51323444
""
0.45513412
""
0.42409593
""
""
""
""
""
""
""
""
""
""
""
""
""
""
""
""
""
""
""
""
""
""
""
""
""
""
""
""
""
""
""
""
""
""
""
""
""
""
""
""
""
""
""
""
""
""
""
""
""
""
""
""
""
""
""
""
""
""
""
""
""
""
""
""
""
""
""
""
""
""
""
""
""
""
""
""
""
""
""
""
""
""
""
""
""
0.049739301
""
0.97519904
0.38066486
""
0.52406543
0.57076353
0.62145722
0.47896633
0.63538665
0.83708382
0.55113328
0.64597309
0.67089099
0.64246833
0.27190813
0.33500448
""
0.69084853
0.53098303
""
0.52197874
0.56155658
""
0.4424291
""
""
""
""
""
""
""
""
""
0.74663192
""
""
""
""
""
""
""
""
""
""
""
""
""
""
0.61158711
""
""
""
""
""
""
""
""
""
""
""
""
""
""
0.70287514
0.67675835
""
""
0.69564611
0.51828611
0.59957182
0.33029604
""
""
0.80203599
0.40075824
""
""
""
""
""
""
""
""
0.26646927
0.35356221
0.2061826
0.37490776
""
""
""
""
""
""
""
""
""
""
0.37926918
""
""
""
""
""
""
""
0.5758059
0.28609306
0.7343511
0.35758498
0.88160211
""
""
0.95780528
0.43926638
0.10126378
0.58456242
0.34225222
0.59312946
0.45191506
0.47034675
0.3879841
0.49982771
""
""
""
0.62607038
""
""
""
0.39923501
""
""
0.50029707
""
""
""
""
""
""
""
""
0.5083676
""
""
""
""
""
""
""
""
0.34175184
0.50568151
""
0.16426039
0.32291406
""
""
""
""
""
""
""
0.48110169
""
""
""
""
""
""
""
0.46805376
0.56429338
""
""
""
""
""
""
""
""
""
""
""
""
""
""
""
0.40840781
0.41636947
0.36003703
""
0.64554548
""
""
""
""
""
""
""
""
""
""
""
""
""
""
""
""
""
""
""
""
""
""
""
0.45419449
0.25921151
""
""
0.35988542
""
""
""
""
""
""
""
""
""
""
""
0.4611412
0.97371823
""
""
""
""
""
""
""
""
""
""
""
""
""
""
""
""
""
""
""
""
""
""
""
""
""
""
""
""
""
""
""
""
""
""
""
""
""
0.72229856
""
""
""
""
""
""
""
""
""
""
""
""
""
""
""
""
""
""
""
""
""
""
""
""
""
""
""
""
""
""
""
""
""
""
""
""
""
""
""
""
""
""
""
""
""
""
""
""
""
""
""
""
""
""
""
""
""
""
""
""
""
""
""
""
""
""
""
""
""
""
""
""
""
""
""
""
""
""
""
""
""
""
""
""
""
""
""
""
""
""
""
""
""
""
""
""
""
""
""
""
""
""
""
""
""
""
""
""
""
""
""
""
""
""
""
""
""
""
""
""
""
""
""
""
""
""
""
""
""
""
""
""
""
""
""
""
""
""
""
""
""
""
""
""
""
""
""
""
""
""
""
""
""
""
""
""
""
""
""
""
""
""
""
""
""
""
""
""
""
""
""
""
""
""
""
""
""
""
""
""
""
""
""
""
""
""
""
""
""
""
""
""
""
""
""
""
""
""
""
""
""
""
""
""
""
""
""
""
""
""
""
""
""
""
""
""
0.69568151
""
""
""
""
""
0.42991596
0.72961915
""
""
""
""
""
""
""
""
""
""
""
""
""
""
""
""
""
""
""
""
""
""
""
""
""
""
""
""
""
""
""
""
""
""
""
""
""
""
""
""
""
""
""
""
""
""
""
""
""
""
""
""
""
""
""
""
""
""
""
""
""
""
""
""
0.54179025
0.41164744
""
""
""
0.7354033
""
0.55657804
""
""
""
0.6091246
""
""
""
""
""
""
""
""
""
""
""
""
""
""
""
""
""
""
""
""
""
""
""
""
""
""
""
""
""
""
""
""
""
""
""
""
""
""
""
""
""
""
""
""
""
""
""
""
""
""
""
""
""
""
""
""
""
""
""
""
""
""
""
""
""
""
""
""
""
""
""
""
0.66810697
""
0.64216709
""
""
""
""
""
""
""
""
""
""
""
""
""
""
""
""
""
""
""
""
""
""
""
""
""
""
""
""
""
""
""
""
""
""
""
""
""
""
""
""
""
""
""
""
""
""
""
""
""
""
""
0.5187068
""
0.81152189
0.24052083
""
0.74771082
0.68320477
0.67705351
0.69652611
0.47933686
0.39092362
0.58396572
0.63199276
""
""
""
""
""
""
""
""
""
""
""
""
""
""
""
""
""
""
""
""
""
""
""
""
""
0.66167462
0.76310241
0.28545845
""
""
""
""
""
""
""
""
""
""
""
""
""
""
""
""
""
""
""
""
""
""
""
""
""
""
""
""
""
""
""
""
""
""
""
""
""
""
""
""
""
""
""
""
""
""
""
""
""
""
""
""
""
""
""
""
""
""
""
""
""
""
""
""
""
""
""
""
""
""
""
""
""
""
""
""
""
""
""
""
""
""
""
""
""
""
""
""
""
""
""
""
""
""
""
""
""
""
""
""
""
""
""
""
""
""
""
""
""
""
""
""
""
""
""
""
""
""
""
""
""
""
""
""
""
""
""
""
""
""
""
""
""
""
""
""
""
""
""
""
""
""
""
""
""
""
""
""
""
""
""
""
""
""
""
""
""
""
""
""
""
""
""
""
""
""
""
""
""
""
""
""
""
""
""
""
""
""
""
""
""
""
""
""
""
""
""
""
""
""
""
""
""
""
""
""
""
""
""
""
""
""
""
""
""
""
""
""
""
""
""
""
""
""
""
""
""
""
""
""
""
""
""
""
""
""
""
""
""
""
""
""
""
""
""
""
""
""
""
""
""
""
""
""
""
""
""
""
""
""
""
""
""
""
""
""
""
""
""
""
""
""
""
""
""
""
""
""
""
""
""
""
""
""
""
""
""
""
""
""
""
""
""
""
""
""
""
""
""
""
""
""
""
""
""
""
""
""
""
""
""
""
""
""
""
""
""
""
""
""
""
""
""
""
""
""
""
""
""
""
""
""
""
""
""
""
""
""
""
""
""
""
""
""
""
""
""
""
""
""
""
""
""
""
""
""
""
""
""
""
""
""
""
""
""
""
""
""
""
""
""
""
""
""
""
""
""
""
""
""
""
""
""
""
""
""
""
""
""
""
""
""
""
""
""
""
""
""
""
""
""
""
""
""
""
""
""
""
""
""
""
""
""
""
""
""
""
""
""
""
""
""
""
""
""
""
""
""
""
""
""
""
""
0.69739532
""
""
""
0.33150148
""
""
""
""
""
0.43043527
""
0.50016284
""
0.47145092
""
""
""
""
0.10877214
""
0.89768422
""
0.27142772
""
""
""
""
""
""
""
""
""
""
""
""
""
""
""
""
""
""
""
""
""
""
""
""
""
""
0.73180932
""
""
0.63615292
0.44197837
""
""
""
""
""
-0.13788199
""
""
""
""
""
""
""
""
""
""
""
""
""
""
""
""
""
0.43200454
""
""
""
""
0.56515843
1.6053334
""
0.031760905
""
""
""
""
0.43313676
""
""
""
""
""
""
""
""
""
-0.13115372
""
""
""
""
""
""
""
""
""
""
""
""
""
""
""
0.43679351
""
0.44619495
0.37681103
""
""
""
""
0.50915128
""
""
""
""
""
""
""
""
""
""
""
""
""
0.53563958
""
""
0.86309856
""
""
0.16164665
""
0.48864219
""
""
""
""
""
""
""
""
""
0.47403869
""
""
""
0.9341765
""
0.5694043
""
""
""
""
""
0.48460174
""
""
""
0.71238643
""
0.40451026
0.72878349
0.93581903
0.48984832
0.712695
""
0.32078227
""
""
0.29069027
0.21825804
""
""
""
0.28177842
""
0.47434667
0.46141317
""
""
""
""
""
""
""
""
0.70363069
0.68389809
0.5276224
0.64373589
0.46406037
0.66675532
0.35609573
0.64481276
0.62208295
0.58300465
0.29982406
""
0.0081995083
0.56821275
""
0.49098948
""
0.080870464
0.9462328
""
0.46401882
""
0.28001153
1.0352738
""
0.87238562
0.75103265
""
""
1.0098915
0.7551856
""
""
""
""
""
""
""
""
""
""
""
""
""
""
""
""
""
""
""
""
""
""
""
""
""
""
""
""
0.56921053
0.24556258
0.17260973
0.70998365
""
""
""
""
""
""
""
""
""
""
""
""
""
""
""
0.51714027
""
0.36154222
0.13945504
""
""
0.879444
""
""
0.17493685
""
""
""
""
""
""
""
""
""
""
""
""
0.86937076
""
""
""
""
""
""
""
""
""
""
""
0.80391026
0.62889755
""
""
""
""
""
""
""
""
""
""
""
""
""
""
0.81967914
0.22165482
0.48393422
0.73365575
0.96640939
""
""
""
""
""
""
0.29552871
0.44898543
0.50856376
""
0.67089069
0.54396021
""
""
""
0.31916034
""
0.47966617
""
""
""
""
0.42673692
""
""
""
""
""
""
""
""
""
""
""
0.12403913
""
""
""
""
""
""
""
""
""
""
""
""
""
""
0.66143715
""
""
""
""
0.75464773
""
""
""
""
""
""
1.1169581
""
""
""
""
""
""
""
""
""
""
""
""
""
""
""
""
""
""
""
0.45908782
""
""
""
""
""
""
""
""
""
""
""
""
""
""
""
""
""
""
0.94722247
0.47894564
""
""
0.4140341
""
""
""
""
""
""
""
""
""
""
""
""
""
""
""
""
""
""
""
""
0.65613687
""
""
""
""
""
0.62690192
""
0.61928093
""
""
""
""
""
""
""
""
0.41690943
1.04479
0.45589909
0.51033849
0.72003776
0.61187726
""
""
""
""
""
""
""
0.83049107
0.39426425
""
""
""
""
""
0.71152747
1.3136908
0.82677346
0.30478293
0.41843638
0.95151895
0.6444369
0.60320449
-0.011606448
0.59748858
0.37817934
0.12147032
""
""
""
0.23115657
0.74338138
0.45386937
0.55918843
1.29875
0.60023701
0.37158111
0.8383339
0.67120093
""
0.85002297
""
""
""
""
""
""
""
""
0.73238307
""
""
""
""
""
""
""
""
""
""
""
0.55491179
""
""
0.8287918
0.42704776
""
""
""
""
0.2749677
""
0.4044008
""
""
""
""
""
0.34452784
0.6329031
-0.15564196
0.50705475
0.63823456
0.83457762
""
0.98509455
0.5950281
0.6900776
0.32588497
0.31732884
""
""
0.46224305
1.024127
0.37125221
0.66330993
0.47446665
0.55834979
0.51640761
0.13419071
0.47584069
""
""
0.58754981
1.0348132
""
0.4542661
0.26647151
0.40890053
0.67995417
0.49455327
0.8526513
0.65644437
""
""
""
""
""
""
""
""
""
""
0.8436166
""
""
0.70703989
""
""
""
0.18949875
""
0.9672547
""
""
""
0.52220631
""
0.37555289
""
""
""
""
0.75812846
""
""
""
""
""
""
""
""
""
""
""
""
""
""
""
""
""
""
""
""
""
""
""
""
""
""
""
""
""
""
""
""
""
0.57257921
""
""
""
""
""
""
0.6283015
""
""
""
""
0.32389414
""
""
0.058548577
""
""
""
""
""
""
""
""
""
0.74926251
""
""
""
""
""
0.38203949
""
""
""
""
""
""
""
""
""
""
""
""
""
""
0.20434342
""
""
""
""
""
""
""
""
""
""
""
""
""
""
""
""
0.60753423
""
""
""
""
""
""
""
""
""
""
""
""
""
""
""
""
""
""
""
""
""
""
""
""
""
""
""
""
""
""
""
""
""
""
""
""
""
""
""
""
""
""
""
""
""
""
""
""
""
""
""
""
""
""
0.58394325
""
""
""
""
""
0.18452401
""
""
""
0.74574071
""
""
""
""
""
""
""
0.66701871
""
""
""
""
""
""
""
""
""
""
""
""
""
""
""
""
""
""
""
""
""
""
""
""
""
""
""
""
""
""
""
""
""
""
""
""
""
""
""
""
""
""
""
""
""
""
""
""
""
0.43096435
0.7069993
""
""
""
""
""
""
0.66628975
0.70932603
0.61205894
""
""
""
-0.074120194
1.0714344
""
""
""
0.19188188
0.13555735
""
""
""
""
""
""
0.29583088
0.93611425
0.9586271
0.38833001
0.52492446
""
""
""
""
-0.23356578
0.32194373
""
""
""
""
""
""
""
""
""
""
""
""
""
""
""
""
""
""
""
""
""
""
0.77762443
""
""
""
""
""
""
""
""
""
""
""
""
""
""
""
""
0.17619251
0.22995715
""
""
""
""
""
0.81456232
""
""
""
""
""
""
""
""
""
0.68295974
""
""
""
0.64474738
""
1.358361
0.22580433
0.53570485
0.33068889
""
""
""
0.34274492
0.79790473
""
""
""
""
""
""
""
""
""
""
""
""
0.54822767
0.44964936
0.58445454
""
""
""
""
""
""
""
""
""
""
""
""
0.44987977
""
""
""
""
""
""
0.72867835
""
""
0.88678771
""
0.68517685
""
0.43565604
""
""
""
""
""
""
""
""
0.79188079
""
""
""
0.86832047
0.64128762
""
""
""
""
""
""
""
""
0.34867945
1.1324914
""
""
1.4329007
""
0.7090562
0.35281065
0.089937784
-0.19106013
""
""
""
""
""
""
""
""
""
""
""
""
""
""
""
""
""
""
""
""
""
""
""
""
""
""
""
""
""
""
""
""
""
""
""
""
""
""
""
""
""
""
""
""
""
""
""
""
""
""
""
""
""
0.52287531
0.6650396
0.3649466
""
""
""
""
""
""
0.17017208
""
0.5347532
""
0.36404699
""
0.46155915
""
""
""
0.53323829
""
""
""
""
""
""
""
""
0.6609512
""
""
0.65615636
""
""
""
""
""
0.52407336
""
0.62305677
""
""
""
0.6299426
1.1417289
""
0.74614227
0.36371654
0.87097132
1.1495537
0.72962731
0.64016277
""
0.69360799
""
0.5853588
0.79582936
""
0.63865876
0.3086755
0.41171709
""
""
""
""
""
0.73718929
""
""
0.010914627
""
""
""
""
""
""
""
""
""
""
0.96131438
0.83682007
0.68785197
0.98389614
""
""
""
""
""
""
0.40883109
""
0.46315333
0.75274903
""
""
0.34190524
0.67021972
0.25395387
""
0.59052932
0.56617016
""
""
""
0.73958772
""
""
""
0.23441347
""
""
""
""
""
""
""
""
""
""
""
""
0.028595056
""
0.96512121
""
""
""
""
""
""
0.084374286
""
0.62689394
1.1007049
""
0.41947222
""
0.36259431
""
""
""
""
0.77088958
""
""
""
""
""
""
""
""
""
""
""
""
""
0.52752739
""
0.4476606
0.44487917
""
""
""
""
""
""
0.8894304
0.49896118
0.69869643
""
0.20861714
0.69514871
0.38057023
""
""
""
""
""
""
""
""
""
0.70731175
""
""
0.45417812
0.56588936
""
""
""
""
""
""
""
0.78200179
""
""
""
""
""
0.76115096
0.70152652
0.61137563
0.51116508
-0.16598359
0.4537296
0.74775362
0.66291487
0.44183916
""
0.47098589
0.38124844
0.26989052
-0.051086031
0.33804572
0.44358161
0.4817158
0.58204764
1.362884
0.54516524
0.83319658
0.9198494
0.26640406
0.52097458
0.53862828
0.50101495
0.77765399
""
""
0.81601846
0.24620751
0.37173131
""
""
""
""
""
""
""
""
""
1.1677819
0.058130316
""
0.70594633
""
""
0.72567397
0.62529522
""
0.0066478071
""
""
""
0.18284801
1.0085027
0.34626868
0.58267945
0.61890519
""
1.187271
""
0.45517752
0.59316862
""
""
""
""
""
""
""
""
""
""
""
0.33831972
""
0.6269837
1.0401894
0.72222084
0.69789547
0.11854136
0.57809049
0.85010254
0.14083859
1.0623088
0.10901765
""
""
""
0.8458491
""
""
""
""
""
""
""
""
""
""
""
""
""
""
""
""
""
""
""
0.073336378
""
1.0717307
""
""
""
""
0.57321829
""
""
0.11979134
""
0.45400336
""
0.58351958
""
0.43699557
""
""
""
""
""
""
""
0.31128728
0.43083984
""
0.40364099
0.60999519
""
0.37728822
""
""
""
0.70572335
0.4421992
0.19183038
1.1021053
0.60103172
0.60586995
0.33147946
""
""
""
""
""
""
0.81062216
-0.039317112
0.45174986
0.3224673
0.72169656
""
""
""
""
""
""
""
""
0.93515849
""
""
""
""
""
""
""
""
""
""
""
""
""
""
""
""
""
""
""
""
""
""
""
""
0.68227339
""
""
""
""
""
0.56730777
""
""
0.55259621
0.58513659
""
0.46887884
""
0.38081518
1.1236472
""
""
0.35726905
0.37425271
0.22312352
0.45944735
0.82300705
""
-0.33544669
""
0.81003314
0.71606237
0.53235632
0.60648364
0.29432261
0.36365485
0.41699776
0.26871189
0.49911058
0.65259635
0.41381404
0.56281495
0.50697148
0.73480046
1.0367044
0.34512883
0.61892515
0.57087451
0.79036635
0.50885099
0.45094126
0.45500016
0.7309007
0.52115679
0.65373713
""
0.60733843
""
0.38561192
""
0.707286
""
0.86844772
0.38670668
""
0.51520693
0.73683167
""
0.22912994
""
1.2514745
""
0.50535423
0.46934214
0.64586598
0.76548839
0.93028057
0.57507282
0.72720808
""
0.35912976
0.28782156
""
1.0144199
""
0.51547235
0.51663339
0.72331566
""
0.83386683
""
""
""
""
""
""
-0.089365028
0.24046466
0.2456971
""
0.37635586
""
0.30317688
""
0.23616968
0.15668352
""
""
""
""
""
""
0.25126639
""
""
0.61345798
0.35432088
""
""
""
""
0.68129075
""
""
""
""
""
""
""
""
""
""
""
""
""
0.24007931
""
0.54336584
""
""
0.69904727
0.58600676
""
0.32566586
""
""
0.3612878
0.63328362
""
0.7207039
""
""
""
0.52005857
0.60504752
""
0.59793663
""
0.21382076
0.28519577
0.98659933
""
""
""
""
""
""
""
""
""
""
""
""
""
""
""
""
""
""
""
""
""
1.0934312
""
0.24121937
""
""
0.43556818
""
""
""
""
""
""
""
""
""
""
""
0.57869107
0.40596756
""
""
""
""
""
0.19271944
""
0.43063095
-0.52092677
0.60201311
0.5373069
0.53355455
0.84775907
0.65841609
0.4911072
""
0.28771541
-0.06470722
0.54693174
0.3437652
0.4950833
0.011702597
0.56366271
0.84914732
0.70494634
""
0.77860123
0.76909608
0.29853249
0.71663773
0.55183697
0.22433263
0.18760629
0.46444514
0.33403486
""
0.51553237
-0.027249901
""
""
0.32532948
0.74845856
""
0.41768065
1.0000039
0.3905032
0.51358706
""
0.40008801
0.29518566
0.56416273
""
0.17413574
0.8198688
0.19565538
-0.29149884
""
""
""
0.75495595
0.56300694
0.5466373
0.54835224
""
""
0.28430614
0.40564045
""
0.58073407
""
""
""
""
""
""
0.34603259
""
""
""
""
""
0.40491432
0.44576281
""
""
0.64069879
0.87097752
""
0.70076388
0.38052472
0.36230478
0.52825642
0.71185434
""
""
""
""
""
""
""
""
""
""
""
""
""
0.56575251
0.15612645
0.51957422
""
-0.00053231785
""
""
""
""
""
""
0.37800762
""
0.77383059
""
""
""
0.43127453
""
0.41526112
0.38417298
""
""
1.0380217
0.46187168
0.34561971
0.57944947
0.79454476
0.3601222
0.27799883
0.4370397
0.71822971
0.66371715
0.71850085
0.76502055
0.75591528
""
0.93375593
""
0.74658579
0.37410221
""
""
0.17324507
0.43872127
0.46444219
0.46811852
""
0.4175764
0.29190016
0.47606891
""
0.60242224
0.7974419
0.73572195
0.6358403
0.54664117
0.39167196
0.16052194
0.66962272
0.65525848
""
""
""
""
""
0.68900746
0.84980285
""
0.6880483
""
0.0562522
""
0.62037772
""
0.40524837
0.59056371
""
""
0.27091584
""
""
0.75274158
0.081239678
0.35668179
0.2867327
""
""
0.69182092
0.92278028
0.93055332
0.81148481
0.61610287
0.31528339
0.44311717
0.68391091
""
""
""
0.02639346
""
""
0.76221675
0.76626152
0.61867207
0.75015962
0.70795745
0.66427803
0.75170767
""
""
""
""
""
""
0.59178567
0.41268083
0.53497148
0.45763099
""
0.62996632
""
""
0.48015669
0.020965792
1.1111577
0.57065684
0.6342659
0.94265705
0.74176306
-0.32649085
""
""
""
0.85450584
""
""
""
""
""
0.89116573
""
""
""
""
""
""
""
""
""
""
""
""
""
""
""
""
""
""
""
""
""
""
""
""
""
""
""
""
""
""
""
""
""
""
""
""
""
""
""
""
""
""
""
""
""
""
""
""
""
""
""
""
""
""
""
""
""
""
""
""
""
""
""
""
""
""
""
""
""
""
""
""
""
""
""
""
""
""
""
""
""
""
""
""
""
""
""
""
""
""
""
""
""
""
""
""
""
""
""
""
""
""
""
""
""
""
""
""
""
""
""
""
""
""
""
""
""
""
""
""
""
""
""
""
""
""
""
""
""
""
""
""
""
""
""
""
""
""
""
""
""
""
""
""
""
""
""
""
""
""
""
""
""
""
""
""
""
""
""
""
""
""
""
""
""
""
""
""
""
""
""
""
""
""
""
""
""
""
""
""
""
""
""
""
""
""
""
""
""
""
""
""
""
""
""
""
""
""
""
""
""
""
""
""
""
""
""
""
""
""
""
""
""
""
""
""
""
""
""
""
""
""
""
""
""
""
""
""
""
""
""
""
""
""
""
""
""
""
""
""
""
""
""
""
""
""
""
""
""
""
""
""
""
""
""
""
""
""
""
""
""
""
""
""
""
""
""
""
""
""
""
""
""
""
""
""
""
""
""
""
""
""
""
""
""
""
""
""
""
""
""
""
""
""
""
""
""
""
""
""
""
""
""
""
""
""
""
""
""
""
""
""
""
""
""
""
""
""
""
""
""
""
""
""
""
""
""
""
""
""
""
""
""
""
""
""
""
""
""
""
""
""
""
""
""
""
""
""
""
""
""
""
""
""
""
""
""
""
""
""
""
""
""
""
""
""
""
""
""
""
""
""
""
""
""
""
""
""
""
""
""
""
""
""
""
""
""
""
""
""
""
""
""
""
""
""
""
""
""
""
""
""
""
""
""
""
""
""
""
""
""
""
""
""
""
""
""
""
""
""
""
""
""
""
""
""
""
""
""
""
""
""
""
""
""
""
""
""
""
""
""
""
""
""
""
""
""
""
""
""
""
""
""
""
""
""
""
""
""
""
""
""
""
""
""
""
""
""
""
""
""
""
""
""
""
""
""
""
""
""
""
""
""
""
""
""
""
""
""
""
""
""
0.90545833
0.4738197
0.55946833
0.618191
0.62185216
""
0.31400764
0.44921333
0.81180614
0.62225735
0.49040502
0.58106816
1.0559916
0.70823371
0.59191918
0.81279999
0.67075861
0.28037
0.68414098
0.99682587
0.51863176
0.52227795
0.51654547
0.73049712
0.41001233
""
0.54583979
""
""
""
""
""
""
""
""
""
0.91547263
""
0.43679154
""
""
""
""
""
""
""
0.50876206
""
""
""
0.47806555
""
""
""
""
""
""
""
""
""
""
""
""
""
""
0.40344468
""
""
0.3635121
""
""
""
""
""
""
""
""
""
""
""
""
0.9952476
""
""
""
""
""
""
""
""
""
""
""
""
""
""
""
""
""
""
""
""
""
""
""
""
""
""
""
""
""
""
""
""
""
""
""
""
""
""
""
""
""
""
""
""
""
""
""
""
""
""
""
""
""
""
""
""
""
""
0.65739113
""
""
""
""
0.39713475
0.82187605
""
""
""
""
0.61344719
""
""
1.257616
0.93317986
0.88206917
""
""
""
""
""
""
1.1212853
0.770531
""
""
""
""
""
""
""
""
""
""
""
""
""
""
""
""
""
""
0.77412903
""
""
""
""
""
""
""
""
""
""
""
""
""
""
""
""
""
""
""
""
""
""
""
""
""
""
""
""
""
""
""
""
""
""
""
""
""
""
""
""
""
""
""
""
""
""
""
""
""
""
""
""
""
""
""
""
""
""
""
""
""
""
""
""
""
""
""
""
""
""
""
""
""
""
""
""
""
""
0.83682984
0.62769097
0.64256185
""
""
""
""
""
""
""
""
""
""
""
""
""
""
""
""
""
""
""
""
""
""
""
""
""
""
""
""
""
""
""
""
""
""
""
""
""
""
""
""
""
""
""
""
""
""
""
""
""
""
""
""
""
""
""
""
""
""
""
""
""
""
""
""
""
""
""
""
""
""
""
""
""
""
""
""
""
""
""
""
""
""
""
""
""
""
""
""
""
""
""
""
""
""
""
""
""
""
""
""
""
""
""
""
""
""
""
""
""
""
""
""
""
""
""
""
""
""
""
""
""
""
""
""
""
""
""
""
""
""
""
""
""
""
""
""
""
""
""
""
""
""
""
""
""
""
""
""
""
""
""
""
""
""
""
""
""
""
""
""
""
""
""
""
""
""
""
""
""
""
""
""
""
""
""
""
""
""
""
""
0.75448549
""
0.68340945
""
""
""
""
""
""
""
""
""
""
""
""
""
0.35528687
""
0.6721375
""
""
""
""
""
""
""
""
""
""
0.30418125
""
""
""
""
""
""
""
""
""
""
""
""
0.70820463
""
""
0.30863661
""
""
0.26965559
""
0.87923557
0.74529088
""
""
""
""
""
""
""
""
""
""
""
""
0.32577592
""
""
""
""
""
""
""
""
""
""
""
""
0.59330487
""
""
""
""
""
""
""
""
""
""
""
""
""
""
""
""
""
""
""
""
""
""
""
""
""
""
""
""
""
""
""
""
""
""
""
""
""
""
""
""
""
""
""
""
""
""
""
""
""
""
""
""
""
""
""
""
""
""
""
""
""
""
""
""
""
""
""
""
""
""
""
""
""
""
""
""
""
""
""
""
""
""
""
""
""
""
""
""
""
""
""
""
""
""
""
""
""
""
""
""
""
""
""
""
""
""
""
""
0.41210973
""
""
""
""
""
""
""
""
""
""
""
""
""
""
""
""
""
""
""
""
""
""
""
0.32088181
0.06953571
0.44442701
0.63634247
0.81540579
0.45304957
0.9611783
0.24187815
0.45769668
0.70475078
""
""
""
""
""
""
""
""
""
""
""
""
""
""
1.287575
1.1097149
0.94447881
""
0.75982928
0.72138059
""
""
1.1632965
""
""
""
""
""
""
""
""
""
""
""
""
""
""
""
""
""
""
""
""
""
""
""
""
""
""
""
1.2795302
""
""
""
""
""
""
""
""
""
""
""
""
""
""
""
""
""
""
""
""
""
""
""
""
""
""
""
""
""
""
""
""
""
""
""
""
""
""
""
""
""
""
""
""
""
""
""
""
""
""
""
""
""
""
""
""
""
""
""
0.61954242
""
""
0.22052318
""
""
""
""
""
""
""
""
""
""
""
""
""
""
""
""
""
""
""
""
""
""
""
""
""
""
""
""
""
""
""
""
""
""
""
""
""
""
""
""
""
""
""
""
""
""
""
""
""
""
""
""
""
""
""
""
""
""
""
""
""
""
""
""
""
""
""
""
""
""
""
""
""
""
""
""
""
""
""
""
""
""
""
""
""
""
""
""
""
""
""
""
""
""
0.11425747
""
""
""
""
-0.032661553
""
""
0.14029437
0.13888669
""
""
""
""
""
""
""
""
""
""
0.69308996
""
""
1.4292742
""
""
""
""
""
""
""
""
""
""
""
""
""
""
""
""
""
""
""
""
""
""
""
""
""
""
""
""
""
""
""
""
""
""
""
""
""
""
""
""
""
""
""
""
""
""
""
""
""
""
""
""
""
""
""
""
""
""
""
""
""
""
""
""
""
""
""
""
""
""
""
""
""
""
""
""
""
""
""
""
""
""
""
""
""
""
""
""
""
0.23876855
""
0.83499002
""
""
""
""
""
""
""
""
""
""
""
""
""
""
""
""
""
""
""
""
""
""
""
""
""
""
""
""
""
""
""
""
""
""
""
""
""
""
""
""
""
""
""
""
""
""
""
""
""
""
""
""
""
""
""
""
""
""
""
""
""
""
""
""
""
""
""
""
""
""
""
""
""
""
""
""
""
""
""
""
""
""
""
""
""
""
""
""
""
""
""
-0.93975246
""
""
""
""
""
""
""
""
""
""
""
""
0.1458056
""
""
""
""
""
""
""
""
""
""
""
""
""
""
""
""
""
""
""
""
""
""
""
""
""
""
""
""
""
""
""
""
""
""
0.46961835
0.42685577
0.21159577
0.38581795
0.45054966
0.43571499
0.34067717
0.5970996
0.70735109
0.53996915
0.5886749
0.67988759
0.64008063
""
""
""
""
""
""
""
""
""
""
""
""
""
0.47026283
""
""
0.40720358
""
""
0.72979581
""
""
""
""
""
""
0.45908776
""
-0.17031634
0.78683364
0.44742098
0.58873069
""
""
""
""
""
""
""
0.10954706
""
""
""
""
""
""
""
""
""
""
0.75608087
""
""
0.77684665
""
0.55438507
0.45086887
0.80376893
""
""
""
0.43474475
0.77725577
0.51217973
""
""
""
""
0.94530141
""
""
""
""
""
""
""
""
""
""
""
""
""
""
""
0.58377033
""
""
""
""
""
""
""
""
""
""
""
""
""
""
""
""
""
""
""
""
""
""
""
""
""
""
""
""
0.48892453
0.61197615
0.36119553
0.55669326
0.7264148
0.61584377
""
""
""
""
""
""
""
0.92282194
""
""
""
""
""
""
""
""
""
0.27791128
""
""
""
""
""
""
""
0.78118587
0.5338642
0.49752897
0.46710771
0.71545935
0.75165784
0.66343647
0.50038964
0.63814962
0.41374475
0.59100235
""
0.7700941
0.52557498
0.57144445
0.47876078
0.9027952
0.74262738
0.51067841
0.4318198
""
0.2914657
""
""
""
""
""
""
""
""
""
""
""
""
""
""
""
1.1206843
0.46080348
""
""
0.29433802
""
""
""
""
""
""
""
""
""
""
""
""
""
""
""
""
""
""
0.50155395
""
""
0.53919095
""
""
""
""
""
""
""
""
0.76564956
0.49460271
0.68267453
0.082007982
""
""
""
""
""
""
""
""
""
""
""
""
""
""
""
""
""
""
""
""
""
""
""
""
""
""
""
""
""
""
""
""
""
""
""
""
""
""
""
""
""
""
""
""
""
""
""
""
""
""
""
""
""
""
""
""
""
""
""
""
""
""
""
""
""
""
""
""
""
""
""
""
""
""
""
""
""
""
""
""
""
""
""
""
""
""
""
""
""
""
""
""
""
""
""
""
""
1.0411571
""
""
0.57469445
""
""
""
""
""
""
""
""
""
""
""
""
""
""
""
""
""
""
""
""
""
""
""
""
""
""
""
""
""
""
""
""
""
""
""
""
""
""
""
""
""
""
""
""
""
""
""
""
""
""
""
""
""
""
""
""
""
""
""
""
""
""
""
""
""
""
""
""
""
""
""
""
""
""
""
""
""
""
""
""
""
""
""
""
""
""
""
0.40211388
""
0.53252465
""
0.066265285
0.39115405
0.41391808
0.13484205
0.89251399
""
""
""
""
0.40211597
""
0.79337627
""
0.60573989
0.78073579
0.59493613
0.57508421
""
""
""
""
""
""
0.62248653
""
""
""
""
""
""
""
""
""
""
""
""
""
""
""
""
""
""
""
""
""
""
""
""
""
""
""
""
""
""
""
""
""
""
""
""
""
""
""
""
""
""
""
""
""
""
""
""
""
""
""
""
""
""
""
""
""
""
""
""
""
""
""
""
""
""
""
""
""
""
""
""
""
""
""
""
""
""
""
""
""
""
""
""
""
""
""
""
""
""
""
""
""
""
""
""
""
""
""
""
0.37662557
""
""
""
0.52266979
""
""
0.38571617
""
""
""
""
""
""
""
""
""
""
""
""
""
""
""
""
""
""
""
""
""
""
""
""
""
""
""
""
""
""
""
""
""
""
""
""
""
""
""
""
""
""
""
""
""
""
""
""
""
""
""
""
""
""
""
""
""
""
""
""
""
""
""
""
""
""
""
""
""
""
""
""
""
""
""
""
""
""
""
""
""
""
""
""
""
""
""
""
""
""
""
""
0.53515333
-0.12663427
""
0.26512665
""
""
""
""
""
""
""
""
""
""
""
""
""
""
""
0.71895856
""
""
0.81239372
0.71066403
0.56742734
0.54880917
0.90313417
0.63362467
0.22236353
""
0.71990693
0.6690892
""
0.68502533
0.93065679
""
0.68923861
0.57266849
0.95050937
0.42042139
""
""
""
""
""
""
""
""
""
""
""
""
""
""
""
""
""
""
""
""
""
""
""
""
""
0.55945605
""
""
""
""
""
0.69407278
0.48968375
""
""
""
""
""
0.74643213
0.56800038
""
""
""
""
""
""
""
""
""
""
""
""
""
""
""
""
""
""
""
""
""
""
""
""
""
""
""
""
""
""
""
""
""
""
""
""
""
""
""
""
""
""
""
""
""
""
""
""
""
""
""
""
""
""
""
""
""
""
""
""
""
""
""
""
""
""
""
""
""
""
""
""
""
0.9777745
""
0.1810151
""
""
""
""
""
""
""
""
""
""
""
""
""
""
""
0.72865009
""
""
""
""
""
""
""
""
""
""
""
""
""
""
""
""
""
""
""
""
""
""
""
""
""
""
""
""
""
""
""
""
""
""
""
""
""
""
""
""
""
""
""
""
""
""
""
""
""
""
""
""
""
""
""
""
""
""
""
""
""
""
""
""
""
""
""
""
""
""
""
""
""
""
""
""
""
""
""
""
""
""
""
""
""
""
0.92725807
""
0.83235824
""
""
""
""
""
""
""
""
""
0.5357638
0.99183816
""
0.68089741
0.44623518
0.74507809
0.63956678
0.52992666
""
""
""
""
""
""
""
""
""
""
""
""
""
0.62252992
0.39279449
0.57157505
0.71686155
0.48126578
0.86858487
0.50565594
""
""
""
""
0.65514106
0.46518588
0.34357694
0.53507012
0.5415445
0.66157281
0.59815955
0.50495994
0.86891466
""
""
""
""
""
""
""
""
""
""
""
""
""
""
""
""
""
""
""
""
""
""
""
""
""
""
""
""
""
""
""
""
""
""
""
""
""
""
""
""
""
""
""
""
""
""
""
""
""
""
""
""
""
""
""
""
""
""
1.2668371
0.78206074
0.76818961
0.63485473
0.77652764
0.56516081
""
""
""
""
""
""
""
0.71812463
0.87126738
0.67660797
0.75346959
0.77177119
0.74254423
0.7148307
0.71255374
0.60865593
0.78094059
0.66254687
0.6355176
0.67885023
-0.13026763
0.9893828
0.66300011
0.32854357
0.56254423
0.42252669
0.77558959
0.67707855
0.7424351
""
""
0.51689434
0.47354528
0.65983093
0.39994997
0.44443271
0.38062194
0.18772535
0.72327739
""
""
""
0.86397123
0.53822184
""
0.30725545
""
0.5355252
""
0.97561783
""
0.42041764
""
""
""
""
0.30557868
""
0.38440329
""
""
""
""
""
""
""
""
""
0.62271464
""
0.43891808
""
""
0.52000087
""
1.0291115
""
""
""
""
""
""
""
""
""
""
""
""
""
""
""
""
""
""
""
""
""
""
""
""
""
""
0.96400613
""
""
0.27125427
""
""
""
""
1.0618591
0.83919311
""
""
""
""
""
""
0.83974308
""
""
""
""
""
""
""
""
""
""
""
""
""
""
""
""
""
""
""
""
""
0.4857589
""
""
""
0.74353784
0.44907239
""
""
""
""
""
""
""
""
""
""
""
""
""
""
""
""
""
""
""
""
""
""
""
""
""
""
""
""
""
""
""
""
""
""
""
""
""
""
""
""
""
""
""
""
""
""
""
""
""
""
""
""
""
""
""
""
""
""
""
""
""
""
""
""
""
""
""
""
""
""
""
""
""
""
""
""
""
""
""
""
""
""
""
""
""
""
""
""
""
""
""
""
""
""
""
""
""
""
""
""
""
""
""
""
""
""
""
""
""
""
""
""
""
""
""
""
""
""
""
""
""
""
""
""
""
""
""
""
""
""
""
""
""
""
""
""
""
""
""
""
""
""
""
""
""
""
""
""
""
""
""
""
""
""
""
""
""
""
""
""
""
""
""
""
""
""
""
""
""
""
""
""
""
""
""
""
""
""
""
""
""
""
""
""
""
""
""
""
""
""
""
""
""
""
""
""
""
""
""
""
""
""
""
""
""
""
""
""
""
""
""
""
""
""
""
""
""
""
""
""
""
""
""
""
""
""
""
""
""
""
""
""
""
""
""
""
""
""
""
""
""
""
""
""
""
""
""
""
""
""
""
""
""
""
""
""
""
""
""
""
""
""
""
""
""
""
""
""
""
""
""
""
""
""
""
""
""
""
""
""
""
""
""
""
""
""
""
""
""
""
""
""
""
""
""
""
""
""
""
""
""
""
""
""
""
""
""
""
""
""
""
""
""
""
""
""
""
0.97758138
0.74392772
0.89736032
""
0.81460142
0.80294764
0.30791384
""
0.83824754
0.51466411
0.53926623
0.90548879
0.47612143
0.97172534
0.60867572
""
0.84748524
""
""
""
""
""
""
""
""
""
""
""
""
""
""
""
""
""
""
""
""
""
""
""
""
""
""
""
""
""
0.13642924
""
""
""
""
""
""
""
""
""
""
""
""
""
""
""
""
""
""
""
""
""
""
""
""
""
""
""
""
""
""
""
""
""
""
""
""
""
""
""
""
""
""
""
""
""
""
""
""
""
""
""
""
""
""
""
""
""
""
""
""
""
""
""
""
""
""
""
""
""
""
""
""
""
""
""
""
""
""
""
""
""
""
""
""
""
""
""
""
""
""
""
""
""
""
""
""
""
""
""
""
""
0.93684691
""
""
""
""
""
""
""
""
""
""
""
""
""
0.70318949
0.41059709
0.7215718
0.86261052
0.99031448
0.4867335
0.028957495
0.56597537
""
0.087334983
0.089819968
0.85730839
0.776438
1.1319696
0.58734596
0.59346431
0.84515119
0.83195633
0.81430507
0.32093865
0.87977612
0.45951062
0.54470152
0.54360288
0.77689314
0.26702124
-0.071808204
-0.25983652
0.14996067
0.25845632
0.83056575
0.05450061
0.43749484
""
""
""
""
""
""
""
""
""
""
""
""
""
0.86973798
""
""
0.76141161
0.58530283
0.60441804
0.19668159
""
""
""
""
""
""
""
""
""
""
0.74150825
""
""
""
""
""
""
""
""
""
""
""
""
""
""
""
""
""
""
""
""
""
""
""
""
""
""
""
0.41621965
0.57489634
0.36609808
""
""
""
0.58635807
0.65794224
""
""
""
""
""
""
0.61483991
""
0.5421741
0.89826411
0.53632319
""
1.0466332
0.8588677
""
""
""
""
0.77122331
0.73568189
""
0.57343787
""
0.85392034
0.73957551
0.35935476
""
0.34412158
0.82976204
""
0.96549815
""
-0.28791624
""
""
0.39851075
""
0.27364564
""
""
0.86771566
""
""
""
0.57575589
""
""
""
""
""
""
""
""
""
""
""
""
""
""
""
""
""
""
""
""
""
""
""
""
""
""
""
""
""
""
""
""
""
""
""
""
""
""
""
""
""
""
""
""
""
""
""
""
""
""
""
""
""
""
""
""
""
""
""
""
""
""
""
""
""
""
""
""
""
""
""
""
""
""
""
""
""
""
""
""
""
""
""
""
""
""
""
""
""
""
""
""
""
""
""
""
""
""
""
""
""
""
""
""
""
""
""
""
""
""
""
""
""
""
""
""
""
""
""
""
""
""
""
""
""
""
""
""
""
""
""
""
""
""
""
""
""
""
""
""
""
""
""
""
""
""
""
""
""
""
""
""
""
""
""
""
""
""
""
""
""
""
""
""
""
""
""
""
""
""
""
""
""
""
""
""
""
0.31670201
0.071954295
""
0.61344928
""
""
""
""
0.58917046
0.35496464
""
""
""
0.38048109
""
""
0.75920671
""
""
""
""
""
""
""
""
""
""
""
""
""
""
""
""
""
""
""
""
""
""
""
""
""
""
""
""
""
""
""
""
""
""
""
""
""
""
""
""
""
""
""
""
""
""
""
""
""
""
""
""
""
""
0.14072022
0.86736512
""
""
""
""
0.63382602
""
""
""
""
""
""
""
""
""
""
""
""
""
""
""
""
""
""
""
""
""
""
""
""
""
""
""
""
""
""
""
""
""
""
""
""
""
""
""
""
""
""
""
""
""
""
""
""
""
""
""
""
""
""
""
""
""
""
""
""
""
""
""
""
""
""
""
""
""
""
""
""
""
""
""
""
""
""
""
""
""
""
""
""
""
""
""
""
""
""
""
""
""
""
""
""
""
""
""
""
""
""
""
""
""
""
""
""
""
""
""
""
""
""
""
""
""
""
""
""
""
""
""
""
""
""
0.34710541
""
""
""
""
0.8542726
""
""
""
""
""
""
""
""
""
""
""
""
""
""
""
""
""
""
""
""
""
""
""
""
""
""
""
""
""
""
""
""
""
""
""
""
""
""
""
""
""
""
""
""
""
""
""
""
""
""
""
""
""
""
""
""
""
""
""
""
""
""
""
""
""
""
""
""
""
""
""
""
""
""
""
""
""
""
""
""
""
""
0.4209154
""
""
0.13246241
""
""
""
""
""
""
""
""
""
""
""
""
""
""
""
""
""
""
""
""
""
""
""
""
""
""
""
""
""
""
""
""
""
""
""
""
""
0.33777815
""
""
""
""
""
""
""
""
""
""
""
""
""
""
""
""
""
""
""
""
""
""
""
""
""
""
""
""
""
""
""
0.87416095
""
""
""
""
""
""
""
""
""
""
""
""
""
""
""
""
""
""
""
""
""
""
""
""
""
""
""
""
""
""
""
""
""
""
""
""
""
""
""
""
""
""
""
""
""
""
""
""
""
""
""
""
""
""
""
""
""
""
""
""
""
""
""
""
""
""
""
""
""
""
""
""
""
""
""
""
""
""
""
""
""
""
""
""
""
""
""
""
""
""
""
""
""
""
""
""
""
""
""
""
""
""
""
""
""
""
""
""
""
""
""
""
""
""
""
""
""
""
""
""
""
""
""
""
""
""
""
""
""
""
""
""
""
""
""
""
""
""
""
""
""
""
""
""
""
""
""
""
""
""
""
""
""
""
""
""
""
""
""
""
""
""
""
""
""
""
""
""
""
""
""
""
""
""
""
""
""
""
""
""
""
""
""
""
""
""
""
""
""
""
""
""
""
""
""
""
""
""
""
""
""
""
""
""
""
""
""
""
""
""
""
""
""
""
""
""
""
""
""
""
""
""
""
""
""
""
""
""
""
""
""
""
""
""
""
""
""
""
""
""
""
""
""
""
""
""
""
""
""
""
""
""
""
""
""
""
""
""
""
""
""
""
""
""
0.60705835
""
""
""
""
""
""
""
""
""
""
""
""
""
""
""
""
""
""
""
""
""
""
""
""
""
""
""
""
""
""
""
""
""
""
""
""
""
""
""
""
""
""
""
""
""
""
""
""
""
""
""
""
""
""
""
""
""
""
""
""
""
""
""
""
""
""
""
""
""
""
""
""
""
""
""
""
""
""
""
""
""
""
""
""
""
""
1.0262834
""
""
""
""
""
""
""
""
""
""
""
""
""
""
""
""
""
""
""
""
""
""
""
""
""
""
""
""
""
""
""
""
""
""
0.72524512
0.36292389
0.8176915
""
""
0.65448904
""
""
""
""
0.87433624
""
0.92255896
""
0.57974011
""
""
""
""
""
""
""
""
1.1144154
""
""
""
""
""
""
""
""
""
""
""
""
""
""
""
""
""
""
""
""
""
""
""
""
""
""
0.59094322
""
""
""
0.25402731
""
""
""
""
""
""
""
""
""
""
""
""
""
""
""
""
""
""
""
""
""
""
""
""
""
""
""
""
""
""
""
""
""
""
""
""
""
""
""
""
""
""
""
""
""
""
""
""
""
0.31421748
""
""
""
""
""
""
""
""
""
""
""
""
""
""
""
""
""
""
""
""
""
""
""
""
""
""
""
""
""
""
""
""
""
""
""
""
""
""
""
""
""
""
""
""
""
""
""
""
""
""
""
""
""
""
""
""
""
""
""
""
""
""
""
""
""
""
""
""
""
""
""
""
""
""
""
""
""
""
""
""
""
""
""
""
""
""
""
""
""
""
""
""
""
""
""
""
""
""
""
""
""
""
""
""
""
""
""
""
""
""
""
""
1.0111663
""
""
""
""
""
""
""
""
""
""
""
""
""
""
""
""
""
""
""
""
""
""
""
""
""
""
""
""
""
""
""
""
""
""
""
""
""
""
""
""
""
""
""
""
""
""
""
""
""
""
""
""
""
""
""
""
""
""
""
""
""
""
""
""
""
""
""
""
""
""
""
""
""
""
""
""
""
""
""
""
""
""
""
""
""
""
1.0246387
""
""
""
""
""
""
""
""
""
0.80293959
""
""
""
""
""
""
""
0.37005645
""
""
""
""
""
""
""
""
""
""
""
""
""
""
""
""
""
""
""
""
""
""
""
""
""
""
""
""
""
""
""
""
""
""
""
0.61628288
""
0.39289141
""
""
""
""
""
""
""
""
""
""
""
""
""
""
""
""
0.11191143
""
""
""
""
""
""
""
""
""
""
""
""
""
""
""
""
""
""
""
""
""
""
""
""
""
""
""
""
""
""
""
""
""
""
""
""
""
""
""
""
""
""
""
""
""
""
""
""
""
""
""
""
""
""
""
""
""
""
""
""
""
""
""
""
""
""
""
""
""
""
""
""
""
""
""
""
""
""
""
""
""
""
""
""
""
""
""
""
""
""
""
""
""
""
""
""
""
""
""
""
""
""
""
""
""
""
""
""
""
""
""
""
""
""
""
""
""
""
""
""
""
""
""
""
""
""
""
""
""
""
""
""
""
""
""
""
""
""
""
""
""
""
""
""
""
""
""
""
""
""
""
""
""
""
""
""
""
""
""
""
""
""
""
""
""
""
""
""
""
""
""
""
""
""
""
""
""
""
""
""
""
""
""
""
""
""
""
""
""
""
""
""
""
""
""
""
""
""
""
""
""
""
""
""
""
""
""
""
""
""
""
""
""
""
""
""
""
""
""
""
""
""
""
""
""
""
""
""
""
""
""
""
""
""
""
""
""
""
""
""
1.0786968
""
""
""
""
""
""
""
""
""
""
""
""
""
""
""
""
""
0.712327
""
""
""
""
""
""
""
""
""
""
""
""
""
""
""
""
""
""
""
""
""
""
0.60866451
""
""
0.69447941
""
""
""
0.41569281
""
""
""
""
""
""
""
""
""
""
""
1.0201833
0.26889071
0.070564449
""
""
""
""
""
""
""
""
""
""
""
""
""
""
0.85327876
""
""
""
""
""
""
""
""
""
""
""
""
""
""
""
""
""
0.56855232
""
""
""
""
""
""
""
""
""
""
""
""
""
""
""
""
0.9932673
0.58090067
0.066910103
""
""
""
0.30685139
0.42597249
""
""
""
""
""
""
""
""
""
""
""
""
""
""
""
""
""
""
""
""
""
""
""
""
""
""
""
""
""
""
""
""
""
""
""
""
""
""
""
""
""
""
""
""
""
""
""
""
""
""
""
""
""
""
""
""
""
""
""
""
""
""
""
""
""
""
""
""
""
""
""
""
""
""
""
""
""
""
""
""
""
""
""
""
""
""
""
""
""
""
""
""
""
""
""
""
""
""
""
""
""
""
""
""
""
""
""
""
""
""
""
""
""
0.53951275
""
""
""
""
""
""
""
""
""
""
""
""
""
""
""
""
""
""
""
""
""
""
""
""
""
""
""
""
""
""
""
""
""
""
""
""
""
""
""
""
""
""
""
""
""
""
""
""
""
""
""
""
""
""
""
""
""
""
""
""
""
""
""
""
""
""
""
""
""
""
""
""
""
""
""
""
""
""
""
""
""
""
""
""
""
""
""
""
""
""
""
""
""
""
""
""
""
""
""
""
""
""
""
""
""
""
""
""
""
""
""
""
""
""
""
""
""
""
""
""
""
""
""
""
""
""
""
""
""
""
""
""
""
""
""
""
""
""
""
""
""
""
""
""
""
""
""
""
""
""
""
""
""
""
""
""
""
""
""
""
""
""
""
""
""
""
""
""
""
""
""
""
""
""
""
""
""
""
""
""
""
""
""
""
""
""
""
""
""
""
""
""
""
""
""
""
""
""
""
""
""
""
""
""
""
""
""
""
""
""
""
""
""
""
""
""
""
""
""
""
""
""
""
""
""
""
""
""
""
""
""
""
""
""
""
""
""
""
""
""
""
""
""
""
""
""
""
""
""
""
""
""
""
""
""
""
""
""
""
""
""
""
""
""
""
""
""
""
""
""
""
""
""
""
""
""
""
""
""
""
""
""
""
""
""
""
""
""
""
""
""
""
""
""
""
""
""
""
""
""
""
""
""
""
""
""
""
""
""
""
""
""
""
""
""
""
""
0.360365
""
""
""
""
""
0.67392737
""
""
""
""
""
""
""
""
""
""
""
""
""
""
""
""
""
""
""
""
""
""
""
""
""
""
""
""
""
""
""
""
""
""
""
""
""
""
""
""
""
""
""
""
""
""
""
""
""
""
""
""
""
""
""
""
""
""
""
""
""
""
""
""
0.37244225
""
1.0463221
""
""
""
""
0.87768847
""
""
""
""
""
""
""
""
""
""
""
""
""
""
""
""
""
""
1.4732897
""
0.6728372
""
""
""
""
0.33938262
0.36379015
0.40356889
0.678186
0.60641098
""
""
1.1523408
0.93011475
0.46794748
""
0.44402954
1.0569597
""
0.49852312
""
""
""
""
""
""
0.59432602
""
0.58800972
""
""
""
""
""
""
""
""
""
""
""
""
""
""
""
""
""
""
""
""
""
""
""
""
""
""
""
""
""
""
""
""
""
""
""
""
""
0.32577822
""
""
""
""
""
""
""
""
""
""
""
""
""
""
""
""
""
""
""
""
""
""
""
""
""
""
""
""
""
""
""
""
""
""
""
""
""
""
""
""
""
""
""
""
""
""
""
""
""
""
""
0.28740719
""
""
""
""
""
""
""
""
""
""
""
""
""
""
""
""
""
""
""
""
""
""
""
""
""
""
""
""
""
""
""
""
""
""
""
""
""
""
""
""
""
""
""
""
""
""
""
""
""
""
""
""
""
""
""
""
""
""
""
""
""
""
""
""
""
""
""
""
""
""
""
""
""
""
""
""
""
""
""
""
""
""
""
""
""
""
""
""
""
""
""
""
""
""
""
""
""
""
""
""
""
""
""
""
""
""
""
""
""
""
""
""
""
""
""
""
""
""
""
""
""
""
""
""
""
""
""
""
""
""
""
""
""
""
0.51443714
""
""
""
0.52444667
0.099673279
""
""
""
""
""
""
""
""
""
""
""
""
""
""
""
""
""
-0.030079152
""
0.59450769
""
""
0.31379804
""
""
""
""
""
""
""
""
""
""
""
""
""
0.15510002
""
""
""
0.66441768
""
""
""
""
""
""
""
""
0.58945262
""
""
""
""
""
""
""
""
""
""
""
""
""
""
""
""
""
""
""
""
""
0.61260086
""
""
0.70685303
""
""
""
""
""
0.11413546
""
""
""
""
""
""
""
""
""
""
""
""
""
""
""
""
""
""
""
""
""
""
""
""
""
""
""
""
""
""
""
""
""
1.0131661
""
0.48031664
""
""
""
""
""
""
""
""
""
""
""
""
""
""
""
""
""
""
""
""
""
""
""
""
""
""
""
""
""
""
""
""
""
""
""
""
""
""
""
""
""
""
""
""
""
""
""
""
""
""
""
""
""
""
""
""
""
""
""
""
""
""
""
""
""
""
""
""
""
""
""
""
""
""
""
""
""
""
""
""
""
""
""
""
""
""
""
""
""
""
""
""
""
""
""
""
""
""
""
""
0.86017007
""
""
""
""
""
""
""
""
""
""
""
""
""
""
""
""
""
""
""
""
""
""
""
""
""
""
""
""
""
""
""
""
""
""
""
""
""
""
""
""
""
""
""
""
""
""
""
""
""
""
""
""
""
""
""
""
""
""
""
""
""
""
""
""
""
""
""
""
""
""
""
""
""
""
""
""
""
""
""
""
""
""
""
""
""
""
""
""
""
""
""
""
""
""
""
""
""
""
""
""
""
""
""
""
""
""
""
""
""
""
""
""
""
""
""
""
""
""
""
""
""
""
""
0.75922883
0.50553048
""
""
""
""
""
""
""
""
0.66375279
""
""
""
""
""
""
""
""
""
""
""
""
""
""
""
""
""
""
""
""
""
""
""
""
0.72927457
0.52858865
1.0219769
0.28170729
""
""
""
""
-0.12984537
0.59885871
0.6753788
0.75437486
0.25879475
""
0.18973877
0.37686932
0.08612673
0.95397508
0.36377564
0.49504402
0.47821668
0.56369472
0.56596655
""
0.54144317
0.51914263
""
""
""
0.5860222
""
0.50014091
0.65121877
0.49510714
""
""
""
""
0.52645004
0.51950043
0.64989835
0.58618647
0.60948998
0.63177925
0.75651515
0.66332269
0.80945104
0.24757513
0.39504558
""
0.69522548
0.61294538
0.68879575
""
0.94395781
""
0.29719663
""
0.64609075
0.55577171
0.40781203
0.52533543
0.74379599
0.2776522
0.48446706
0.58856905
0.48273271
0.58960354
1.2646383
0.25710532
""
0.62298232
0.62476242
0.73110843
0.63836789
0.5112406
0.88396567
0.58620399
0.84789652
0.57713336
0.66841757
0.46801454
0.69799882
0.66274726
0.43546718
0.84619975
0.35233745
1.0996437
0.72638279
0.48089159
0.74166393
0.59791672
1.0094861
0.55751276
""
0.72467482
0.26391968
0.88088375
0.54760247
0.38186347
0.43791682
0.40419975
0.93487293
0.84584278
0.23429869
0.46395487
0.45016891
0.61688977
0.75200903
0.91027534
0.60545158
0.93027204
0.82629389
""
0.58334351
0.7298606
-0.015066988
0.64534467
0.5276404
0.49862304
0.16260871
0.62636983
0.56526709
0.65128058
0.63784713
""
0.96879661
0.74146849
0.47801575
0.76574123
0.48334873
0.68238151
0.7165131
0.45983538
0.90742952
0.69210726
0.76763344
0.76671302
""
0.6068452
0.74182832
0.35625687
0.49472156
0.76827514
0.75365251
1.0901562
0.61664414
0.53461027
0.70480293
0.61582392
0.65475923
0.62279785
0.59002334
0.71870893
0.62890393
0.62505484
0.74607092
0.62858588
0.65288204
0.69438106
0.60186636
0.72078943
0.68871218
0.59231979
0.58098888
0.64047438
0.68095851
0.5882926
0.58122402
0.56225312
0.7609489
0.48422834
0.57377595
0.71857417
0.58061725
0.69779974
0.67825675
0.78912365
0.64625818
0.56107748
0.59895092
0.54480678
0.49628338
0.53228205
0.58176124
0.62316501
0.64631712
0.50118154
0.65892226
0.419615
0.59732956
0.56250423
0.50384724
0.62416553
0.76308185
0.53531158
0.34633693
0.72777134
0.77276671
0.8119716
0.5637235
0.64664918
""
0.6431492
""
""
""
""
0.27334723
0.65485507
0.58946216
0.49107847
0.80083668
0.54784906
0.58090764
0.20026664
0.43743107
0.51726288
0.62692904
0.69085139
0.66178644
0.69719988
0.51805252
0.89711279
0.69489127
0.62886149
0.51895291
0.54252726
0.9587757
0.55190575
0.39232531
0.53207773
0.39255309
0.66743088
""
0.67884815
0.52888483
0.53959632
0.66867036
0.96012354
0.70457631
0.41198626
0.56078631
0.68070543
0.66784251
0.59011054
0.57597989
0.56579369
0.47111398
0.56916773
0.70575482
0.74092913
0.49064693
0.63751847
0.6095888
0.71158326
0.53203106
0.63938773
0.71167618
0.54087424
0.45497492
0.67141759
0.46010655
0.49024704
0.52220249
0.69789076
0.56506878
0.57416022
0.55758029
0.77148378
0.67114717
0.67031014
0.51326424
0.60487348
0.63985795
0.60843366
0.56453222
0.56352192
0.6007579
0.67005748
0.64453697
0.45398933
0.63580024
0.67523086
0.46982154
0.51052982
0.76131213
0.67048001
0.67811549
0.66525674
0.65297848
0.64030308
0.67779779
0.48440936
0.48908225
0.64856887
0.61506033
0.57511812
0.78400308
0.4895733
0.65491861
0.48877662
0.66242933
0.66934711
0.66163468
0.68359321
0.55692005
0.7257334
0.60605329
0.32749268
0.6234625
0.81095344
0.75151056
0.7010172
0.54627544
0.58515882
0.63412297
0.6569683
0.63490832
0.49085167
0.64839792
0.48119572
0.76165771
0.46642861
0.56321329
0.5733515
0.74954557
0.57757062
0.61098999
0.60968488
0.41737637
0.5532155
0.39317885
0.53091997
0.63936919
0.65814734
0.63157243
0.70821786
0.57611024
0.53699213
0.65296149
0.5150879
0.56014037
0.6459381
0.68702066
0.66105521
0.62911904
0.69962579
1.1359702
0.54669088
0.42649743
0.37383482
0.59025019
0.70746529
0.55624676
0.51792151
0.53464872
""
""
0.51271462
0.56503356
0.65945613
0.72450793
0.53031439
0.68522727
0.62530935
0.45924306
0.52078331
0.66825753
0.60565299
0.50042397
0.54378027
0.6756981
0.60014766
0.72668123
0.60491425
0.55441993
0.57320279
0.61921644
0.58456743
0.71154183
0.50529623
0.6219033
0.560408
0.57643771
0.6475082
0.63791454
0.49262524
0.58615464
0.37992987
0.66207957
0.6335997
0.66739035
0.50867373
0.62449127
0.65129983
0.58577561
0.63318139
0.61640155
0.56168693
0.49711004
0.64488143
0.61329544
0.55297792
0.65007728
0.6484943
0.30884361
0.55116433
0.47127089
0.44755587
0.70193231
0.63166809
0.59936488
0.48543566
""
0.54201728
0.69099152
0.45716494
0.61466718
0.66185755
0.80301374
0.71730375
0.58393919
0.52244675
0.63423628
0.64745742
0.47531104
""
0.62958628
0.51359922
0.6185351
0.76349306
0.39427844
0.66847855
0.57995677
0.64327717
0.5947842
0.64265025
""
0.64953339
0.64073581
0.67866647
""
0.48701668
0.49987006
0.61643815
0.55581522
0.65335906
0.73495436
0.55324733
0.79458535
0.74297196
0.66400594
0.49132746
0.60966182
0.56269234
0.57458985
0.55485034
0.61247671
0.70299941
0.69690078
0.65692466
0.59056932
0.58183104
0.68515837
0.66813707
0.70242953
0.66592675
0.63985389
0.53677583
0.48698941
0.68283308
0.66513783
0.5131653
0.66692531
0.65299171
0.50104392
0.68396044
0.65462059
0.38125122
0.65270162
0.42651105
0.70087755
0.53812492
""
0.58919978
""
0.68584675
""
0.66035926
0.17889823
0.59417665
0.9425686
0.54419959
0.4096612
0.93446344
0.62395787
0.65158671
0.6323964
""
""
""
0.42465499
""
-0.0040120957
""
0.7837429
""
""
0.38277102
0.73224419
""
""
""
""
""
""
""
""
""
0.88744259
""
""
""
""
""
""
""
""
""
""
0.71426666
0.45067096
0.65893942
0.72898304
0.77751011
0.65394628
0.82337117
0.72211295
0.3707011
0.72152138
0.56973654
0.55178356
0.45991206
0.40301773
0.32541525
0.63490355
0.6327098
0.38946345
0.73130548
0.63342357
0.68492788
0.35578084
0.54144943
0.69161141
0.5530709
0.41391906
0.60912979
0.54561454
0.33426172
0.41787642
0.4869481
0.61016309
0.73120373
0.72959572
0.74404192
0.71039093
0.48462135
0.52843666
0.63651794
0.48682418
0.54295707
0.59362638
0.53060251
0.47680375
0.53662211
0.53886098
1.006541
0.60664117
0.59064704
0.70625216
0.37888119
0.82835573
""
0.64006352
0.44641992
0.72307491
0.75361454
0.65386361
0.43025383
0.57331771
0.5858109
0.6171841
0.73209405
0.66667002
0.59597528
""
0.99586469
0.54922205
""
0.96526819
""
0.60559195
""
""
""
0.69870418
0.36372367
""
0.38224548
0.47283056
0.58626592
""
""
""
""
""
""
""
0.66474587
""
""
0.68427974
0.52584535
0.57686603
""
0.8681559
0.72087246
""
0.92855352
""
""
0.53466254
0.72096509
0.58593649
0.68755203
0.78729051
0.65222174
0.44316196
0.30757529
""
0.48960933
0.51931953
0.25732341
0.53037524
0.47497058
""
0.45042956
0.55460995
0.75612003
""
1.1385728
0.66399246
""
0.66946936
0.48035958
0.45254299
0.85923213
0.69470316
0.61322927
""
0.69098151
0.59266919
0.437549
""
0.57711512
0.93873912
""
0.70584059
1.0750307
0.56871474
0.83370048
0.77490115
0.62552881
0.60128373
0.69475466
0.73016274
0.54516256
0.48609024
0.47532263
0.85496253
0.65849978
0.72785056
0.54252374
0.51780123
0.72617888
0.72452843
0.59287941
0.66927338
0.61035192
0.61727959
0.57357436
0.59190559
0.50996822
0.48506585
0.47489122
0.4651728
0.57185078
0.6974808
0.60104132
0.4608089
0.59398335
0.73742175
0.59564883
""
0.58362508
0.67061186
0.58512861
0.63006169
0.60593826
0.47193703
0.82080042
0.42859656
0.49154961
0.57630509
0.68680072
0.61958206
0.55066854
0.67525542
0.60347825
0.56337184
0.68597418
0.42518744
0.60075951
0.63253659
0.67541802
0.23676477
0.54783225
0.54518551
0.61788493
0.54865175
0.68467391
0.82346332
0.32665282
0.69313169
0.6180734
0.54406363
0.7067908
0.7066201
0.52599698
0.58190364
0.69794434
0.60671687
0.64712751
0.27598354
0.70018703
0.63536054
0.34257939
0.74304348
0.55072343
0.43497622
0.7119208
0.76884902
0.57566839
""
""
0.89396811
""
-0.53379279
""
""
""
""
""
""
""
""
""
0.34175569
0.85317236
0.56399632
0.66540575
0.64645517
""
""
-0.23516938
1.0722784
""
0.61456323
1.5624305
0.16945429
0.4691529
0.65002578
""
""
""
""
""
""
0.76750815
""
""
""
0.71569401
""
""
0.26245531
""
""
0.54844934
""
""
0.49413568
""
""
""
""
0.92367083
0.33547539
""
""
0.97013503
""
0.59668344
""
""
""
""
""
""
""
""
""
""
0.66039437
""
""
""
""
""
""
""
""
""
""
""
""
""
""
""
0.38174719
""
0.49033672
0.4938888
""
0.37686878
0.37619293
0.5145396
0.27503157
0.66203034
0.55499798
0.58634692
""
0.35567883
0.78848803
0.63768083
0.23015498
0.027762068
0.61443299
0.41732201
0.50994962
0.58911335
0.52883369
""
0.62778306
""
""
""
0.51677489
""
""
0.5861178
0.61254174
""
0.64804399
""
0.57256126
""
0.75872678
0.26142821
0.58475345
0.20581652
0.68587077
0.5592792
0.5147379
0.72960955
0.55281866
""
0.32720196
0.5431326
0.43778348
0.5646615
0.47808456
0.60415387
0.55977565
""
0.51730275
0.84016657
""
""
""
""
""
0.70133966
0.47745091
""
""
""
0.46741381
""
0.76170886
0.40371704
""
0.44263697
""
""
""
""
""
""
""
""
""
0.62037742
""
""
""
""
""
""
0.74922854
""
""
""
""
""
-0.038634315
0.74545425
""
""
""
0.50463027
0.83893663
0.58235478
0.65960526
0.74590307
""
0.50245667
""
0.48948422
0.58730298
0.87390971
0.68670517
0.64081448
0.2876156
0.38878706
0.57445556
0.5058682
0.49477372
0.7674942
0.69697469
0.5900529
0.43681517
0.50215435
0.84723848
0.60542828
0.25303507
0.58067423
0.36620423
0.59375334
0.70197803
0.54112643
0.45400658
0.62178797
0.7517398
0.39626575
0.46110111
0.51725864
0.63337815
0.66873425
""
0.54107815
0.45402348
0.37529761
""
0.3726972
0.50174063
""
0.80322647
0.44722575
0.67516249
0.52000058
""
1.146546
0.28159606
0.27158535
""
0.75178725
0.55912465
1.4076144
0.71710116
0.74041289
0.45974422
0.59011644
0.66948694
0.29021657
0.71232718
0.41342404
0.053667944
1.1309803
0.91958565
""
""
0.6174593
0.50833237
0.66498327
0.7522912
0.31655347
0.63227266
""
0.55613142
0.92732698
""
0.093214467
0.61409688
0.38195977
0.74165988
0.34248182
0.56352144
0.61099732
0.85362744
1.3755909
""
""
0.55214334
0.3282679
0.4162271
0.66352999
0.64338785
0.7450074
0.58472192
1.0314559
0.47470787
0.84432846
0.67135572
0.46948916
0.51940322
0.30167082
0.43932667
0.62674069
0.75258839
""
""
""
""
""
""
0.54755443
""
0.94941616
0.30456889
0.78437215
""
""
""
""
""
""
""
""
""
""
0.79330987
0.43956056
0.75206554
0.31134036
0.6863032
0.6474821
0.84492505
0.79964125
0.70313102
0.57518405
0.68722254
0.68071604
0.66783118
0.85926884
0.51406825
0.75393373
0.63099051
0.44307345
0.53661096
0.58813971
0.672764
0.59191597
0.74382955
0.57542741
0.70854151
0.60180843
0.70189226
0.47023559
0.66460693
0.69037288
0.67995626
0.66102338
""
0.41144031
0.63339388
0.64711714
""
0.91362923
""
""
""
""
""
0.5880186
0.82120377
-0.1692317
0.48594281
0.24955437
""
0.56750578
0.69005066
0.97169191
0.68479663
0.74739057
0.1354499
0.31542328
""
0.89266491
0.78696185
0.38603693
0.65451634
0.77883035
""
""
""
""
""
0.53640503
0.23653744
""
0.51647896
0.83813244
0.77440697
0.58210886
0.56453526
1.0349966
1.0931873
0.46662328
""
0.1426523
""
0.80044466
0.75713885
0.8162595
0.62267822
0.69629771
0.63605034
0.62784004
0.68667054
0.72538096
0.50069916
0.74033189
0.78194696
0.65466535
0.51633173
""
0.45739421
0.66581583
0.4470281
0.37521532
0.44026217
""
0.63387543
0.97870165
0.56722552
0.46147045
0.66262829
0.61013633
0.52206975
0.59094965
0.74204177
0.64514852
0.59111464
0.076419964
0.55123955
0.66792184
0.36247498
0.77558118
0.58695912
0.64195871
0.66811115
0.48001471
1.0157968
0.805323
0.17292123
""
1.2709081
""
""
0.60091466
0.22552799
0.30832139
0.53623253
""
""
0.7190932
0.47437954
0.63905293
0.58103812
0.5587489
0.70834601
0.52211761
0.77367657
0.44267166
0.57282406
0.83330011
0.27565259
0.60449839
0.64413553
0.47188187
0.53073925
0.59008181
0.15727679
0.82959676
0.71113598
0.34115717
0.73462331
1.0630548
0.75074315
0.66543275
0.37512583
0.40506715
0.46958244
0.20252219
0.66635907
0.84719199
0.82304639
0.55648309
0.28959352
""
""
0.70589751
1.0152305
""
""
""
""
0.72420722
0.73417771
""
""
""
0.85464275
""
0.6071496
0.97555977
""
""
0.50486583
""
0.42901477
""
0.64908361
""
""
0.77763391
0.81846166
0.72635084
0.57275832
0.58798689
0.82922846
0.82942235
0.61048329
0.63457793
0.67129058
0.74038386
0.84528583
0.54399717
1.0551794
0.26575685
""
0.42501083
0.54892963
0.41023195
""
0.72113252
0.59004104
0.73865366
""
0.53550875
0.92427593
0.70701379
0.56288511
0.48593706
0.75465685
0.60224837
0.69080561
0.56453776
""
0.87400597
""
0.7478565
""
0.82609934
""
""
0.86171478
""
0.72350204
0.77854151
""
""
0.77674943
0.5578289
""
""
0.43846324
0.87440562
0.7689358
0.46150446
0.57392263
0.48533568
""
0.51515329
0.52931261
0.76455653
0.69695073
0.93789124
0.41709581
0.88414156
0.37871298
0.62105548
0.72937191
0.83471733
0.62330192
0.51998305
0.62627983
0.61749911
0.60864437
0.63934177
0.61408448
0.28157613
0.76299775
0.60859549
0.5964703
0.11516076
1.0673819
0.68007278
0.50567985
0.74200815
0.65648353
0.33747181
0.57211828
0.69900751
0.80169624
0.57812715
0.71615642
0.18777069
0.68485427
0.77885509
0.18221521
0.60702956
0.58372658
0.62180156
0.54168153
0.51810932
0.47969994
0.65197968
0.70254272
0.44114238
0.7753526
0.62095314
0.66533536
0.63466281
0.80627567
0.62969154
0.41349053
0.45153034
0.54452753
0.46349895
0.60373467
0.79190737
0.6932689
0.72866422
0.32507545
0.63460433
0.44751343
0.75164568
0.69715828
0.47233769
0.69760936
0.56895751
0.57956439
0.60525632
0.69676542
""
0.94954944
0.56856245
0.68041313
0.60877353
0.99645972
0.48678124
""
0.65397257
0.47825855
""
0.79363912
0.42013291
0.80581999
0.64708704
0.74040115
0.85931265
0.49042287
0.35400313
0.58745134
0.5837763
0.73238117
0.45920002
0.30272898
0.50166005
0.57812077
0.80453795
0.74366903
0.51287991
0.58529401
0.66382867
0.707587
0.65905917
0.67907947
0.21276213
0.49425146
0.59365237
0.62470305
0.74027556
0.56622028
0.5972451
0.6151405
0.70352131
0.52806908
0.56949216
0.74965441
0.82072437
0.47683522
0.65137464
1.0562257
0.88264364
0.61696416
0.56505072
0.58667511
0.8707478
0.69813401
0.82483196
0.85677153
0.59225303
0.39855543
0.68113738
0.68856585
0.6019212
0.69688141
0.47989514
0.49133861
0.96308815
0.42183045
0.22070742
0.72312218
0.77497363
0.6242907
0.76084518
0.26127794
0.61024743
0.20401296
0.22857217
0.68998849
0.64918381
0.72810805
0.52041233
0.79654145
0.80231559
0.61280626
0.56134838
0.48966768
0.57054693
0.64290679
0.94900733
0.6775409
0.50965643
0.47906989
0.63828325
""
0.92576408
0.59060591
0.38180694
0.59139246
0.83244693
0.78526771
0.39568159
0.78347611
0.79715335
0.75730556
0.41400716
0.88862365
0.58018208
0.80146784
0.83033991
0.50180364
0.73615927
0.61591369
0.39988062
0.72134191
0.67999226
0.62050325
0.45485511
""
0.52649826
0.63779944
""
0.60977882
0.64628923
0.62174469
0.76934659
-0.04899729
0.73220646
""
0.62172753
0.67081004
""
0.23551649
0.64166456
0.72438216
""
""
""
""
""
""
""
""
0.76406956
0.82090896
0.7965709
0.16690947
""
0.57841045
0.511163
""
0.72539228
""
""
0.46310812
0.47141248
0.55052233
0.36579889
0.50165921
0.51395595
0.64287639
0.70037216
""
""
0.07292147
1.0124875
""
""
""
""
""
""
""
""
0.95588601
0.60764182
""
0.68387228
""
""
""
""
0.58790946
""
0.56684172
0.68864685
0.62056917
""
0.76917523
0.27495828
0.28718936
0.66319174
0.01433239
0.39698166
""
""
0.61169773
0.99983531
0.32539874
0.88333845
0.265513
1.0572184
""
0.61425459
0.94646806
0.33125722
0.73135811
""
0.62211245
0.46331099
0.51723939
0.45298496
""
0.56060392
0.47819149
0.3431077
0.5438562
""
""
""
0.68686664
0.56515509
""
""
0.63924992
0.60684764
0.50521499
""
0.55068654
""
""
""
""
0.67756474
0.15755649
0.76221186
0.4719944
0.66232961
0.40650675
0.58860177
0.42609578
""
0.68156081
0.5129627
""
0.59568626
""
""
""
0.65803969
""
0.60385716
0.64030093
0.7088967
0.71406019
0.58691871
0.68658954
0.55955863
0.63761473
0.52798605
""
0.48546794
0.38104665
""
""
""
0.56543452
0.6678226
""
""
""
""
""
""
""
""
0.83906835
""
""
0.49115458
0.78749138
""
""
""
0.78551263
0.43835375
""
0.46172497
0.70850778
0.25562349
0.7879827
""
0.36269084
0.74177116
""
""
""
""
""
""
""
0.34845319
0.60917675
0.6145798
0.65528178
0.52783632
0.42309907
0.59284812
0.48492759
""
""
0.71838963
0.33713025
0.64926642
0.33569589
0.85520208
0.20154996
""
""
0.64041013
0.4755289
0.47447884
0.50765175
0.56170899
0.547831
0.51426321
0.61690646
0.66249365
0.67292172
0.43093276
0.51073229
0.67736459
0.4124364
0.44645214
0.57008827
0.51354992
0.75019246
0.66029435
0.67627913
0.61951476
0.72766161
0.42460692
0.65098995
0.28914189
0.67685342
0.82780927
0.55857497
0.1420729
0.60924673
0.83977866
0.55676019
0.6508773
0.72639281
0.77403498
""
""
""
0.47188032
0.54451984
0.41438869
0.63570094
0.74383605
0.76178473
0.55112165
""
0.31460461
""
""
0.47906038
0.76976913
0.53006291
""
0.60194612
0.24984074
0.71355534
0.57536292
0.60826683
0.70475626
0.48990434
0.45930514
0.64711446
0.4383367
0.73127484
0.67469358
0.45550704
0.57712317
0.66771752
0.59787858
0.70387274
0.6968562
0.34118536
0.61562294
0.60321116
0.70354402
0.4194091
0.53726673
0.43296602
0.75581646
0.64781332
0.68433356
0.57708859
0.54144704
0.53329641
0.53320271
0.56340849
0.55425543
0.45883816
0.67372686
0.58725566
0.50343466
0.63447505
0.58937448
0.53104186
0.87088144
0.57159835
0.60545319
0.62676847
0.57557791
0.60183924
0.69112682
0.58043212
0.40726796
0.56844509
0.14549567
0.61045933
0.5248884
0.67990923
0.55300283
0.67936802
0.52319926
0.47572055
0.68935448
0.85903305
0.46984631
0.5693143
0.63654131
0.61812419
0.69855863
0.49217823
0.59521884
0.48820126
0.6708982
0.76291144
0.4180373
0.53063178
0.3691597
0.51826739
0.78831255
0.57143134
0.50996804
0.57368749
0.56279147
0.62177092
0.50696301
0.64111024
0.58632463
0.49572337
0.67108583
0.60341769
0.58552623
0.51670003
0.64693534
0.59194249
0.6225971
0.68448406
0.548491
0.54781961
0.58421057
0.71522546
0.62704134
0.61929137
0.55476624
0.64076853
0.66551644
0.55751634
0.6268847
0.62724864
0.88280839
0.43242958
0.2103955
0.4326432
0.4490512
0.41859132
0.72922564
0.5850513
0.53551853
0.37813729
0.43209758
0.40406111
0.60420132
0.80814767
0.13061973
0.7376458
0.6370095
0.5368793
0.69216543
0.59688824
0.57804328
0.63581252
0.61516476
0.52164119
0.60378855
0.56346339
0.56427103
0.53330088
0.57792878
0.54416203
0.6567986
0.68420726
0.53196508
0.92338383
0.68952578
0.38971776
0.806023
0.6145559
0.63613027
0.56482261
0.62748909
0.46988377
0.57776541
0.38481376
0.71921438
0.47759187
0.32618967
0.82482302
0.36570069
0.60999942
0.62751406
0.51625884
0.7175386
0.41362971
0.69846761
0.70395589
0.40854776
0.55627471
0.84049696
1.5168779
0.37259844
0.76471144
""
""
""
0.62376678
0.18496937
0.75174159
0.59758556
0.38744214
""
0.44978753
0.25659505
1.5625771
""
""
""
""
""
""
""
""
""
""
""
0.20000269
""
""
0.66496265
""
1.1858784
0.81441069
""
""
0.88613063
0.55512011
0.57070076
""
0.56650037
0.54054773
0.47937211
0.87706828
0.59729767
0.6471681
0.92666721
0.59599632
0.73510468
0.46096718
0.84840405
0.42015633
0.63317782
0.62529141
0.64132267
0.6487425
0.59386861
0.67284256
0.55303949
""
0.68586087
0.7081719
0.42795905
0.7153554
0.53576577
0.57009453
0.8159799
""
0.71918863
0.46750307
0.34916839
0.46126288
0.66465497
0.70573908
0.70264512
0.91703027
0.62136072
""
0.70304531
0.69502938
0.49093574
0.60289973
0.78039706
""
""
0.9222995
0.63520801
0.62120932
0.56504846
""
0.58561623
0.48704714
""
0.71335083
0.76857948
0.42550722
0.64457929
0.28923455
0.84510624
0.50310445
""
""
0.68992645
0.59568214
0.61476099
0.67753577
0.6214329
0.31248733
0.62038124
0.36272556
0.65542692
0.56107438
0.44350317
0.51501852
0.73475033
0.46865419
0.95426518
""
""
""
""
""
""
""
""
""
0.61006445
0.61164916
0.6721549
0.68308145
0.4094654
0.68508971
0.5191105
0.34361225
0.63766742
0.63987511
0.85553414
0.64250892
0.50928795
0.56894845
0.6907537
0.48067638
0.71513861
0.38132882
0.86130452
0.54475623
0.64537287
0.46912262
0.55419624
0.53703064
0.46445715
0.64712149
0.67862427
""
0.68895942
0.5900566
0.55260557
0.48054209
0.57893014
0.60951364
0.33775327
0.85488975
0.58430231
0.74063647
0.43089867
0.61150521
0.48606849
0.59890223
0.58383054
""
0.42799526
0.57511765
0.62199026
0.52626652
""
0.52955437
0.79353505
0.66646862
0.58762801
0.72595936
""
0.60541815
0.66165787
0.2899892
0.364878
0.47645441
1.0976592
0.85333234
0.76148009
0.61225557
0.7288726
0.57359284
0.77858347
0.66895628
0.87081581
""
""
0.68586212
0.50117856
1.2364542
1.0132562
0.47365722
0.20649777
0.13714243
1.4367173
0.89136636
0.90908062
0.9067359
0.11927553
0.76088727
0.12428573
0.64428335
0.84113038
""
""
0.81471097
0.20728523
0.55611014
0.75183427
0.41281885
""
""
""
""
""
""
""
0.79561388
""
""
0.58009589
""
""
""
""
""
0.30835062
""
0.82052416
0.7526626
0.66429275
""
""
""
0.42902768
0.22488274
0.42574978
0.67568445
""
0.66292506
""
0.69908732
0.73161942
0.40072909
0.77351564
1.0473061
0.46697971
0.89214188
0.38008875
0.013014481
1.1195662
0.59937179
0.39149305
0.53035814
0.35558847
0.76117349
0.24002041
""
""
-0.34090772
""
0.79415494
""
0.46865505
""
""
""
0.62401766
0.59566551
0.60399878
0.45117426
0.77935058
0.58710921
0.90778476
0.64044631
0.019146334
0.7813639
0.44539073
0.33457044
0.62484467
0.56436223
0.89221466
0.72800046
""
0.58519012
0.42991135
0.54208577
""
0.82657105
""
0.67308241
0.75157785
0.80081987
0.25418511
0.44478127
0.69911146
0.28259134
0.53546411
0.64134347
0.56115478
0.46239483
0.59162074
0.27648976
0.64413726
0.81414354
0.9397186
""
""
0.6193676
""
0.46598783
0.67470652
""
""
""
""
""
""
""
""
""
""
""
0.43557483
""
0.67400134
0.62480634
0.73031163
0.68775845
0.75081867
0.73805922
0.30124784
0.55696124
0.60120082
0.52882755
0.51333869
0.58024246
0.76930332
0.1127787
0.66795897
0.47115245
0.55590248
0.42396981
0.502774
0.66688848
0.79218745
0.49324271
0.70263726
0.6480661
0.60615951
0.37550828
0.25620982
0.68498784
0.48384288
0.67092675
0.60380185
0.75583476
0.76807028
0.62427658
0.61400121
0.47531801
0.57145494
0.59330231
0.71499389
0.81482381
0.82418114
0.60109419
0.59783351
0.72459716
0.62601268
0.55612886
0.45718211
0.47608903
0.99023855
0.5999645
0.38309911
0.58221936
0.60623074
""
-0.38559484
-0.14724764
0.59026802
0.490722
0.28903377
0.72839838
0.022858869
0.047769535
0.46398833
0.44605935
0.57825905
0.25167072
""
""
0.80747551
0.44908103
0.83245724
0.50063509
0.57012904
0.65052336
0.68854684
0.62953901
0.56079048
0.64093423
0.58793938
0.51030725
0.45211637
0.57776725
0.71656495
0.3992748
0.68147945
0.5293752
0.76456445
0.630126
0.61673951
0.62022948
0.47410035
0.40317097
0.52869844
0.51388788
0.48235968
0.52340961
1.1147277
0.68649834
0.41807914
0.46364978
0.44774425
0.47392258
0.5433659
0.54531664
0.53439528
0.6446867
0.83400106
0.65081382
""
0.77839857
0.5516957
0.48469073
0.4543536
0.72807479
0.99571073
0.75905722
0.53373682
0.57960695
0.60653847
0.56430507
0.74708253
0.50698304
0.42602083
0.25567096
0.54521394
0.57555574
0.60559374
0.65027112
0.70988542
0.50760472
0.5771631
0.61372197
0.56707561
0.76447052
0.42965284
""
0.57638848
""
0.68598002
0.79304332
0.66917419
0.48810044
""
0.52023488
0.48541072
0.69345099
0.61702514
0.57234621
0.60422522
0.4835183
0.68135172
0.68704641
0.48782691
0.72368306
0.3808628
0.62376928
0.60742801
0.70376921
0.56959385
0.58982122
0.65608644
0.69271088
0.39855957
0.59546143
0.4739691
0.55153453
0.34750566
0.71401209
0.62300617
0.59542596
0.63594419
0.5214082
0.51873749
0.17134927
0.66522813
0.040710192
0.59866756
0.59167081
0.7369839
0.68867052
0.66210932
0.78849506
0.7072345
0.64584076
0.60524511
0.6346246
0.69150424
0.4953188
0.63370073
0.76655835
0.66194648
0.54004347
0.66161281
""
""
0.7949326
""
""
-0.10062613
0.51550716
""
""
""
""
""
0.72313023
0.33393422
0.63970512
""
0.53257978
1.0646867
""
""
""
0.49563399
0.26309353
0.40156025
0.72489274
0.38756615
0.62603235
0.83313739
0.59693491
0.61469191
0.83689809
0.63112772
0.51176953
0.49391216
0.65004671
0.62420964
0.52736276
0.62701666
0.65734082
0.66053504
0.73754251
0.74515116
0.65925127
0.35157782
0.55135947
0.3254014
0.51757294
0.46157143
0.55963314
0.50486362
0.45994499
0.3739734
0.40958562
0.60069978
0.49151307
0.49094665
0.80651695
0.77624893
0.79904699
0.5363217
0.72589695
0.37992126
0.60803175
0.49158186
0.74638647
0.6709004
0.5569008
0.60529256
0.69350016
0.66183263
0.6155327
0.34880856
0.74056798
0.51782823
0.93849581
0.70658672
0.85861284
""
""
""
0.98621422
""
""
""
""
""
0.74278289
0.73867661
0.49088532
0.95979577
0.70429856
0.47075629
0.64633638
0.45914167
0.7953431
0.59094912
0.68494791
0.87458891
0.56503618
0.78302348
0.45187613
0.7002117
0.59449917
0.75808907
0.65628809
0.58930254
0.44698063
0.44751912
""
0.5322271
0.78044224
0.34393215
""
0.61570966
""
0.43743512
0.64055043
""
0.75439984
""
0.71850818
0.53408539
0.88245273
0.34062502
0.8441422
0.6387558
0.59072179
0.45592722
0.6087929
0.63889331
0.53509855
""
0.65228438
0.47025311
0.7107538
0.35228133
0.58053762
0.52315158
0.63078696
0.75375646
0.72226667
0.5408532
0.51739556
0.56412917
0.533077
0.52980435
0.56873894
0.76705855
0.43417954
0.44729593
0.62755316
0.73624051
0.56479001
0.65385365
0.75794673
0.72474378
0.56448007
0.43693912
0.5745002
0.73102629
0.48717636
0.64685076
0.9952414
0.44651863
0.30449858
0.33792561
0.6522972
0.65053278
0.93375409
1.5272212
0.59770137
0.66873157
0.74887967
0.34662059
""
""
0.39007828
""
0.28111586
0.52079719
0.14718276
""
0.6116671
""
""
""
0.83074141
0.68535513
""
""
""
0.60006618
0.62657112
0.76064378
0.40238142
""
""
""
0.65796715
0.34097636
0.62654376
0.54327589
0.63524956
0.90614325
0.88860828
""
""
0.60379893
0.1979295
0.51643097
0.59858739
0.65301406
0.61376697
0.99894077
0.77125287
0.75401783
0.63532066
0.69579792
0.53362405
0.70824033
0.36609861
""
""
0.68249518
1.1946198
0.96957934
0.50866348
0.78478861
0.54473382
0.76962268
0.65070963
0.77346283
0.92353928
0.79931104
0.70388389
0.65204751
0.48249871
0.40288359
0.75329095
0.7438606
0.84339952
0.51497328
0.75734049
""
0.55477798
0.97034276
0.52723604
""
""
0.46370903
""
0.5237909
""
0.54509908
0.77916455
0.82464874
""
0.86693883
0.65688688
0.25520912
""
""
""
""
""
""
""
0.53263736
0.1948642
0.28458396
0.66083443
0.59582341
0.71911979
0.71915805
0.60991114
0.54942453
0.72956496
0.39966944
0.43880045
0.38289252
0.44392106
0.97978204
0.57035905
0.6449154
0.73808372
0.63781458
0.32063046
0.40726572
0.87018538
0.6703074
0.76169169
0.37942713
0.42315468
0.62042332
0.87483054
0.63709134
""
0.76805747
0.29282564
0.85552549
""
0.30165091
0.38201281
0.79869694
0.31993487
0.8161487
0.7401827
0.56300521
0.70945197
""
0.62439847
0.46636933
0.71562064
0.91813028
0.4551498
""
0.67596322
0.30036759
0.45406657
0.66459787
""
0.57941222
0.67678368
0.14925335
0.38365129
0.5381161
0.65711272
0.80397826
0.64298421
0.35587096
0.64749438
0.81464642
0.54992026
0.56270391
0.80175656
0.55548626
0.68928629
0.72608727
0.64220005
0.62444967
0.60905349
0.7148115
0.32557032
0.60537499
0.51516461
0.45484844
0.74484628
0.68990654
0.53719485
0.72874731
0.71266145
0.63784283
""
0.68117982
""
0.78747755
0.57270652
0.58149081
0.66885972
""
0.5464679
0.70553738
0.54359472
""
0.44162443
0.65185887
0.44645852
0.75033724
0.88707519
0.78536344
0.43013439
0.76567864
0.58451432
0.61210865
0.37403837
0.37307391
0.72465146
0.53366727
0.60626596
0.4314574
0.52454823
0.64616925
0.58293706
0.64744163
0.65399212
0.5970661
0.55324966
0.13540475
0.50338823
0.57330811
0.65422708
0.37942132
0.64394009
0.793661
0.5955745
0.62251228
0.82405442
0.46120015
0.52788275
0.64601982
0.74998361
0.66606861
0.5669114
0.620969
0.66573942
0.39287102
0.70032799
0.68825167
0.65570611
0.42119098
0.61843598
0.30641142
0.94927776
0.37335607
0.7573697
0.61549801
""
0.76278043
0.67489082
0.39827633
0.86229217
0.60123962
0.56423819
0.51745129
0.67243373
0.57450175
""
0.34816971
0.71445662
""
0.56396562
0.96315509
0.8053273
0.49427652
0.54918444
0.65902221
0.67415631
0.4917815
0.81834459
0.62810618
""
0.50821102
0.53634673
0.43624547
0.71040517
0.52065974
0.72076267
0.57658362
0.47990778
0.65624267
0.46398124
0.65651417
0.79738361
0.66980332
0.68494332
0.20795481
0.53172666
0.51431948
0.59682238
1.1225346
0.61878341
0.51522267
0.54813653
0.64961344
0.54977459
0.62916791
0.5689885
0.39990178
""
0.52088672
0.55534786
""
0.6702652
0.44204354
0.5670709
0.69939625
0.83367705
0.49508297
0.62152028
0.47116712
0.64731342
0.72218817
0.44331789
0.57293713
0.51664251
0.62967193
0.76912498
0.70150805
0.29758826
0.49811152
0.5930419
0.59544021
""
0.30064422
0.69095612
0.59731466
0.57277095
""
""
0.6367262
1.0014832
0.80506486
0.45061865
0.69301713
0.95921952
0.47098604
0.67567271
0.62853813
0.58399665
0.67153579
0.66187966
0.60565186
0.4365446
0.61485958
0.56208134
0.43637854
0.4646478
0.59380585
0.70143986
0.68077952
0.54220057
0.68642044
0.75737458
""
0.39144802
0.61114115
0.66764194
0.64707899
""
0.27635583
0.59867465
0.44337547
0.5574947
0.75475216
0.672746
0.93055636
0.60432786
0.25305194
0.46381778
0.68246984
0.69887161
0.7145983
0.56853127
0.72961009
0.65747446
0.46022788
0.22460422
0.7502082
0.46490705
0.61755383
0.4519881
0.54037929
0.50428462
""
0.2866714
0.6360752
0.5264383
0.74434596
""
0.53822869
0.54738325
0.63323534
0.55572307
0.48134041
0.67409217
0.91702861
0.67146993
0.82689428
0.90273327
0.56281197
0.65351492
0.50531882
0.49847364
0.71073318
0.52446181
0.64199823
0.32578102
0.58711982
""
0.4091692
""
0.49647537
0.56011784
0.50238532
0.55235261
0.57185125
""
""
0.5813936
""
""
""
""
""
""
""
0.42397317
-0.27480578
0.72363567
1.4090451
""
""
""
""
""
0.98958427
0.67883289
0.88804537
0.51236689
""
0.72707421
0.64381421
0.76970541
0.62658852
0.68967837
0.58173168
0.36665979
0.33548549
1.2097597
0.66818386
""
""
""
0.84673703
""
0.65299261
0.46240249
0.53807372
0.3436299
0.72410524
0.69513237
0.68247622
0.65078294
0.70168918
""
""
""
""
""
""
""
""
""
""
""
""
""
""
0.78096473
0.75330776
""
0.63264495
0.74852824
0.58391267
0.62030417
0.64251441
0.74138755
0.48085558
0.58849472
0.48020676
0.64946729
0.40469027
0.41771021
0.46090999
0.48186466
0.61300546
0.66860181
0.60838336
0.66511887
0.54659599
0.56394821
0.5523572
0.56916493
0.64092928
0.58495253
0.64621061
0.57131875
0.50542438
0.68975323
0.54161423
0.66228491
0.48916453
0.64443994
0.7387014
0.44222039
0.60677165
0.55256855
0.66485447
0.83662564
0.53856754
0.82498926
0.69313973
0.57210624
0.564888
0.81617892
0.37137619
0.51016366
0.75231975
0.55281299
0.70000565
0.66606188
0.61944115
0.74495196
0.65835404
0.56776768
0.6160987
0.56543875
0.54375577
0.64529687
0.73709637
0.62347358
0.55596071
0.66213292
0.63931972
0.60289717
0.76733327
0.64719582
0.79617363
0.72918445
0.76853949
0.57463735
0.70734429
0.48244441
0.47888726
0.63179809
0.530828
0.61383843
0.571459
0.61924887
0.52341044
""
0.67944402
0.63245839
0.51533449
0.52933776
0.64289999
0.64778662
0.55961269
0.70475394
0.62101591
0.72751427
0.5288806
0.73294622
0.68771541
0.46054038
0.29977292
0.72688586
0.39062494
0.41905999
0.52953964
0.26098433
1.1766096
0.74268764
0.60619551
0.78247458
0.48507211
0.46560231
0.97906071
0.40319034
0.65158337
0.67354584
0.40332645
0.73011315
0.39237526
""
""
0.80990851
""
""
0.64120346
0.5614053
0.38505456
""
""
""
0.7928645
0.55430782
0.49062392
0.60416603
""
""
0.68114454
""
0.12589002
0.75815237
""
0.74829978
""
""
0.76152813
""
""
""
0.66743881
0.672418
0.66008443
""
0.057214588
0.64524311
""
""
""
""
0.14830264
""
""
""
0.83973086
""
0.28903806
0.84008831
0.83922791
0.75106204
0.48974422
0.7261591
0.44317991
0.63037062
0.54808736
""
""
""
0.82103783
""
1.440912
""
0.57395822
0.98641115
0.59727699
""
0.7393294
0.74139357
0.33733773
""
""
""
""
""
""
""
0.80123878
0.76729339
0.26158306
0.55822766
0.47233725
""
""
""
""
0.16249274
0.69297522
0.59913409
""
""
""
1.1775116
""
""
""
""
""
0.77873677
""
""
0.76594323
0.76573265
0.62702692
0.74926203
""
0.76877999
""
0.67607158
0.83809257
""
0.51990408
""
""
0.80330396
0.2952686
0.66556764
0.88736689
""
""
0.73349822
0.45193005
""
""
""
0.20635737
0.45048338
0.39772931
""
-0.1354486
-0.00087059895
0.76484984
""
""
""
0.9453311
0.86001086
0.60697037
0.44212997
0.74462712
""
0.85437
0.16926059
0.74326038
0.34391698
0.52615529
0.20929877
""
0.58852947
0.7404415
0.65742636
0.58676958
0.037785884
0.68942422
0.70359898
""
0.63233304
""
0.69930428
""
""
""
0.58130801
""
""
0.50310266
1.3786277
""
0.64061958
0.70950323
0.70788592
0.60321909
0.66400605
0.49443841
0.48951879
0.52943969
0.96798331
""
0.66942966
0.35634354
0.15179878
0.93257141
0.67188102
0.5226301
0.57893312
0.2682671
0.98471749
""
0.31809175
0.1082762
0.81369674
0.52279961
0.75282305
0.71157885
0.77363962
0.95547283
0.64699233
""
0.85761625
""
0.27524969
0.3401098
0.33695808
0.85551631
0.67029977
""
""
1.0914677
0.91482872
0.49521986
0.43222252
""
0.84169084
0.63509351
0.98472792
0.48696512
""
""
""
0.43671933
0.96331066
0.70592785
0.84173125
0.65680379
0.5388577
""
0.48376217
0.67584258
0.54344815
0.50683069
0.33176255
0.40959936
""
0.79167801
0.37319317
0.67872512
0.7168988
0.17950869
0.86024517
""
""
0.48831427
0.62993449
0.44437182
0.4254638
0.25423336
0.54596746
0.55164748
0.50192809
0.69967324
0.78760368
0.56139815
0.60440266
""
""
0.71776402
0.42368823
0.7030409
0.52381611
0.61314094
0.39171058
0.75445312
""
""
""
""
""
""
""
""
""
""
""
""
0.46740052
0.66240531
0.13179982
0.70265615
0.50292057
""
0.85152024
0.72214097
0.49507895
0.32311517
0.74690795
1.1244674
""
""
""
0.9602806
0.63298774
0.29133159
""
""
0.56274402
""
""
""
0.49657574
""
0.75212044
""
""
""
""
0.50661206
0.4533273
0.75722194
0.85653812
0.58041918
""
-0.19584811
""
""
""
0.57858229
0.63533717
0.83679014
""
""
""
""
0.5711298
0.5101366
0.4808507
0.64564031
""
0.3183555
""
""
0.64821434
""
""
0.44162998
0.74383193
0.61553901
0.62716711
0.73237735
0.78482145
0.40340155
0.47498578
0.7179268
1.3414711
0.33271807
0.71391082
0.11273461
0.55276525
0.55965197
0.46808988
1.2178228
0.45800424
0.79741305
""
0.826886
0.47424698
0.4555355
0.48716217
0.42024383
0.42475933
0.38404486
0.45972428
0.64260918
0.56407899
0.41228536
0.55408984
0.56725103
0.48128375
""
0.077623144
0.21078037
0.41457611
0.83368278
0.64227271
0.43258944
0.5258866
0.70307744
0.47249699
0.62632388
0.72261739
0.6298821
0.41193274
0.62636703
0.42949614
1.2478528
0.45428231
0.69855726
0.36398566
0.23315012
""
0.45145035
""
0.4953475
0.41548839
0.77723628
0.4177033
""
""
""
0.52081138
0.65238762
0.23763768
0.45277137
0.24933586
0.54315233
""
""
0.72725457
""
""
0.44724929
0.58320528
0.71168804
0.39078948
0.5354721
0.50716227
0.52598059
0.7353043
0.69235045
0.52067536
0.61187077
0.51670152
0.53199697
""
0.57626122
0.7445001
0.47466224
0.68311995
0.62901491
0.71460646
0.90184289
0.35955817
0.31092799
0.38156852
0.24306957
""
0.82045114
0.5655458
0.15744583
0.91120178
""
""
""
0.69813973
0.93162382
0.63404423
0.50354534
0.56324357
0.17941774
0.77124542
0.62006062
0.7944954
""
""
1.1144239
""
0.71925384
""
""
""
""
0.68160295
""
""
""
""
0.3599501
0.64332277
""
""
0.70419866
0.60683793
""
0.52426237
0.74015337
""
0.46883869
""
0.79086435
-0.10961145
0.70631891
0.78237122
0.83630866
0.79568017
0.62720788
0.82316154
0.85186654
0.51253384
0.74930125
0.59443182
0.75423336
-0.11535183
0.50142843
0.52344596
0.77002621
0.61136073
0.5788995
""
0.4899244
0.74673671
0.61283618
0.83637357
0.49625826
0.71491623
0.3379721
0.62145185
0.76695251
0.56000566
0.56551296
0.60436654
0.5282194
0.56380057
0.58013391
0.55688095
0.76807159
0.60698253
0.7222901
0.53903306
0.54578125
0.67177188
0.72954315
0.36079273
0.56359237
0.69593614
""
0.6942929
0.48047718
0.71581906
0.49397188
""
0.42098728
""
""
""
0.49496675
0.49175084
""
""
1.0096878
""
0.14616702
""
0.54024237
0.3192336
0.1396146
0.28298983
""
0.37696791
0.62147355
0.43730122
""
""
0.71367228
0.59327126
""
0.55712306
0.63141185
0.79341251
0.42618236
0.66487712
0.63044554
0.61273897
0.68430144
""
0.42503673
0.83870429
0.52085316
""
0.82967013
0.57087094
0.47538561
0.37165424
0.47607395
0.43650243
0.60756117
0.85628706
0.30368403
""
0.45208427
0.60351455
0.52170002
0.49469072
0.77046698
0.78927714
0.28195554
0.43858361
0.73537445
0.33715224
0.9146505
0.70149356
0.97050738
0.59749448
0.1882478
0.75128514
0.58681208
""
""
0.33162284
""
0.90277725
""
""
0.49499163
0.53987259
0.31910604
""
""
""
""
""
""
0.43964782
0.27573863
""
""
""
""
-0.27017015
1.1073924
""
""
""
""
0.87420571
0.29907578
""
0.90522176
""
0.49447122
0.62493318
0.86406773
""
""
""
""
""
""
0.2571432
0.78046
0.74730748
0.48148364
0.22829895
0.59586185
0.56016386
0.48427173
0.56665474
0.52245706
0.32861984
0.69524825
0.64682287
0.67262751
0.5964812
0.56815732
0.5021522
0.5322389
0.80226135
0.40566486
0.53785026
0.5710988
0.55099148
0.56493074
0.56498551
0.45918944
0.45816502
0.53767568
0.59247774
0.43144384
0.60417891
0.63106185
0.67288941
0.67109287
0.66540825
0.64789104
0.74524117
0.67241538
0.69138837
0.74927658
""
0.87380338
0.55078489
0.66933709
0.65955901
0.58599144
0.53716642
0.59756631
0.58170265
0.84189242
0.66407013
0.53091061
0.48981053
0.43981472
0.56833011
0.57736772
0.50117916
0.64398795
0.49213922
0.79117805
""
0.44500288
0.50668013
0.54170585
0.73813343
0.60724151
0.73763496
0.62520927
0.62677324
-0.016744703
0.4147051
0.58848029
0.60571647
0.58104372
0.68083137
0.61426204
0.64937836
0.52475023
0.40313384
0.85393161
0.66145939
0.46939519
0.48884878
0.55223674
""
""
0.87513697
1.1904095
""
""
""
0.60420877
""
""
""
""
""
""
""
""
""
0.32480696
""
""
""
0.15257174
""
""
0.54050785
0.36888251
""
""
""
0.31227267
""
0.52608496
0.80811566
0.67763168
0.40671059
""
""
""
0.33109182
""
""
""
0.46909672
0.51623029
0.91120052
""
0.68856847
0.7713744
""
0.50364822
0.93875527
""
0.63867575
""
0.91940111
0.62512988
""
""
0.64790815
0.54222423
0.70457524
0.73794502
0.1973013
0.64194369
0.58569366
0.41560555
""
0.63955384
""
0.68060488
""
""
""
""
0.61004323
0.95532531
""
0.82627046
0.83938658
0.45211223
0.47501069
0.50755191
0.70270932
0.35111552
0.84452027
0.29706717
1.078631
0.66116834
0.60492086
0.50862318
0.31299785
0.64411253
""
""
0.63916749
0.45485526
0.60252529
0.81784999
1.0845428
0.37753779
0.58923417
0.37555009
0.22459406
0.79324031
0.36707062
0.68546885
0.65819454
0.31883174
0.37995893
""
0.52440703
0.49368414
""
""
""
0.76180828
0.23030272
""
0.54836285
0.75262803
0.74751413
0.51263458
0.65768808
0.27966633
0.46514314
0.40352905
0.43921146
0.77509934
0.57015276
""
0.79762542
""
0.48378491
""
""
0.34367239
0.519526
0.51094091
0.40436524
1.059014
""
""
0.27985114
0.68840462
""
""
0.96699268
""
""
0.43997675
0.57565963
0.51142699
0.59166998
1.0396631
0.54297435
0.88529712
""
""
""
""
0.31224018
0.40292442
0.55904496
0.41001534
""
0.56148434
0.59563273
0.71006817
0.58037955
0.87333083
0.31560877
0.22869253
""
0.79356927
0.50254691
""
0.38881156
-0.41065675
""
0.42379102
""
0.66278553
""
""
0.73708779
0.3423472
1.0874593
""
""
""
""
""
""
""
""
""
0.37768671
0.46883503
""
""
0.59576827
0.67409319
0.54946297
0.7371161
0.24382387
0.46387833
0.46312192
0.66566968
0.6151101
0.51654398
0.76656044
0.55011195
0.57668805
0.85374236
0.82236189
0.52718991
0.55741835
0.71272552
0.68932903
0.38074106
""
0.75826424
0.46345454
""
""
""
""
0.79142976
""
""
1.1492288
0.50606853
0.94079769
0.041881096
0.63607621
0.81536907
0.8355974
0.65331435
""
0.8081159
0.56630433
0.45099685
""
""
0.38106847
-0.093832463
0.79185444
""
0.63171107
""
0.68140942
""
0.755629
0.39355037
0.23999603
0.67626065
""
0.29234794
0.98783737
""
0.18094738
""
0.75327271
""
""
0.612858
""
0.5155682
""
""
""
""
""
""
0.56945503
0.65004236
0.54181147
0.62351048
0.6485514
0.68098956
0.43751138
0.70723289
0.71588051
0.76563191
0.45132822
0.6387831
0.73170787
0.51724732
0.60407764
0.71458524
0.38933426
""
""
""
0.59039158
""
0.22730747
0.46019775
0.61387593
0.79828852
0.53322053
0.73102713
0.72860551
0.69062757
0.64201331
0.65802145
""
0.58802813
0.47466126
0.62573951
0.49109396
0.66309726
0.56015229
0.44598454
0.38745707
0.37050924
0.77720201
0.62361687
0.65436447
0.37263292
0.68641704
0.79846686
0.64184058
0.58744311
0.91212475
0.39742786
0.96333617
0.45306411
0.21738891
0.44184315
0.49475601
0.13476281
""
0.34817421
""
""
0.7210139
0.58546734
0.42371905
0.77848148
""
1.0783756
0.77740896
0.59786755
0.55810088
0.51284236
0.63865256
0.12560479
0.56684613
1.0627061
0.42094374
0.16781615
0.038381252
0.52349281
0.35273379
0.86297572
0.60387838
0.64857465
0.58072698
0.58749837
1.1542294
0.85056871
0.52028507
0.64485794
0.39620158
0.80482692
0.39226475
""
""
0.79510558
""
0.67811662
0.64436424
0.59034097
0.9246617
0.51277888
0.76900762
0.55748671
0.65826249
""
0.39329743
0.70068043
0.59064323
0.72836268
0.49359408
0.37738127
0.49911129
0.30240932
0.52224171
0.91901565
0.80564946
1.0505067
0.49558777
""
0.68375558
""
0.7611509
""
0.25066352
""
0.59973633
0.62729758
0.17457159
0.79871362
""
0.3370516
0.95049727
0.93558478
0.57329953
0.70162648
0.43987736
0.8013292
0.46666503
0.40339372
0.25684422
0.37967271
0.51858997
0.48019829
0.60610747
0.72354066
0.53891218
0.65164548
0.66073656
0.85882705
0.71672064
0.70423669
0.75640249
0.6126008
0.52954316
""
""
0.63742006
""
0.37823179
0.42754477
0.6971752
0.50622094
0.32214057
1.0165881
""
0.77053088
0.55920494
0.4786213
""
0.98637635
0.35955963
0.86916351
0.59610361
0.49343005
0.48146829
0.65454781
0.77854538
0.83163303
0.5661574
0.90585899
0.71038657
0.7052021
""
0.69969505
""
""
""
""
""
0.73709875
0.63493228
0.68786967
""
""
""
0.84486526
0.81718099
0.45504424
0.52769279
0.48397595
0.59668076
0.66115743
0.76891667
0.7163291
0.4589667
0.70845699
0.58117157
0.64871913
0.51793498
0.6695435
0.27989876
0.50693113
0.52617031
0.41518694
0.48275879
0.63869703
0.52664793
0.70042205
0.87773699
0.32376218
0.69480777
0.7882368
""
0.41127455
0.42301998
""
""
0.58088535
0.62086475
0.60293704
0.49033457
0.9149884
0.65410674
0.70909262
0.67326009
""
""
0.77547055
0.69997609
0.63144761
0.92518067
""
0.75393885
0.52067101
0.865363
0.77147502
0.36700931
0.35307163
0.62490553
0.67364794
0.59996313
0.32565564
0.38954812
0.37603989
""
0.60656971
0.62929803
0.23975334
0.85567993
0.56305188
0.34148881
0.62079585
0.61565393
0.70620209
0.36994514
0.14380138
0.83407056
0.38497964
0.54170376
0.70009971
0.4547849
0.94121242
0.33949962
0.86866707
0.5458892
0.22940131
0.36375931
""
""
0.48680282
0.75778091
0.74122864
0.60143507
0.53370333
0.60349905
""
0.94902122
0.68500626
0.66090089
0.56310177
0.72469586
0.66095054
""
0.7110942
""
0.34657207
0.60341477
0.53681421
0.88351399
0.82471979
0.50594282
0.76350868
0.50894219
0.45684674
0.31471071
0.32213187
""
0.59668046
""
""
""
0.31325513
0.84543216
""
""
0.62362456
0.76367557
""
0.61415744
0.77576393
0.61917174
0.9959076
0.21503137
0.52224803
0.65698189
""
0.80266136
0.81230509
0.5655176
0.31459355
""
""
0.67814976
0.51875442
0.51757938
0.83293492
0.99972397
0.54739434
0.62773055
0.35060382
0.3264938
0.54378754
0.26755357
0.95859897
0.65915626
0.58901834
0.63849914
1.0662209
""
0.3264758
0.30598927
0.41419944
0.44877726
1.0040373
0.8469575
0.9503442
0.74889934
0.64733565
0.45210612
0.64947569
0.91764522
0.46965292
0.72412252
0.68993276
0.34029976
0.60827786
0.32795683
0.98241836
0.13810679
1.0680164
0.32607698
0.78600198
0.76817346
1.0885756
0.46881783
""
0.84577733
0.87613833
0.73779601
""
""
0.2130222
0.21449368
0.54482269
0.49720293
0.90091223
0.56754589
0.62589002
0.43250504
0.89513582
0.59760195
0.52667367
0.38459277
0.53654206
0.090773441
0.54265487
0.42052761
""
0.86540568
0.45668969
0.69587392
0.61305684
0.40937167
0.61566138
0.40030038
0.65431553
0.77149469
""
0.52974522
""
0.51908529
0.41685435
0.69776022
0.65818566
0.50653821
0.47882283
""
""
0.72753298
0.6133998
0.52640641
""
""
""
0.49982205
0.28424317
0.43237942
0.65234894
0.075338945
0.75795782
0.79466444
0.55726761
0.62644809
0.46849552
0.54235744
0.53171265
0.63143814
0.63336349
0.55420518
0.57015556
0.61579835
0.56175148
0.52098984
0.68837601
0.43631634
0.58826196
""
0.7298789
0.98194492
0.73238403
0.49620223
0.63780004
0.55454779
0.57402897
""
0.57210898
""
""
""
0.36403081
""
""
0.82510418
0.24023198
0.06264817
""
""
0.87615019
""
""
""
""
""
0.33689019
0.31290811
0.84531707
0.60894644
0.32301223
0.5749647
0.63022918
0.25430855
0.81156564
0.36734813
0.32334942
0.54930633
0.55176604
0.56849831
0.47568524
0.90999591
0.84973496
0.13672014
0.85959554
0.74734509
0.67961323
""
""
""
""
""
""
0.76401263
0.75400507
0.44893411
0.58410728
""
0.69691479
""
0.38152492
0.59997445
0.44364238
0.35159415
0.44929674
0.52283794
0.74085408
""
0.28037059
0.81317854
0.57813531
0.65546578
0.63949144
0.56447035
0.59069574
""
0.6749751
""
0.71966976
0.6420455
0.68052775
""
""
""
0.46659887
0.43431786
0.76155156
0.51246923
0.66538411
0.5879941
""
0.48702887
""
0.77263349
0.5728507
0.57773131
0.6494413
0.65169269
0.31881818
0.57948762
""
0.54457271
0.48685822
""
0.4363263
0.40515167
0.6238687
0.4065516
0.51775426
0.72184837
0.51142687
0.4976449
0.66551882
0.69262749
0.71997559
0.86728805
0.69584322
0.67935985
0.87307787
""
0.52757359
0.63029546
0.82871854
0.89318132
0.55305862
0.53463197
0.74374235
0.55155301
0.48302063
0.53238636
0.48885298
0.47534788
0.56337488
0.22401565
0.72905207
0.66997111
0.82681268
0.69590253
0.25728771
0.57446051
0.72317809
0.40718749
0.58836448
0.75610107
0.51144838
0.68967211
0.64853066
0.40449589
0.87307137
0.74409008
0.52256638
0.70858598
0.46774837
0.77705801
0.52420217
0.85827988
""
""
0.40914008
""
""
0.64895421
""
0.63880754
0.42947662
0.7832548
0.42839742
0.38077292
0.46764421
0.65019399
0.35078263
0.57674754
0.67111719
0.13937391
0.55605292
0.6267041
0.70781571
0.50047636
0.88995755
0.50580066
0.53933412
0.53341526
0.24203573
0.91433853
0.98666584
""
0.41270509
0.59332365
0.72992826
0.58141685
0.59421664
0.77132106
0.51086748
0.80595666
0.80269557
0.43714777
0.74199134
""
0.39262581
0.63920724
0.76879805
0.69041103
0.48674995
0.70517623
0.47445837
0.84037071
0.69358867
0.51799858
0.58727312
0.65151024
0.58621049
""
0.44959912
0.71927565
0.86689365
""
0.54757327
0.75067782
0.33829054
0.51772112
0.62681055
0.56754166
0.50368524
0.5404582
""
""
""
""
""
""
""
""
""
""
""
0.46945611
""
0.026009472
""
0.22992058
""
""
0.44948643
0.65652984
0.43211371
0.65558165
0.76283163
0.92284417
0.54394156
0.66780245
0.57143104
0.50318742
0.57263339
0.60271734
0.72490942
0.58604103
0.66054618
0.62333041
""
""
1.6334695
""
0.84833395
1.1980184
""
""
""
0.32934377
""
0.77824229
0.52599162
0.57805037
0.624125
0.47158614
0.3521809
0.67316198
0.55833864
0.33605686
0.50601399
0.64451277
0.41116634
0.43591261
0.50104362
1.0004669
0.69868708
0.48356786
0.63003284
0.66218555
0.53677315
0.55156785
0.4483251
""
""
0.1171442
0.83882076
0.44749033
0.19691087
0.19676279
0.61992121
0.40471613
1.1595298
""
0.90223575
0.54408562
""
0.59842247
0.45544082
0.62838697
0.62775403
0.65475112
0.56639981
0.85298914
0.59177113
0.74872929
0.4856019
0.18325767
0.54896235
0.50424159
0.47793633
0.45648679
0.79923731
0.52436101
0.74282849
0.37680256
0.53877306
0.59832406
0.65794599
0.69655609
0.60848767
0.5907861
0.66071802
0.62961376
0.69822699
0.83470076
0.46890917
0.80206269
0.70223778
0.32086238
0.62047952
0.76882023
0.42213458
0.55611098
0.62902677
0.67294979
0.64784521
0.68877906
0.76523268
0.62640107
0.60732424
0.74131221
0.50865132
0.62240195
0.52209795
0.64732081
0.43923557
0.58474016
0.53020221
0.7415756
0.68881327
0.59875011
0.63517922
0.63325435
0.53355634
0.39323854
0.46449992
0.77414966
0.62471616
0.77002394
0.62645584
0.74094123
0.33953854
0.26370698
0.63470614
0.66834551
0.34438807
0.62415737
0.9060095
0.55283219
0.62556994
0.80685091
0.6578064
0.53972584
0.6157763
0.34065714
0.54755181
0.46432701
1.0361696
""
0.72113812
0.68931377
0.38641772
0.55563164
0.10202719
0.48913363
0.68433386
0.54094052
0.69498467
0.78468591
""
""
0.90463984
0.57170588
0.72388273
""
""
0.63930082
0.79735857
0.53022879
0.65937895
0.55188143
0.51999098
0.38710582
0.46309924
0.83612341
""
0.77941293
0.39500928
0.44821432
0.76563376
0.88256723
0.58992398
0.6582303
0.43472993
0.48504677
""
""
""
0.38846034
0.56434023
0.49395752
0.59744924
0.64106822
0.43779922
0.57108706
0.86352724
""
""
""
""
""
""
0.60789305
0.13954073
0.51250404
0.52160984
0.55372226
""
""
1.4622035
""
0.37554207
0.680327
0.49673605
0.61903971
""
0.539666
0.83876866
0.6147179
""
0.58759934
""
0.70415425
0.20242454
0.72840208
0.68420237
0.45593005
""
0.74932569
0.62996584
0.63888043
0.57778335
0.36903396
0.052732315
0.53181881
0.62808239
0.38343304
1.0155082
0.54699743
0.74088997
0.62396371
0.74143869
0.70533556
""
0.53196818
""
0.20655188
0.59094876
0.88901764
0.64523488
""
0.56722647
""
0.70700896
0.48679686
0.56545281
""
0.81345105
0.59553027
0.78221357
0.4494997
0.050716829
""
0.67111379
""
""
0.75284058
0.57958192
0.60909599
0.6896342
0.70997453
0.7856921
0.46827844
0.34482118
0.6772272
0.73985028
0.3852689
0.69847244
""
0.55706918
""
0.8145349
0.5700652
1.3858908
0.45314389
""
0.72740233
""
0.6749227
0.48821244
0.26140726
0.71962923
0.37607184
0.59772354
0.51111376
0.66615373
0.8459295
0.53925121
0.45366782
0.46323675
""
0.34447652
0.85749865
""
0.31608456
0.5035848
""
0.5098483
0.98267329
0.3340756
""
""
0.34483081
""
1.0623572
""
""
""
""
""
0.74847519
1.0587628
0.44935304
1.1109655
0.64153153
0.57259637
0.53310126
0.79009151
0.77534169
0.58951163
0.60298073
0.22155043
0.61315143
0.5431751
""
""
""
0.75457555
0.3614229
0.8949964
0.35625702
0.47071749
""
0.41866735
0.34821382
0.73763072
""
""
""
""
0.87814212
0.85047305
""
""
""
0.4964326
""
""
""
""
""
0.53361326
0.36698961
0.66116852
""
""
""
""
""
""
0.6298725
""
""
0.63186926
0.34165004
0.41185775
0.47099614
0.58879602
""
""
""
0.41997603
0.72457743
0.58991063
0.50144035
0.5149945
0.63508016
0.99300146
0.52668619
1.0888239
0.553599
0.66440731
0.64100283
""
""
0.61806273
0.52958173
0.5728845
0.46537203
0.57891691
0.58679408
0.32102263
0.66427302
0.25133815
""
0.3062937
0.67362922
0.75180829
0.14652191
""
""
""
""
""
""
""
""
0.53084564
""
""
""
0.62728906
""
0.62530488
""
""
0.38420305
0.55025113
""
1.001971
""
0.52248943
0.18535045
""
""
""
""
""
""
""
""
""
""
""
""
""
""
0.2251365
0.5412432
""
""
""
""
""
""
""
""
""
""
""
""
""
0.34559819
""
0.28381997
0.62506336
0.58419967
0.81679016
0.35481951
0.31393591
""
""
""
""
""
""
""
""
""
0.96356797
""
0.55201721
""
0.44202664
""
0.89106572
0.55993295
0.70381838
0.43061808
0.6325742
0.23661298
0.11467718
0.58151489
0.34772599
0.37823698
0.47054496
""
""
""
""
0.64982015
""
""
""
""
""
1.0184039
""
0.6224106
""
""
""
""
""
""
""
""
""
0.41034091
""
""
""
""
0.7185607
""
0.42365912
0.34659824
""
""
""
""
""
""
0.48220068
0.64104879
0.26372081
0.38897383
0.17983013
0.38828644
""
0.078374267
""
0.20033181
0.50556242
0.74313366
0.72163963
0.29212639
0.30657667
0.48044482
0.26887488
""
0.74845541
0.25450915
0.60615361
0.64262599
0.49466237
0.43993795
0.50182092
0.6448164
0.56963915
""
0.42315117
0.65012783
""
""
""
""
""
""
""
""
0.10024466
0.73003548
0.56612515
""
0.54422706
""
""
""
""
0.83064669
""
""
""
""
""
0.59190923
0.36825618
0.68730336
0.41566354
0.84015507
0.53156143
0.57977837
0.67287356
0.46071556
0.65330863
0.38679197
0.53181863
0.47215214
""
""
""
""
""
""
0.25261137
""
""
0.59774601
""
""
""
""
0.31997585
0.36685625
0.53944159
0.43414339
0.58891767
0.36128473
0.56464571
0.36545941
0.59159237
0.21012695
0.58629346
""
0.47050801
0.44374326
0.24963839
1.0263407
0.45808017
0.48551756
0.57749784
0.66144723
0.45694047
0.50739425
0.49312693
0.49885035
0.36113966
0.47045594
0.67957395
0.54938674
0.35238427
0.53397989
0.30050895
0.3969323
1.1017867
""
0.43122184
0.68892056
0.49703234
0.60024971
0.35140997
0.38907188
0.41706324
0.73740953
0.24218276
0.50579828
0.47272873
0.3081598
0.4947978
0.46842727
0.29641688
1.1826317
""
""
0.22095017
0.67886353
""
0.73947901
""
""
""
""
""
""
""
""
""
""
""
0.60163343
""
""
""
""
""
""
""
""
""
""
""
""
""
""
""
""
""
""
""
0.86630255
0.32888678
0.69634277
""
""
0.56532294
""
0.17023508
0.60042179
0.59898007
""
0.41215557
""
0.1699044
0.21044792
""
""
""
""
""
""
0.73569894
""
""
0.23141629
""
""
""
""
0.47437456
""
""
""
""
0.14862674
0.36366948
""
""
0.31005812
""
""
0.47788158
0.099397145
0.32067165
""
""
""
""
""
0.34838375
""
0.23925169
""
""
0.7633937
0.45090875
""
0.59327739
""
""
""
""
""
""
""
""
""
""
0.24050736
0.95577455
0.57332653
""
0.22383291
0.19466892
0.61649859
0.60495579
""
0.18911412
0.24569938
""
0.53388947
1.0799991
0.087800525
1.1249999
""
""
""
0.39072588
""
""
""
""
""
""
""
""
""
""
0.78524441
0.72988689
1.4426279
""
""
""
""
""
""
""
""
""
""
""
""
""
""
""
""
""
""
""
""
""
""
""
""
""
""
""
""
""
""
""
""
""
""
""
""
""
""
""
""
""
""
""
""
""
""
""
""
""
""
-0.093264222
""
0.47779024
0.34494531
0.408871
""
""
""
""
""
0.51616293
0.5217182
0.090993546
0.35830101
0.41815543
""
""
""
""
""
0.32820404
0.83228302
0.64793026
0.90638489
0.60568064
0.27762145
0.52439058
0.35741469
0.77483606
0.46195611
0.24509774
0.1599167
0.60168684
0.65743059
0.32346258
0.90169019
""
0.59373093
0.81401634
0.42720392
0.19402979
""
""
0.5790692
""
""
0.69624805
0.63194501
""
0.92015135
0.25797173
""
0.6666261
0.68319714
0.61804616
0.52548045
0.67790753
0.81698608
0.63211095
0.4177939
0.44905657
0.65041578
""
0.34254616
0.47669601
0.83578497
0.62232566
0.7285229
0.6447196
0.44032446
""
""
""
""
""
""
""
""
""
""
""
""
""
""
""
""
""
""
""
""
""
""
""
""
""
""
""
""
""
""
""
""
""
""
""
""
""
""
""
""
""
""
""
""
""
""
""
""
""
""
""
""
""
""
""
""
""
""
""
""
""
""
""
""
""
""
""
""
""
""
""
""
""
""
""
""
""
""
""
""
""
""
""
""
""
""
""
""
""
""
""
""
""
""
""
""
""
""
""
""
""
""
""
""
""
""
""
""
""
""
""
""
""
""
""
""
""
""
""
""
""
""
""
""
""
""
""
""
""
""
""
""
""
""
""
""
""
""
""
""
""
""
""
""
""
""
""
""
""
""
""
""
""
""
""
""
""
""
""
""
""
""
""
""
""
""
""
""
""
""
""
""
""
""
""
""
""
""
""
""
""
""
""
""
""
""
""
""
""
""
""
""
""
""
""
""
""
""
""
""
""
""
""
""
""
""
""
""
""
""
""
""
""
""
""
""
""
""
""
""
""
""
""
""
""
""
""
""
""
""
""
""
""
""
""
""
""
""
""
""
""
0.84565163
1.0137502
""
1.0233831
""
""
0.85762739
0.78614569
""
""
""
""
0.49327615
""
""
""
0.97330415
0.65364873
0.89643389
""
0.53886008
0.67764723
""
0.50945455
0.37539768
0.46588269
""
0.88594943
0.12439677
0.504197
0.69133562
0.62395906
0.52365983
0.38928318
0.63333201
0.46055192
""
""
0.39359564
""
1.0852145
0.78056484
0.65132064
""
""
""
""
""
""
""
""
0.84727895
""
""
""
""
""
""
""
""
""
""
""
""
""
""
""
""
""
""
""
""
""
""
""
""
""
""
""
""
""
""
""
""
""
""
""
""
""
""
""
""
""
""
""
""
""
""
""
""
""
""
""
""
""
""
""
""
""
""
""
""
""
""
""
""
""
""
""
""
""
""
""
""
""
""
""
""
""
""
""
""
""
""
""
""
""
""
""
""
""
""
""
""
""
""
1.1645532
""
""
""
""
""
""
0.40272877
""
""
""
""
""
""
""
""
""
""
""
""
""
""
""
""
""
0.35680151
""
""
""
""
0.97283858
""
""
""
""
""
""
""
""
""
""
""
""
""
""
""
""
""
""
""
""
""
""
""
""
""
""
1.0265682
""
""
""
""
""
""
""
""
""
""
""
""
""
""
""
""
""
""
""
""
""
""
""
""
""
""
""
""
""
""
""
""
""
""
""
""
""
""
""
""
0.022445021
""
0.68689644
0.53164798
""
0.44303763
""
""
""
""
0.82496905
""
0.79478359
""
0.58210969
""
""
""
0.52935153
0.87994492
""
1.1207212
0.95115501
0.88343346
0.70982844
0.67902583
0.38624874
""
0.48303664
""
0.86310107
""
0.74707353
0.71840006
0.95632046
0.4999648
1.0824553
0.52607775
0.68121719
0.44897348
0.65225512
0.58593267
1.023208
""
""
0.95509309
0.57486308
""
0.80166751
""
0.95910126
""
0.6701014
0.68149054
""
0.2729755
""
0.65919304
0.36274979
0.42669809
0.50484544
0.32633835
0.78418463
0.59160793
0.36819825
0.84251577
0.42993778
0.66212595
0.54271984
0.57845896
0.34620035
""
1.0625066
0.7266292
""
0.76639622
0.54633987
0.64429086
0.80609059
0.70537311
0.57423759
0.79153842
0.66965955
0.90715939
0.66148788
0.65062928
0.81252158
""
0.66306657
""
0.50244087
""
0.66699272
0.66717404
0.92560369
0.73965883
0.67373741
0.43605554
0.36295167
0.66769749
0.72058517
0.61227661
0.57484221
0.76873296
""
0.91905862
1.1317418
""
""
0.18397802
0.18564038
0.82476205
0.83743447
0.62589014
0.7412712
0.74664152
0.58190835
0.4800607
0.65066248
0.66279215
1.152287
0.73358625
0.63818467
0.78195924
0.5973199
0.74957412
0.34179181
0.74014652
""
""
""
""
""
""
""
0.72991621
0.64668411
""
""
""
""
0.71089184
""
""
""
0.87136817
0.57354122
0.71680427
""
""
0.69866234
0.52878952
""
""
""
0.61914498
""
""
""
0.70334643
""
0.8778919
0.29881644
0.083008595
0.76988286
0.58664799
""
0.91715938
0.34622413
""
""
""
""
0.44120395
""
""
""
0.67426872
""
""
""
0.91932064
1.0449122
0.47831011
0.77644873
0.75280011
0.73015761
""
""
""
""
""
""
""
0.59935218
0.74647957
""
""
""
""
0.57388574
""
""
""
""
""
""
0.77830446
0.69488996
""
""
""
""
""
""
0.89159435
0.89245397
""
0.59087843
""
0.93507868
""
""
""
0.53579378
0.66754234
""
0.83137357
0.96893585
0.43646771
0.25919172
0.61623114
""
""
""
""
0.54719919
0.51279634
0.70000297
""
0.66468865
""
""
""
""
""
""
0.78817666
""
""
0.55493337
""
0.58631533
0.2316556
""
""
""
""
""
""
""
""
""
""
""
""
""
""
""
""
""
""
""
""
""
""
""
""
""
""
""
""
""
""
""
""
""
""
""
""
""
""
""
""
""
""
""
""
""
""
""
0.43946752
""
""
""
""
""
""
""
""
""
""
""
""
""
""
""
""
""
""
""
""
""
""
""
""
""
""
""
""
""
""
""
""
""
""
""
""
""
""
""
""
""
""
""
""
""
""
""
""
""
""
""
""
""
""
""
""
""
""
""
""
""
""
""
1.007825
1.1362195
""
""
""
""
""
""
""
""
""
""
""
""
""
""
""
""
""
""
""
""
""
""
""
""
""
""
""
""
""
""
""
""
1.4623867
""
""
""
""
""
""
""
""
""
""
""
""
""
""
""
""
""
""
""
""
""
""
""
""
""
""
""
""
""
""
""
""
""
""
""
""
""
""
""
""
""
""
""
""
""
""
""
""
""
""
""
""
""
""
""
""
""
""
""
""
""
""
""
""
""
""
""
""
""
""
""
""
""
""
""
""
""
""
""
""
""
""
""
""
""
""
""
""
""
""
0.43740728
1.3938959
""
""
""
""
""
""
""
""
""
""
""
""
""
""
""
""
""
""
""
""
""
""
""
""
""
""
""
""
""
""
""
""
""
0.7699818
""
0.54927808
0.52756441
""
""
""
""
0.6893189
1.0203365
0.037213836
0.77884901
0.57741898
0.39480355
0.87693077
""
""
""
""
""
""
""
""
""
""
""
""
""
""
""
""
""
""
""
""
""
""
""
""
""
""
""
""
""
""
""
""
""
""
""
""
""
""
""
""
""
""
""
""
""
""
""
""
""
""
""
""
""
""
""
""
""
""
""
""
""
""
""
""
""
""
""
""
""
""
""
""
""
""
""
""
""
""
""
""
""
""
""
""
""
""
""
""
""
""
""
""
""
""
""
""
""
""
""
""
""
""
""
""
""
""
1.0001121
0.58117568
0.87053263
""
""
0.82436287
""
0.7584551
0.51868302
0.62356168
1.0386417
0.57666641
0.78233695
0.50145245
0.59541929
0.80533129
""
0.60571229
""
0.6754306
0.58736962
0.42650038
0.69270718
0.47704485
0.74525583
0.65063095
""
0.54217362
""
0.81688958
0.78322649
""
0.59574217
""
""
0.77285993
0.93257779
0.59558785
0.69478583
0.65327132
""
0.29572824
0.37803757
0.55016255
0.92046583
1.0407228
0.67843074
0.69469601
0.51399136
0.53488272
0.67023563
0.32222071
""
0.94452018
""
""
0.83993566
""
""
""
""
0.60215193
0.39333451
0.40385261
0.41825691
""
""
""
""
""
""
""
""
""
""
""
""
""
""
""
""
""
""
1.1114377
0.73509985
0.59341693
0.61227643
0.49795026
""
""
""
""
""
""
""
""
""
""
""
""
""
""
""
""
""
""
""
""
""
""
""
""
""
""
""
""
""
""
""
""
""
""
""
""
""
""
""
""
""
0.92418796
""
""
""
""
""
""
""
""
""
""
""
""
""
""
""
""
""
""
""
""
""
""
""
""
""
""
""
""
""
""
""
""
0.71570981
""
0.53950268
""
""
""
""
""
""
""
""
""
""
""
""
""
""
""
""
""
""
""
""
""
""
""
""
""
""
""
""
""
""
""
""
""
""
0.62282258
""
0.76837814
""
""
""
""
""
""
""
""
""
0.88786983
""
""
0.92017436
""
""
""
0.69432557
0.567065
0.30412462
0.70216328
0.67342246
0.46293691
""
0.73259318
""
0.19308089
""
0.76715475
""
0.91146618
0.64860731
""
""
""
""
""
""
""
""
""
""
""
""
""
""
""
""
""
""
""
""
""
""
""
""
""
""
""
""
""
""
""
""
""
""
""
""
""
""
""
""
""
""
""
""
""
""
""
""
""
""
""
""
""
""
""
""
""
""
""
""
""
""
""
""
""
0.40609396
0.74150074
""
""
""
""
""
""
""
""
""
""
""
""
""
0.89085811
0.62546939
0.56614029
-0.12410757
0.81817222
1.0795733
0.91068786
""
0.71811247
0.69227362
0.20787187
""
""
0.73237526
0.43306217
""
0.81806344
0.6164974
""
""
""
0.3332597
""
""
""
""
0.34210634
0.5597344
0.58583891
""
0.35339329
""
0.7501381
""
""
""
""
""
""
""
""
""
""
""
""
""
""
""
""
""
""
""
""
""
""
""
""
""
0.52266824
""
""
""
""
""
""
""
""
0.81100029
0.40562299
0.77461648
""
""
""
0.96569383
""
0.60099792
""
""
""
""
""
""
""
""
""
""
""
""
""
""
""
""
""
""
""
0.81665111
0.12736222
""
""
""
""
""
""
""
""
""
""
""
""
""
""
""
""
""
""
""
""
""
""
""
""
""
0.72262585
0.81582892
0.51472843
0.45302403
0.55491567
""
0.60182953
""
""
""
""
""
""
""
0.58883435
""
0.81067973
""
""
0.65233999
0.7464028
""
0.55010146
0.38907373
""
""
""
""
""
0.078160934
""
""
""
""
""
""
""
""
0.084181607
0.48151526
""
0.71214038
""
""
""
""
""
""
""
""
""
""
""
0.73544604
0.77747327
""
0.4579564
""
""
""
""
0.34578165
""
1.0576698
""
""
""
0.50173718
""
""
""
""
""
""
""
""
""
""
""
""
""
""
""
""
""
""
""
""
""
""
""
""
0.66403085
0.73561811
0.55126566
""
0.73449326
0.67918104
0.63198662
0.65800595
0.61618942
""
""
""
""
""
""
""
""
""
""
""
""
""
""
""
""
""
""
""
""
""
""
""
""
""
""
0.86086917
""
0.74420846
0.36969417
""
""
""
0.28381002
0.51799285
""
""
""
""
0.81019294
0.41915005
""
0.77835655
0.074058399
0.27512789
0.51487976
""
0.19276643
0.039676506
0.63881803
""
""
""
0.62476742
""
0.70306879
-0.056205411
""
""
""
0.20388189
""
""
""
""
""
""
""
""
""
""
""
""
""
""
""
""
""
""
""
""
""
""
""
""
""
""
""
""
""
""
""
""
""
""
""
""
""
""
""
""
""
""
""
""
""
""
""
0.57176799
""
""
0.58953232
""
""
0.45161974
""
""
""
""
""
0.73535013
""
""
""
""
""
""
""
""
""
""
""
""
""
""
""
""
""
""
""
""
""
""
""
""
""
""
""
""
""
""
""
""
""
""
""
""
""
""
""
""
""
""
""
""
""
""
""
""
0.93818742
""
0.018196771
0.70762193
""
""
""
""
""
""
""
""
""
""
""
""
""
""
""
""
""
""
""
""
""
""
""
""
""
""
""
""
""
""
""
""
""
""
""
""
""
""
""
""
""
""
""
""
""
""
""
""
""
""
""
""
""
0.6984244
""
""
""
""
""
""
""
""
0.81062508
""
""
0.93611389
""
""
""
""
""
""
""
""
""
""
""
""
""
""
""
""
""
""
""
""
""
""
""
""
""
""
""
""
""
""
""
""
""
""
""
""
""
""
""
""
""
""
""
""
""
""
""
""
""
""
""
""
""
""
""
""
""
""
""
""
""
""
""
""
""
""
""
""
0.8262499
0.46098182
0.65768594
""
""
0.64926708
0.51493329
0.50293154
""
0.60881466
0.62518793
""
""
""
0.26932061
""
""
""
""
0.85908747
""
0.49883345
0.73583323
""
""
""
""
""
""
""
0.75660628
""
""
0.675188
""
0.70752501
""
0.81781995
0.55182403
0.59423226
0.87172109
""
0.45340091
0.54975396
0.4997384
""
0.49822846
""
0.52675217
""
0.75377452
0.50033456
""
""
""
""
""
0.51215196
0.98071367
""
""
""
0.79585099
0.72814935
0.86916077
""
0.59517896
""
0.61717421
0.60727108
""
""
0.50990146
""
0.64210957
""
""
0.66200066
0.33464682
0.020075222
0.64893419
""
""
0.61561072
0.0850337
""
""
0.40419632
0.85509962
0.57429081
""
0.5062623
0.78741598
1.165894
0.74750459
""
0.70227563
0.14144386
""
""
1.9380759
""
""
""
""
""
""
""
""
0.32039756
""
""
""
""
""
""
0.62087983
0.54884493
0.54060274
""
""
""
""
""
""
""
""
""
""
0.3816106
""
0.36783433
""
""
""
""
""
0.70612967
0.52770156
""
0.57373047
""
""
0.62619293
""
0.69968098
0.39512679
0.22978713
0.46078935
0.33046436
0.50760746
0.74960232
0.857512
0.74040186
0.68634623
0.62457573
0.40402484
""
0.61690074
0.41911298
0.85634893
""
""
-0.089529537
0.30276394
0.84956992
0.11830482
""
""
0.12122659
0.46747422
0.55364633
0.04890671
""
0.3330881
""
""
""
""
""
""
""
""
""
""
""
""
""
""
""
""
""
""
""
""
""
""
""
""
""
""
""
""
""
""
""
""
""
""
""
""
""
""
""
""
""
""
""
""
""
""
0.57236809
""
""
""
""
0.74826449
0.49947223
""
""
""
0.24110159
0.35957447
""
0.51678807
""
""
0.68813473
""
0.8288064
""
""
0.70567983
""
""
""
""
""
""
""
0.22629908
""
""
""
""
""
""
""
0.066555664
0.42915791
0.81826192
""
0.39297706
0.67892337
""
""
""
""
""
0.75506365
0.70344073
""
0.99382722
0.82693183
""
""
""
""
""
""
""
0.71202409
""
""
""
""
0.21803866
0.38821477
""
""
""
1.0494401
""
""
0.63923377
0.052160107
""
""
""
""
0.47217202
""
""
""
0.19990455
0.21657175
""
""
""
0.32141724
""
""
""
0.20908612
""
0.28480464
""
0.30925611
""
""
""
""
""
""
""
0.23094772
""
0.60230809
0.53185773
-0.036269478
0.40835774
0.1667867
0.6002388
""
""
""
0.59643656
0.63418114
0.43978217
0.44788301
0.50496846
0.53904343
0.4597376
""
0.52556586
0.49679902
0.38289815
0.64524615
""
""
""
""
""
0.56466132
0.8783887
0.61292148
""
0.4527483
""
0.34911308
0.43024084
0.48957115
0.70799345
0.62659949
""
0.77404904
""
""
""
""
""
""
""
0.45888373
0.5350135
""
0.75985658
1.2587647
""
0.6208595
""
""
""
""
""
""
0.72573078
0.24268131
""
""
""
0.70200706
""
""
""
""
""
""
""
""
""
""
""
""
""
""
""
0.60586482
""
""
""
0.23082377
""
""
""
""
0.67522782
""
""
""
""
""
""
""
""
""
""
""
""
""
""
""
""
""
""
""
""
""
""
""
""
""
0.47111571
""
""
""
""
""
""
""
""
""
""
""
""
""
""
""
""
""
""
""
""
""
""
""
""
0.45163783
""
""
""
""
""
""
""
""
""
""
""
""
""
""
""
""
""
""
""
""
""
""
""
""
""
""
""
""
""
""
""
""
0.64348853
""
0.31057587
""
""
""
""
0.31859887
""
""
""
""
0.61599517
""
""
""
0.64061552
""
0.50711453
""
0.19310382
""
0.98166466
0.91973948
""
0.55975288
""
""
""
0.66033822
0.72383869
0.62009007
0.40190819
0.34527951
0.57514524
0.23997089
""
1.1396796
1.1504929
0.73670536
""
""
""
""
0.59782016
""
""
""
""
""
0.68226248
""
0.95704782
0.94126749
""
""
""
""
""
""
""
""
0.56235278
0.098726779
0.84492701
""
""
0.71340555
0.53485131
""
""
""
""
0.80170244
""
""
""
""
0.61356854
0.36894482
0.74812293
""
""
""
""
0.4457719
""
""
""
""
0.52268869
""
0.81950295
0.41446218
0.89791024
0.47527453
""
""
""
0.6262989
0.27409956
0.35941529
""
""
""
""
""
""
""
""
""
""
0.53910661
""
""
""
0.42007494
0.73650283
""
""
""
""
""
""
""
0.74900705
""
0.50860173
""
""
0.50989294
0.756473
0.8700521
""
0.6206578
""
""
0.36098945
0.92928725
""
0.68151015
0.73301858
0.62151897
0.79629427
""
0.48170087
0.62573045
1.0081946
1.0707814
0.52618104
0.90155417
0.36186451
0.83161896
""
0.58785951
1.1349345
0.79904181
0.17841087
""
""
""
0.65506339
0.86521423
""
0.44514737
""
0.3296656
0.32759362
""
0.61491615
0.64933383
0.32588324
0.57385796
""
0.57649243
0.35058677
0.73399103
-0.21179608
""
0.34759772
""
0.61402291
0.78393793
0.50904316
0.64676434
""
""
""
0.74037522
1.0951577
0.39941606
""
0.46314606
0.73601216
0.55537891
0.40998966
0.60345286
0.51231974
""
0.82409972
0.46923703
0.50958967
0.69793367
0.3303712
""
0.54292732
0.46416041
0.25893533
0.67409289
0.45075238
0.35703209
""
0.41813907
0.98190135
0.41207638
0.68514079
0.36850217
0.95307171
0.87252688
0.79215366
0.68980491
0.5791772
0.090142213
""
""
0.90349233
0.29715163
0.44438422
1.05625
0.80447936
0.51069587
""
0.78194708
""
0.47442418
0.48032552
0.91064769
0.32431927
""
""
""
""
""
""
""
""
""
""
0.64465219
0.52947289
""
""
""
""
""
""
0.58292258
0.62419504
""
""
""
0.79791325
""
""
""
""
""
""
0.59448475
0.58753169
""
""
""
""
""
""
""
""
""
0.6084038
""
""
0.37934959
""
""
""
""
0.73969769
""
""
""
0.75435024
0.5985617
0.55145061
""
""
""
""
""
""
""
""
""
""
""
""
""
""
0.28537929
1.0136549
0.17790236
""
""
0.44006756
""
0.46773046
1.2887963
0.91010576
""
0.24671027
""
""
""
""
""
""
""
""
""
""
""
""
""
""
""
0.49338397
""
0.38979012
""
""
0.76250607
0.46784717
0.39622581
""
""
""
""
0.24295925
0.49059945
0.57828838
""
0.6905449
""
""
""
""
""
""
""
""
""
""
""
""
""
""
""
""
""
0.47332469
""
1.3346314
""
""
""
0.70008361
""
0.72486824
0.6511215
0.40459117
""
""
""
""
""
""
0.75995743
""
""
""
""
""
""
""
""
""
""
""
""
""
""
""
""
""
""
0.70599282
""
""
""
""
""
""
0.66680288
""
""
""
""
0.76878458
""
""
0.24277771
""
""
""
""
""
""
""
""
""
""
""
""
""
""
""
""
1.4247175
0.46451613
""
0.31097513
0.63614446
""
""
1.0150534
0.75082743
0.39572516
0.82649624
""
""
""
""
0.62289721
""
""
0.58304983
0.58204406
0.47524023
0.86662245
0.40167564
0.81024247
0.63537508
0.66515386
0.53207737
0.11821456
0.67841381
0.51614958
0.37103885
0.8258571
0.1964473
""
""
""
""
""
""
""
""
""
""
""
""
""
""
""
""
""
""
""
0.86887127
""
""
0.79810125
0.48518112
0.76146901
0.22970393
""
""
""
0.65143263
0.47854733
""
""
""
0.44955611
0.59873426
0.69387555
0.45653585
0.58184004
0.52412659
0.70830345
1.0393124
0.57489163
0.37168497
0.48585844
0.38651639
""
0.47442219
""
""
""
1.0115079
0.22490159
0.76800984
0.84288865
0.87547058
0.79418701
0.6104086
0.89310533
""
0.6061725
0.77405989
0.26602221
0.64567798
""
0.25712869
""
0.94934231
0.70127684
0.6513713
""
0.9482795
0.58276421
""
""
""
""
0.44069779
""
""
""
""
""
""
""
""
""
""
""
0.41167307
1.0711416
0.37708476
""
0.66280091
""
""
""
0.14014207
""
""
""
0.38750428
0.37300172
""
""
""
""
""
""
""
""
""
""
""
""
0.65830618
""
0.61780667
""
""
-0.11397959
0.32750818
1.2299879
""
0.47327366
0.69825119
0.49421099
0.35745609
""
0.90475243
0.89966965
""
0.66828924
""
""
""
""
""
""
""
""
""
""
""
""
""
0.71791101
""
""
""
""
""
0.52207476
0.51825988
0.17029913
0.46369681
0.68665338
""
""
0.49370241
0.3307904
0.60070002
0.17088971
0.40784061
0.32520491
0.47213954
""
""
""
""
""
""
""
1.1012236
0.52149779
0.60638368
0.88391101
""
""
""
0.25992721
0.44525182
""
0.59186721
0.89043659
""
""
0.20374461
""
0.3586944
0.79322022
0.56490666
""
""
0.67626899
""
""
0.22461995
0.56079972
0.43581122
0.34360874
0.68009853
0.39421836
""
""
1.0005902
0.81431472
0.21092969
""
""
""
""
""
""
""
""
""
0.71723962
""
""
""
""
""
""
""
0.67308927
""
0.4678672
0.39909619
0.67215943
0.46282026
0.91054487
0.54179335
0.8248682
""
""
""
0.61876315
""
""
""
0.75676018
0.74547762
""
""
""
""
""
0.46884447
""
""
""
0.57244551
""
0.73618925
""
""
""
""
""
""
""
""
""
""
0.82148641
""
0.47137702
0.45083404
""
0.52359176
0.1152507
0.12702702
""
""
0.33325163
""
""
""
""
""
""
0.14794256
""
""
""
""
""
""
""
""
0.47732687
0.34613848
""
0.47662956
0.67117184
""
0.55648553
0.51307201
""
""
""
""
0.34042645
""
""
0.28794965
""
""
""
""
""
""
""
""
""
""
""
""
0.61063528
""
""
""
""
""
""
0.69482768
""
0.52635127
""
""
""
""
""
0.90692621
""
""
""
""
""
0.23044062
""
""
1.0860906
""
""
""
""
""
""
""
""
""
""
0.58571154
""
""
""
""
""
""
""
""
""
""
""
""
""
""
""
""
""
""
""
""
""
""
""
""
""
""
""
""
""
""
""
""
""
""
""
""
0.60635471
""
""
""
""
""
""
""
""
""
""
""
""
""
""
""
""
""
""
""
""
""
""
""
""
""
-0.053756658
""
0.36456475
""
""
""
""
""
""
""
""
""
""
""
""
""
""
""
""
""
""
""
""
""
""
""
0.39989704
""
""
0.96786249
1.0309553
""
""
""
0.76574332
""
0.92645776
0.89352417
0.65903509
0.62662393
0.17150562
-0.097415984
""
""
""
""
""
""
""
""
""
""
""
0.56515157
""
""
0.59844279
""
0.43033901
""
""
""
""
""
""
""
""
""
0.62738574
0.65279043
""
0.57486165
0.29337716
0.61745083
0.79130971
""
0.67567378
0.56095463
0.62438357
0.67173147
0.065135621
""
0.43700856
0.19429334
0.65489143
0.3586114
0.32334751
0.56324798
0.23518036
""
0.69285583
0.29353747
""
""
""
""
""
""
""
""
""
""
0.15679267
0.80746943
0.81647682
""
0.51421469
""
""
0.77050412
0.40742019
0.22318037
0.52804482
0.36614114
""
""
0.5478214
""
""
""
""
""
""
""
""
""
""
0.59688115
0.58084309
0.24463888
0.26337022
0.77020878
0.5195058
0.68606812
0.47131208
0.68917233
0.67735577
0.33032212
0.61643076
0.5526042
0.47026703
0.72180772
0.48095936
0.70044297
0.62555689
0.43562704
0.39162597
0.95645308
0.73717093
0.52821279
0.7931816
0.63678861
0.64002788
0.53117216
0.70161098
0.45155939
0.51879281
-0.080953091
0.58416444
0.44478339
0.82872337
0.1161762
0.69475311
0.6607303
0.51119101
1.0899087
0.75849485
0.60635924
0.41899681
0.71233743
0.79265642
0.64198905
""
""
""
""
""
""
""
""
""
""
""
""
""
""
""
""
""
""
""
""
""
""
""
""
""
""
""
""
""
""
""
""
""
""
""
""
""
""
""
""
""
""
""
""
""
""
""
""
""
""
""
""
""
""
""
""
""
""
""
""
""
""
""
""
""
""
""
""
""
""
""
""
""
""
""
""
""
""
""
""
""
""
""
""
""
""
""
""
""
""
""
""
""
""
""
""
""
""
""
""
""
""
""
""
""
""
""
""
""
""
""
""
""
""
""
""
""
""
""
""
""
""
""
""
""
""
""
""
""
""
""
""
""
""
""
""
""
""
""
""
""
""
""
""
""
""
""
""
""
""
""
""
""
""
""
""
""
""
""
""
""
""
""
""
""
""
""
""
""
""
""
""
""
""
""
""
""
""
""
""
""
""
""
""
""
""
""
""
""
""
""
""
""
""
""
""
""
""
""
""
""
""
""
""
""
""
""
""
""
""
""
""
""
""
""
""
""
""
""
""
""
""
""
""
""
""
""
""
""
""
""
""
""
""
""
""
""
""
""
""
""
""
""
""
""
""
""
""
""
""
""
""
""
""
""
""
""
""
""
""
""
""
""
""
""
""
""
""
""
""
""
""
""
""
""
""
""
""
""
""
""
""
""
""
""
""
""
""
""
""
""
""
""
""
""
""
""
""
""
""
""
""
""
""
""
""
""
""
""
""
""
""
""
""
""
""
""
""
""
""
""
""
""
""
""
""
""
""
""
""
""
""
""
""
""
""
""
""
""
""
""
""
""
""
""
""
""
""
""
""
""
""
""
""
""
""
""
""
""
""
""
""
""
""
""
""
""
""
""
""
""
""
""
""
""
""
""
""
""
""
""
""
""
""
""
""
""
""
""
""
""
""
""
""
""
""
""
""
""
""
""
""
""
""
""
""
""
""
""
""
""
""
""
""
""
""
""
""
""
""
""
""
""
""
""
""
""
""
""
""
""
""
""
""
""
""
""
""
""
""
""
""
""
""
""
""
""
""
""
""
""
""
""
""
""
""
""
""
""
""
""
""
""
""
""
""
""
""
""
""
""
""
""
""
""
""
""
""
""
""
""
""
""
""
""
""
""
""
""
""
""
""
""
""
""
""
""
""
""
""
""
""
""
""
""
""
""
""
""
""
""
""
""
0.55999953
""
""
""
""
""
""
""
""
-0.21213767
0.95103741
""
""
0.72229487
""
0.46289694
0.27307591
0.65631551
0.23529334
""
""
""
""
""
""
""
""
""
""
""
""
""
""
""
""
""
""
0.29825428
""
""
""
""
""
""
""
""
""
""
""
""
""
""
""
""
""
""
""
""
""
""
""
""
""
""
""
""
""
""
""
""
""
""
""
""
""
""
""
""
""
""
""
""
""
""
""
""
""
""
""
""
""
""
""
""
""
""
""
""
""
""
""
""
""
""
""
""
""
""
""
""
""
""
""
""
""
""
""
""
""
""
0.7958762
""
0.79138511
""
""
""
""
1.0709752
""
""
""
""
""
""
""
""
""
0.42349124
0.40842974
""
""
0.56198293
""
""
""
""
""
""
""
""
""
0.91540879
0.89671022
0.7254985
""
""
""
""
""
""
""
""
""
""
""
""
""
""
""
""
""
""
""
""
""
""
""
""
""
""
""
""
""
""
""
""
""
""
""
""
""
""
""
""
""
""
""
""
""
""
""
""
""
""
""
""
""
""
""
""
""
""
""
""
""
""
""
""
""
""
""
""
""
""
""
""
""
""
""
""
""
""
""
""
""
""
""
""
""
""
""
""
""
""
""
""
""
""
""
""
""
""
""
""
""
""
""
""
""
""
""
""
""
""
""
""
""
""
""
""
""
""
""
""
""
""
""
""
""
""
""
""
""
""
""
""
""
""
""
""
""
""
""
""
""
""
""
""
""
""
""
""
""
""
""
""
""
""
""
""
""
""
""
""
""
""
""
""
""
""
""
""
""
""
""
""
""
""
""
""
""
""
""
""
""
""
""
""
""
""
""
""
""
""
""
""
""
""
""
""
""
""
""
""
""
0.65109909
-0.04552434
0.51729512
""
""
""
""
""
""
0.8748998
0.79568696
""
""
""
""
""
0.61450589
""
""
""
""
""
""
""
""
""
0.69007736
0.50706124
0.4485679
""
0.69207793
0.7183826
0.55199474
0.70782667
0.38774222
0.36567456
0.37747428
0.50368178
0.50005108
0.61785954
0.1178272
0.15722586
0.4603653
0.383304
""
0.71849406
0.70282763
""
0.58447486
0.50369114
""
0.35940561
0.23203214
""
""
""
""
""
0.40717876
""
""
""
""
""
""
""
""
""
""
""
""
""
""
""
""
""
""
""
""
""
""
""
""
""
""
""
""
""
""
""
""
""
""
""
""
""
""
""
""
""
""
""
""
""
""
""
""
""
""
""
""
""
""
""
""
0.6431129
""
0.56828493
""
""
""
""
""
""
""
""
""
""
""
""
""
""
""
""
""
""
""
""
""
""
""
""
""
""
""
""
""
""
""
""
""
""
""
""
""
""
""
""
""
""
""
""
""
""
""
""
""
""
""
""
""
""
""
""
""
""
""
""
""
0.53723437
""
""
""
""
""
""
""
0.078620225
0.55441374
""
""
""
""
""
""
""
0.72174317
0.36383897
""
1.0559763
""
""
""
""
""
""
""
""
""
""
""
""
""
""
""
0.35146421
0.5102607
0.64828038
""
""
""
""
""
""
""
""
""
""
""
""
""
""
0.94491762
""
""
""
""
""
""
""
""
0.66925609
""
""
""
""
""
""
""
""
""
0.73035061
1.1633383
0.10829078
0.71622163
""
""
""
""
""
""
""
0.23398009
""
""
""
""
""
""
""
""
0.43587163
0.018189609
""
""
""
""
""
""
""
0.76312661
0.757581
""
""
""
""
""
""
0.42101753
""
""
""
""
""
""
0.3305003
""
""
0.89830732
""
""
""
""
""
""
""
""
""
""
0.65779811
0.4832873
0.56702471
0.71973604
0.68023133
0.48877084
0.64434493
0.70017934
0.6108498
0.67042696
0.53999633
0.60508674
0.53857791
0.66450554
0.81639522
0.78630644
0.65525872
0.85682845
0.66247332
0.48472714
0.36517823
1.0513513
""
""
0.3364037
""
""
0.37943843
0.63798511
0.67180228
0.69503003
0.7567057
0.85632777
0.7246061
""
0.80676705
1.1939511
""
0.55700582
0.71634322
0.31531581
0.27925888
0.40130556
0.98412615
0.69320917
0.55683553
0.50129795
0.48677048
1.0221345
""
""
""
""
""
0.49639469
0.5564158
""
0.68441409
0.79000235
0.60091382
""
""
""
""
""
""
""
""
""
""
""
""
""
""
""
""
""
""
""
""
""
""
""
""
""
""
""
""
0.54031467
0.2936475
""
""
0.48900422
""
""
""
0.36393636
0.75966579
""
""
""
""
0.26176897
0.49682051
""
""
0.52886599
""
""
""
""
0.27698046
""
0.62957662
0.6811434
0.79963809
""
""
""
0.49319112
0.4708969
0.81117237
""
""
""
0.67822385
0.57097566
0.37522987
0.77660799
0.79569989
""
""
""
""
""
""
0.492439
""
0.25551456
0.59491473
""
""
""
0.59617186
""
""
""
""
""
""
""
""
""
""
""
""
0.61391604
0.42844561
0.78166753
""
""
""
""
""
""
""
""
""
""
""
""
""
""
""
""
""
""
""
""
""
""
""
""
""
""
""
""
""
""
""
""
""
""
""
""
""
""
""
""
""
""
""
""
""
""
""
""
""
""
""
""
""
""
""
""
""
""
""
""
""
""
""
""
""
""
""
""
""
""
""
""
""
""
""
""
""
""
""
""
""
""
""
""
""
""
""
""
""
""
""
""
""
""
""
""
""
""
""
""
""
""
""
""
""
""
""
""
""
""
""
""
""
""
""
""
""
""
""
""
""
""
""
""
""
""
""
""
""
""
""
""
""
""
""
""
""
0.66389024
0.63015306
0.42435303
0.57004613
0.43729573
0.5644154
0.56112254
0.58731806
0.78376144
0.56368375
""
0.60768229
0.32864749
0.26662239
0.3759729
0.69567537
0.4429906
0.5389061
0.44789231
""
0.57218748
""
0.64056319
0.81952357
""
""
0.57349026
""
""
""
""
""
""
""
""
""
""
0.56515217
""
""
""
""
""
""
""
""
""
""
""
""
""
""
""
""
""
""
""
""
""
""
""
""
""
""
""
""
0.46078548
-0.040798187
0.74387914
0.084851898
0.46692985
""
""
""
""
""
""
0.8632102
""
""
""
""
""
""
""
""
""
""
""
""
""
""
""
""
""
""
""
""
""
""
""
""
""
""
""
""
""
""
""
""
""
""
""
""
""
""
""
""
""
""
""
""
""
""
""
""
""
""
""
""
""
""
""
""
""
""
0.48329577
""
""
""
0.80963838
0.17499863
0.42883027
0.60043627
""
""
""
""
""
""
""
""
""
""
""
""
""
""
""
""
""
""
""
""
""
""
""
""
""
""
""
""
""
""
""
""
""
""
""
""
""
""
""
""
""
""
""
""
""
""
""
""
""
""
""
""
0.6444518
0.7726416
0.93256259
""
0.6314944
""
""
0.52024448
0.59533817
""
""
""
""
""
""
""
""
""
""
""
""
""
""
""
""
""
""
""
""
""
""
""
-0.1704019
""
""
""
""
""
""
""
""
""
""
""
""
""
""
""
""
""
""
""
""
""
""
""
""
""
""
""
""
""
""
""
""
""
""
""
""
""
""
""
""
""
""
""
""
""
""
""
""
""
""
""
""
""
""
0.6485762
0.96027106
0.70478809
0.6195659
1.0470265
0.38509902
0.88436979
0.77241516
0.60570776
""
""
0.51277095
0.43900818
0.77974576
""
""
""
""
""
""
""
""
""
""
""
""
""
""
""
""
""
""
0.57684773
""
""
""
""
""
""
""
""
""
""
""
""
""
""
""
""
""
""
""
""
0.69147646
""
""
""
""
""
""
""
""
""
""
""
""
""
""
""
""
""
""
""
""
""
""
""
""
""
""
""
""
""
""
""
""
""
""
""
""
0.37289742
""
""
""
""
""
""
""
""
""
""
""
""
""
""
""
""
""
""
""
""
""
""
""
""
""
""
""
""
""
""
""
""
0.65133792
-0.024294663
""
0.63322508
""
""
""
0.71139735
""
""
""
0.24758382
""
""
""
0.56785375
""
0.65795332
0.93292916
""
0.50425804
0.57406187
""
""
0.4850854
""
""
""
""
""
""
0.32247934
""
""
""
""
""
0.63184565
0.55441904
0.4312357
""
0.66968203
0.63769782
0.6833173
""
""
""
""
0.58530724
0.50130272
0.63340867
0.476551
0.46409187
0.52367753
0.64624131
""
0.73061419
0.37346798
0.79820156
0.50106931
0.75930715
0.47234336
0.88338077
0.43712297
0.49220872
""
""
0.93498647
""
""
""
""
""
0.24366252
0.50496888
0.77986193
""
""
0.43605927
0.50135905
-0.21995574
0.2845622
""
0.81866664
""
""
""
""
""
0.58895338
""
""
0.25592542
0.31207216
""
0.53112531
""
""
0.85389107
0.38098413
""
""
0.42266971
""
""
""
""
0.3376641
0.48356226
0.43695277
0.36356643
0.45602214
0.41642681
0.64955968
0.45540667
0.49326286
0.36693433
0.48888624
""
""
""
""
""
""
0.64507169
0.39149576
""
0.17774186
0.78162825
""
""
""
""
""
""
""
""
""
""
""
""
""
""
""
""
""
""
""
""
""
""
""
""
""
""
""
""
""
""
""
""
""
""
""
""
""
""
""
""
""
""
""
""
""
""
""
""
""
""
""
""
""
""
""
""
""
""
""
""
""
""
""
""
""
""
""
""
""
""
""
""
""
""
""
""
""
""
""
""
""
""
""
""
""
""
""
""
""
""
""
""
""
""
""
""
""
""
""
""
""
""
""
""
""
""
""
""
""
""
""
""
""
""
""
""
""
""
""
""
""
""
""
""
""
""
""
""
""
""
""
""
""
""
""
""
""
""
""
""
""
""
""
""
""
""
""
""
""
""
""
""
""
""
""
""
""
""
""
""
""
""
""
""
""
""
""
""
""
""
""
""
""
""
""
""
""
""
""
""
""
""
""
""
""
""
""
""
""
""
""
""
""
""
""
""
""
""
""
""
""
""
""
""
""
""
""
""
""
""
""
""
""
""
""
""
""
""
""
""
""
""
""
""
""
""
""
""
""
""
""
""
""
""
""
""
""
""
""
""
""
""
""
""
""
""
""
""
""
""
""
""
""
""
""
""
""
""
""
""
""
""
""
""
""
""
""
""
""
""
""
""
""
""
""
""
""
""
""
""
""
""
""
""
""
""
""
""
""
""
""
""
""
""
""
""
""
""
""
""
""
""
""
""
""
""
""
""
""
""
""
""
""
""
""
""
""
""
""
""
""
""
""
""
""
""
""
""
""
""
""
""
""
""
""
""
""
""
""
""
""
""
""
""
""
""
""
""
""
""
""
""
""
""
""
""
""
""
""
""
""
""
""
""
""
""
""
""
""
""
""
""
""
""
""
""
""
""
""
""
""
""
""
""
""
""
""
""
""
""
""
""
""
""
""
""
""
""
""
""
""
""
""
""
""
""
""
""
""
""
""
""
""
""
""
""
""
""
""
""
""
""
""
""
""
""
""
""
""
""
""
""
""
""
""
""
""
""
""
""
""
""
""
""
""
""
""
""
""
""
""
""
""
""
""
""
""
""
""
""
""
""
""
""
""
""
""
""
""
""
""
""
""
""
""
""
""
""
""
""
""
""
""
""
""
""
""
""
""
""
""
""
""
""
""
""
""
""
""
""
""
""
""
""
""
""
""
""
""
""
""
""
""
""
""
""
""
""
""
""
""
""
""
""
""
""
""
""
""
""
""
""
""
""
""
""
""
""
""
""
""
""
""
""
""
""
""
""
""
""
""
""
""
""
""
""
""
""
""
""
""
""
""
""
""
""
""
""
""
""
""
""
""
""
""
""
""
""
""
""
""
""
""
""
""
""
""
""
""
""
""
""
""
""
""
""
""
""
""
""
""
""
""
""
""
""
""
""
""
""
""
""
""
""
""
""
""
""
""
""
""
""
""
""
""
""
""
""
""
""
""
""
""
""
""
""
""
""
""
""
""
""
""
""
""
""
""
""
""
""
""
""
""
""
""
""
""
""
""
""
""
""
""
""
""
""
""
""
""
""
""
""
""
""
""
""
""
""
""
""
""
""
""
""
""
""
""
""
""
""
""
""
""
""
""
""
""
""
""
""
""
""
""
""
""
""
""
""
""
""
""
""
""
""
""
""
""
""
""
""
""
""
""
""
""
""
""
