jail_pooled_female_p75_se
0.0015670384
0.00080062012
0.00084029528
0.0046953484
0.0020421434
0.0022049651
0.0009670204
0.0006871798
0.00056762091
0.0016202504
0.00075592269
0.0014165819
0.0010578505
0.0013537408
0.0020925289
0.00059131644
0.0014733819
0.0014493229
0.0029616838
0.0014091498
0.0051967236
0.00071812392
0.0011565164
0.0017949835
0.00091604004
0.00085840601
0.0017986969
0.00080392335
0.0015267016
0.0023876082
0.0024555114
0.0026870985
0.0015349586
0.00091141992
0.00078071997
0.0013501184
0.00034090574
0.002506187
0.00044509183
0.00096391543
0.00054317288
0.0013472931
0.0017235377
0.0052171727
0.00067761639
0.0015235532
0.0021005035
0.00088456291
0.00046677014
0.0011416171
0.00050504069
0.00034431423
0.0018186652
0.0029522274
0.00088540488
0.0010834067
0.0015690299
0.0017838374
0.00070314674
0.0018576486
0.00039953698
0.0010862947
0.00047256364
0.00046690425
0.0034782982
0.0016966418
0.0018397945
0.01064142
0.011099491
0.00045849109
0.0078928918
0.027129196
0.020295501
0.010942866
0.00052075594
0.016772861
0.011356066
0.002096246
0.00066204806
0.0018183874
0.002828591
0.0072104502
0.018426979
0.00081348669
0.0039155758
0.0097110858
0.0045871204
0.013717524
0.0079934923
0.0020144463
""
0.0054288423
0.0044106669
0.021255964
""
0.0057942788
0.00084340764
0.00069308217
0.0006956546
0.00062177895
0.0019843979
0.0016519204
0.0056070485
9.4998009e-05
0.00043647373
0.0004423506
0.00031229912
0.00075752195
0.0018071842
0.00072182738
0.00088139839
0.0018604839
0.0012455099
0.002111987
0.00068384525
0.0021026742
0.0054632402
0.0085746627
0.00079562725
0.0015904239
0.0011385618
0.0011206012
0.00087521347
0.0022185617
0.0029314272
0.002685766
0.00047506369
0.0015064495
0.0011554587
0.0019257187
0.0025454331
0.0010582628
0.0029578786
0.0012674358
0.0011869068
0.0029472322
0.00088112341
0.0011220151
0.00073751289
0.0019035663
0.00080279284
0.0051680342
0.0012575606
0.0036964372
0.0011167573
0.00045696256
0.0010280831
0.0038927882
0.0021762974
0.0038097785
0.0040355362
0.0037236738
0.0011730642
0.00089053001
0.0026958033
0.0014416075
0.0014054094
0.0011971665
0.0067526684
0.0022721335
0.0039583677
0.0033183033
0.00090955698
0.0044720909
0.0012821417
0.0016890347
0.00088849314
0.0013071295
0.0014655016
0.0036286318
0.00029142914
0.0019205633
0.0019743992
0.0011159491
0.0078474432
0.0031976944
0.000965613
0.0022626959
0.0054235412
0.0030912673
0.0012806823
0.0021787421
0.0005979382
0.00073999038
0.0023422504
0.00109541
0.00018933698
0.010453536
0.0017025814
0.00052673405
0.0015649304
0.0011107916
0.00020460859
0.0025803805
0.00069835229
0.00030063619
0.00065470854
0.00091296039
0.00046153271
0.00079601118
0.00033419381
0.00039563741
0.0017855366
0.0010197461
9.1928996e-05
0.00031167953
0.00045915539
0.0011358536
0.0012480031
0.00052053964
0.0017764199
0.0062192562
0.00031079291
0.00046067138
0.000531458
0.00018541791
0.00044465513
0.0050351797
0.00021511737
0.0003104317
0.0011277972
0.00023869843
0.00014882637
0.00025792123
0.00029610406
0.00059757347
0.00025636874
0.00050486939
0.00020469543
0.00046781811
0.00065111951
0.005759812
0.0011239214
0.00036164484
0.00038835229
0.00038506626
0.00059753965
0.0015308692
0.0029705144
0.00044361514
0.00041873843
0.00029260325
0.0007260383
0.00051718927
0.00056646473
0.0011870705
0.00029960021
0.0030501194
0.0033442911
0.002281341
0.00039538462
0.00093374169
0.0045569194
0.014412181
0.0064970287
0.0042765266
0.014863752
0.0072552958
0.010413379
0.0027138521
0.00040026152
0.031258386
0.00055584672
0.0017057552
0.0014837654
0.00031862222
0.0020187672
0.0010093084
0.0095215747
0.0074058771
0.0019240316
""
0.0048690746
0.026691249
0.0002923921
0.0083804857
0.0026075004
0.0023866873
0.00049447455
0.00055425119
0.0021136808
0.0031129548
0.0029453402
0.00043948219
""
0.001243551
0.0010136147
0.00061532372
0.0014198165
0.0019842405
0.010900124
0.0040863389
0.0033736902
0.0025716622
0.0011285667
0.0011552775
0.0021675974
0.0019911814
0.0017495679
0.0057151695
0.022708882
0.0074472893
0.0063473368
0.0031668935
0.00071830954
0.0031560219
0.00075381849
0.0013818467
0.00017563134
0.00017296178
0.00045302438
0.00072084158
0.00018214909
0.00038951699
0.00021437783
0.00076231814
0.00060729176
0.00036134419
0.00062249665
0.00041945375
0.00070817757
0.00098856958
0.00069132453
0.0010213789
0.00042056656
0.0002334701
0.0016141239
0.00095230417
0.0011636752
0.00089938386
0.00065354537
0.0018561082
0.0026973521
0.0019625574
0.00037248532
0.00043871699
0.00046596309
0.0045061647
0.0032988365
0.0037215895
0.0019062522
0.0014925827
0.0019813911
0.0010749759
0.0021523563
0.0010271645
0.0014775973
0.00034134075
0.0011686379
0.0003929793
0.00074085727
0.0022994876
0.0091626784
0.00028677925
0.00044477766
0.0006419713
0.0017337812
0.0023181231
0.0025185677
0.00089906919
0.00063713046
0.0015700902
0.00010679859
0.0013197466
0.0020983391
0.00064993009
0.0029825424
0.00025424018
0.00065993308
0.00034597347
0.0006446956
0.00031890708
0.00036023036
0.00049639633
0.00080943998
0.0008484901
0.00060713507
0.00066174829
0.00031423403
0.0016763927
0.0018214639
0.0048253383
0.0014660273
0.00037763172
0.0019971798
0.0033849708
0.0018654994
0.0033171407
0.011327523
0.0020184263
0.017314011
0.0011098365
0.0054064346
0.0013012539
0.0020242373
0.0012232378
0.0018596349
0.00072296307
0.0038190072
0.0024078272
0.0026694953
0.0024064975
0.0015254001
0.0012623072
0.0027435352
0.013108035
0.001624038
0.0069536543
0.00048082587
0.001513947
0.0076977834
0.00048919755
0.0017490387
0.0011860412
0.00097738241
0.00044326609
0.0084180962
0.00068407523
0.0046083033
0.00032261357
0.0035200536
0.0028507214
0.00065414881
0.0014725182
0.0012762406
0.0025216276
0.0027841234
0.0022893923
0.0031841933
0.0013294138
0.00036781441
0.0053881588
0.0033180597
0.00049575279
0.0010172678
0.003284544
0.0073987651
0.00045775573
0.0030511946
0.0014276996
0.0024140007
0.0025669036
0.00061242504
0.0016019769
0.00066372653
0.0029226642
0.00031779232
0.0013623399
0.0072487919
0.0016404905
0.0013703937
0.0020192859
0.0012037021
0.00038509595
0.0035560122
0.001154085
0.0042846054
0.0024327945
0.003441575
0.0012715802
0.0016034242
0.00099929469
0.00074536767
0.0018689573
0.0021871682
0.0056541064
0.0027024639
0.0015531563
0.004054646
0.0072612111
0.0033386589
0.0033061926
0.0075350991
0.0015026696
0.0017692146
0.0023183902
0.0073182248
0.0029129111
0.00049497926
0.0040483247
0.0022728471
0.0044982783
0.0019644464
0.001135579
0.0075096251
0.0020022485
0.0091389036
0.0020745697
0.0037011241
0.0036148247
0.0035777728
0.00084079214
0.0003105455
0.00055210839
0.00054785487
0.0026031816
0.00055912335
0.0020582038
0.0023679119
0.0050322828
0.0016305114
0.00087142823
0.0031319286
0.0029608554
0.025264651
0.0025759132
0.0069547198
0.00063607987
0.00027911476
0.0074977078
0.0015512566
0.0066872411
0.0011776845
0.0013493699
0.011686198
0.00098783907
0.0044645253
0.018901294
0.0014588084
0.0040303636
0.0025046878
0.0075220801
0.00062036107
0.00082649401
0.00086720492
0.0091145216
0.0083484147
0.0011769845
0.0038693433
0.0036764285
0.0018198587
0.0013429982
0.00060107477
0.00053542969
0.0014451845
0.0028324465
0.0045504686
0.0018190976
0.010104274
0.012549546
0.0024096514
0.0009650758
0.0040395996
0.0028393457
0.0037303409
0.0012502646
0.0007328561
0.00028202616
0.0004930729
0.00048239197
0.00035174075
0.0062060938
0.00018604299
0.0037317208
0.0015297069
0.0013004922
0.0090586022
0.0038201127
0.0012157507
0.00057189242
0.0028219018
0.005028991
""
0.00027550524
0.0011168596
0.0015449694
0.023919059
0.006912047
0.0037855851
0.0030366075
0.00089631986
0.0014595533
0.0015580355
0.0047994177
0.0012421862
0.00074932759
0.00087789044
0.00087152846
0.00040453763
0.0020128875
0.0057815211
0.002515723
0.00071667728
0.0016987012
0.0013906569
0.0017645597
0.0014915509
0.0020484766
0.0014688801
0.0040323664
0.0058798078
0.0014589943
0.0035382984
0.0032256276
0.00046312896
0.0040560346
0.00078467012
0.0015339305
0.0016030717
0.00031879262
0.0041164239
0.00095766934
0.0011127944
0.00014579603
0.00060980895
0.0041396976
0.0011099766
0.00028428261
0.00074753124
7.7204975e-05
0.00065921614
0.0027979251
0.00063819223
0.00069682702
0.00077520299
0.00013880774
0.00092423713
0.0034206253
0.00045102651
0.00099942647
0.0025892116
0.0022672005
0.0006921863
0.0042948537
0.00089708244
0.000630703
0.0065606455
0.00076054776
0.0027875369
0.0014579084
0.00062155229
0.0012704872
0.00046032947
0.00088540767
0.0011046756
0.0017974756
0.0003865824
0.0022647723
0.00021091133
0.00026231908
0.00048004874
0.00091921812
0.00017433192
0.001059363
0.00092848908
0.0018401628
0.0017607933
0.0016494093
0.0007789731
0.00025043645
0.00038794073
0.00060008065
0.00063962181
0.00016444267
0.00055704999
0.002343836
0.0009733357
0.0018773656
0.00078044948
0.00047252674
0.00045458207
0.0006470214
0.00063299201
0.0012998373
0.0003475617
0.00090380473
0.0011817368
0.0014818086
0.0011774092
0.0032442429
0.0022196944
0.0024901598
0.00033210538
0.0015622209
0.00013869266
0.00027945379
0.0017501876
0.00046545893
0.0021899098
0.0019589693
0.0014800668
0.0023638615
0.00024487439
0.00050479255
0.0010084752
0.0011576681
0.0014509679
0.00096605701
0.00051791815
0.00094217667
0.0018150568
0.00033678155
0.00024476688
0.00044218791
0.00045043696
0.00065577426
0.0020888951
0.00047417844
0.0013738957
0.00098881556
0.0028735241
0.00098468154
0.00079159712
0.00062260282
0.0017163956
0.0006565667
0.00072409742
0.00049381825
0.00153235
0.0007999356
0.0015412431
0.0017717781
0.0016231013
0.00026742162
0.00026356205
0.0007198606
0.0019554938
0.00050797593
0.0008514456
0.0012402696
0.00082912395
0.0019390588
0.0012114916
0.00053047645
0.00029711257
0.00085848448
0.00058776117
0.0003918322
0.0015786057
0.0012215968
0.0017912114
0.0015394099
0.0019241802
0.00061326317
0.0016815065
0.0031277807
0.00096152106
0.00061252131
0.0013698117
0.0011195868
0.00027920809
0.00016509778
0.00040983796
0.0008801684
0.00031516186
0.00091154588
0.0054638837
0.00029554381
0.0003095844
0.0015197436
0.001002483
0.0029315795
0.00068899326
0.0029806658
0.0025831647
0.0021860213
0.0028010292
0.00062276592
0.0015710307
0.00061643048
0.0020785872
0.0044807401
0.001299519
0.0010273191
0.0011680946
0.0019268303
0.00030362632
0.0038411957
0.0023578121
0.00065366959
0.0025751605
0.00052898889
0.0021482222
0.0015184396
0.00055116974
0.0026268116
0.0059000868
0.00026840449
0.00092164555
0.00067584682
0.002013813
0.0036223561
0.00072180858
0.0034284568
0.0019561499
0.0011263455
0.0018019365
0.0018849063
0.0022827461
0.0030199834
0.0011440234
0.0012224254
0.002138779
0.00035810037
0.00065909507
0.00051721482
0.0013716635
0.00061263592
0.00077628868
0.00088957523
0.001120329
0.00091522833
0.00078484905
0.00041796578
0.0012171981
0.0010200031
0.00093692919
0.0029662137
0.00064499781
0.0028615794
0.0003665626
0.00091613497
0.0010260121
0.0013465689
0.0043024067
0.00079110207
0.0017144695
0.00094148703
0.00017023105
0.0022841473
0.00081101706
0.0024865121
0.0029945108
0.001443118
0.00099960086
0.0032000062
0.00085334899
0.00087064231
0.00095890369
0.00088334008
0.00069509761
0.00076949439
0.0020687538
0.00084174733
0.0019460176
0.00073991728
0.003583886
0.00029244821
0.00070453249
0.00017006548
0.000819768
0.0012088146
0.00086228648
0.00041957191
0.00052591966
0.0034718525
0.0012614661
0.0011724981
0.00049618934
0.00057911919
0.00029815378
0.00073210488
0.0030676015
0.0011348366
0.001026065
0.0027039605
0.001164222
0.00040906685
0.00091087562
0.0014224437
0.0015297303
0.0010179851
0.0016298541
0.0021126417
0.00046635445
0.00087790086
0.0020589286
0.0035143034
0.0020194594
0.00033967782
0.0030195164
0.00045531246
0.00031181177
0.00064873759
0.0027246377
0.0027120961
0.0012738055
0.0016956906
0.0010152898
0.0024701629
0.0015080019
0.0011979396
0.0010374661
0.0014019923
0.00032689699
0.0018748008
0.00088513835
0.0011218523
0.0016307161
0.0012225994
0.0021870651
0.00077647687
0.001692396
0.001373696
0.0010123325
0.0066132126
0.0041949754
0.00084249926
0.0073353657
0.010548999
0.0018908224
0.0034705219
0.0013325566
0.017717691
0.0015226206
0.00069134939
0.0030786451
0.00093558599
0.0061321897
0.00097673154
0.0032756873
0.0058750184
0.00092653179
0.0041121547
0.0005864136
0.0012150001
0.00080180395
0.00069113279
0.0064381878
0.0043852339
0.0035072251
0.0071662702
0.012529386
0.0034960401
0.028149432
0.0029077069
0.00037330479
0.006225477
0.016251223
0.0012204549
0.0024134195
0.0035977282
0.00019132619
0.0036240662
0.0013511922
0.0057277954
0.0021550625
0.013282556
0.00047779855
0.0053489851
0.001948594
0.003393257
0.00080001593
0.00042034365
0.0014233858
0.0013700201
0.012802671
0.0015399904
0.0021776184
0.0011069691
0.002067019
0.0054025399
0.0016705472
0.0010085684
0.0044910898
0.0057396321
0.002558101
0.0029119968
0.0018820381
0.0019022209
0.0026168581
0.00075636239
0.0019797487
0.0071221334
0.00048323482
0.0048997323
0.0031524149
0.001562166
0.0030236365
0.0056718043
0.0021547452
0.00037265674
0.0032190774
0.00030397705
0.001760382
0.00048143623
0.0056767641
0.0060479636
0.0026051064
0.0036753633
0.011648604
0.0023097883
0.00091949647
0.0023357316
0.0052233106
0.0022322077
0.011220435
0.0024209367
0.0068948311
0.0019778428
0.0093431305
0.00036231999
0.0027408293
0.004324161
0.0023372464
0.0020627561
0.0022896854
0.0019285833
0.0041702599
0.00080654083
0.0015236189
0.0025111402
0.0007973836
0.0063365186
0.0036097169
0.0017522071
0.00111345
0.0013177315
0.0020245404
0.0013685788
0.00079603487
0.0053136586
0.005567255
0.0018491569
0.0031847989
0.0011330277
0.0027879144
0.0032898807
0.0099698957
0.0059033721
0.0057984325
0.00027390028
0.0037606477
0.0026468094
0.005023032
0.00043758066
0.0010854097
0.0011304981
0.0016299899
0.0032962039
0.00216222
0.0046092588
0.0017199421
0.0009921015
0.00098232215
0.0028959224
0.002231013
0.0013000971
0.00088246661
0.0019146827
0.0023564193
0.0013021909
0.00056301517
0.00217558
0.0041381521
0.00049278187
0.0032055469
0.00034363964
0.00154867
0.0011509376
0.00057613407
0.006175458
0.0019404999
0.0012203285
0.0013333465
0.0049094055
0.0023798801
0.010996667
0.0012903105
0.0065926248
0.0009614951
0.00592421
0.0011113478
0.0020729844
0.00056774117
0.0070932186
0.001694174
0.0015114635
0.003197039
0.0010628956
0.0019296824
0.0079332413
0.0010198598
0.0022012659
0.0025773023
0.0022455128
0.007030285
0.0057005906
0.0010002806
0.0014019442
0.0009118712
0.00061890972
0.0079650646
0.001392987
0.00074990944
0.0012824087
0.0083678057
0.0011844739
0.0014076792
0.00091778341
0.005021289
0.0012128172
0.0057546818
0.0036914861
0.0019572638
0.0025284151
0.0027379496
0.001471196
0.0040729325
0.0009393181
0.0016086765
0.0066095861
0.0013339025
0.0037863741
0.0012999839
0.00074243924
0.0027617586
0.0059184488
0.0034561066
0.00076944445
0.0024662064
0.0012339234
0.00082887802
0.0023007668
0.00050583796
0.00079700223
0.00072776218
0.0021606723
0.0024571372
0.00073555391
0.0007169451
0.00077628106
0.0077002123
0.0012139987
0.0019538819
0.0013971503
0.00097558147
0.0006877667
0.00033597014
0.0025834241
0.001587289
0.00094024691
0.0011290864
0.00094308332
0.00058916525
0.0021512751
0.0013336671
0.00037971776
0.0033185249
0.00063527364
0.00040122346
0.0061484352
0.00093577523
0.0011753239
0.0017004438
0.0013483423
0.00062277156
0.00044740824
0.00062827836
0.0023024054
0.00081873441
0.00044060187
0.0073449356
0.004426023
0.0043469854
0.00086021348
0.0016235673
0.0019191777
0.00077185978
0.00091116136
0.0014641528
0.00064778002
0.0015949367
0.00080209755
0.0012536823
0.0032016111
0.00096020434
0.00079708209
0.0011515407
0.00101107
0.0006459211
0.0016860535
0.00089322007
0.0030863346
0.0017549653
0.0013937199
0.00049433252
0.00053372834
0.00017952791
0.00071010838
0.0011817936
0.00047144332
0.00067605043
0.00066808908
0.00059659651
0.00061022461
0.0048484388
0.00057284191
0.0020709292
0.0017091531
0.0024253996
0.00049731048
0.0011050029
0.00032617507
0.00023431444
0.00094558136
0.0025048447
0.00045659783
0.00050763466
0.00038330859
0.0018618118
0.00050499616
0.00082179467
0.00037896194
0.0004278156
0.0012991765
0.00016528506
0.00023645228
0.00042440693
0.0005179182
0.0021939462
0.00052181398
0.00099386915
0.00047655994
0.001309677
0.00039119809
0.00060627982
0.00062033359
0.00012767012
0.0024919447
0.00019204782
0.00034745235
0.00025107196
0.00023773774
0.00013860948
0.0014131947
0.00025249406
0.00021828612
0.00021571646
0.00010505058
0.0014380058
0.00188516
0.00023536637
0.0014820813
0.00155232
0.0009243816
0.0017259904
0.00033037056
0.00071694027
0.0018243979
0.00051432784
0.0014790655
0.00030518591
0.0011417934
0.00074934651
0.00079154264
0.0012391217
0.00057807786
0.00027661625
0.0010845137
0.00046455339
0.0030048424
0.00039059581
0.00049719581
0.00022334316
0.0013762591
0.0016791567
0.00086251035
0.00040843061
0.00039309874
0.00070958521
0.0014008984
0.00028508177
0.00074257469
0.00078649708
0.0016217408
0.00086305058
0.00021879157
0.00018168082
0.00087419798
0.00026077652
0.01419562
0.003215923
0.00055399974
0.00045949384
0.00071466604
0.00031187999
0.0026059898
0.001405436
0.00016340813
0.00099070161
0.00034144736
0.00088748313
0.000648916
0.00059504714
0.00028035746
0.001639707
0.00034059308
0.00058510003
0.0030720104
0.00049550139
0.00037211255
0.00017281267
0.001857925
0.00083414925
0.0021498778
0.0019445667
0.002013738
0.00038941193
0.00026721045
0.0027151729
0.0017813104
0.0003340861
0.00019859699
0.001039156
0.00051023124
0.002359204
0.00051750883
0.00057905103
0.00093874725
0.00035263164
0.00011682205
0.00064528733
0.0010005563
0.00013278243
0.00057248242
0.0014738119
0.00041553521
0.0017907459
0.00036816267
0.00047227321
0.00046703042
0.00027312426
0.0015090747
0.00073811191
0.0011583525
0.00024277381
0.0015748995
0.0040006512
0.0011203478
0.00035013986
0.00021135916
0.00060258323
0.0014973443
0.0039282031
0.00082758255
0.00046626959
0.00081895001
0.0016619916
0.00014510521
0.00060170918
0.002259837
0.00028158416
0.00042361225
0.00098859088
0.00096660713
0.00041161955
0.005168552
0.0034047049
0.0016853664
0.0027371282
0.0024132209
0.00047337727
0.0016282293
0.0021748464
0.00028702428
0.0016831229
0.0015509789
0.00072926673
0.0016993224
0.00079560617
0.00062227045
0.0014629331
0.0010655402
0.00029197297
0.00059797987
0.0015174416
0.00038752466
0.00060056604
0.00099674601
0.00071621244
0.00099620968
0.001665447
0.0008566347
0.00021240549
0.0032840457
0.00087384664
0.00050343416
0.00034206585
0.0047778715
0.00094327528
0.00033774661
0.00024277047
0.00028430446
0.00054482563
0.00038487473
0.00027092043
0.00065966049
0.0033847329
0.00089036493
0.0032767423
0.0003908244
0.0010172677
0.0015601791
0.00042954198
0.00089496566
0.0041388227
0.00026716181
0.00024498251
0.0030132707
0.0014363796
0.0033177622
0.001692416
0.0013101647
0.0021452685
0.0009480571
0.0016783489
0.0029965371
0.0043767402
0.0018279485
0.0021245461
0.0047255671
0.0010588822
0.0019538519
0.0011145072
0.0023310706
0.00060439785
0.0003911223
0.0019573795
0.0023340897
0.004554492
0.0041720937
0.0013673488
0.00081180496
0.0006028341
0.0064410516
0.0066034058
0.0095097162
0.0015016616
0.00083764567
0.0015459229
0.0096553909
0.001917934
0.00061523484
0.0021764294
0.0034381482
0.0010494627
0.0010388772
0.0015019109
0.002006657
0.0012320548
0.0007734166
0.0014265053
0.002517109
0.0011502099
0.0022606608
0.00097764726
0.0013346043
0.0057869339
0.0024782957
0.0026273902
0.0020967629
0.0016498893
0.0010647518
0.0013041205
0.0016355834
0.00088435423
0.0019514359
0.0042005144
0.010714076
0.00095208437
0.0008102479
0.0027300159
0.0011002979
0.0014647272
0.0013788872
0.00081279827
0.0043565701
0.0037403237
0.0010997476
0.0031471923
0.0031874625
0.0022049213
0.0047981953
0.0012427056
0.00066665845
0.00096855982
0.0021871349
0.002433528
0.0012781048
0.0014364597
0.0024644958
0.00073045871
0.0014588579
0.0032262343
0.0017326042
0.0020219516
0.0020712838
0.0011478597
0.0012804712
0.0060021011
0.00042837451
0.0012276919
0.0015083184
0.0018083181
0.0017477568
0.00092222582
0.00059532613
0.0014405152
0.0051759239
0.0006269447
0.0021320644
0.0037257436
0.00062034564
0.0030892687
0.00040774079
0.00062688655
0.00052955968
0.0013496501
0.0017967863
0.0016730044
0.0011009149
0.0017140608
0.0015116571
0.0022805708
0.001702833
0.00063567999
0.00061198371
0.0013958374
0.0022264733
0.00032720287
0.0027867043
0.0039737071
0.0027567791
0.0019000225
0.0022468758
0.0032733057
0.00073953916
0.0037015819
0.00027170675
0.00038373828
0.00076166866
0.00050180417
0.0061307936
0.0020562361
0.0019411065
0.0010483777
0.0013884886
0.0017537989
0.002937071
0.0021900244
0.0011993482
0.0027556855
0.002257979
0.0039547253
0.00070895423
0.004121739
0.00095708034
0.0024147779
0.0015712817
0.0018176289
0.0012747251
0.0011360411
0.0011460047
0.00073757285
0.0024584203
0.0017410696
0.0050799577
0.0024874012
0.0041111377
0.0025139959
0.00066869735
0.00068794028
0.0017480474
0.00072256196
0.0018232248
0.0004769142
0.0079651531
0.0051671891
0.0013775888
0.00071239006
0.0087303296
0.0016256991
0.00030412298
0.0017864197
0.00052913994
0.001785443
0.00018084449
0.0018509114
0.006226521
0.0023753988
0.00066230533
0.0055893506
0.0036084375
0.0010314037
0.00066299562
0.0080624148
0.00071614672
0.0017771862
0.001252342
0.0030028217
0.00086724566
0.0028172547
0.00158411
0.0075258715
0.0010403605
0.00025513931
0.0015290838
0.0066262628
0.01222775
0.0029183184
0.0036572504
0.020464564
0.00070135022
0.012728032
0.0023623221
0.017902635
0.0013935324
0.00212706
0.01935805
0.0012578676
0.00095904933
0.0011295935
""
0.006467809
""
0.0092282444
0.0026122157
0.0018778616
0.017215064
0.0016840168
0.00037597047
0.023814611
0.001118137
0.021666057
0.0099399323
0.014205093
0.0061252303
0.00042608674
0.0042992732
0.0032370333
""
0.0050011533
0.0029155081
0.021552837
0.0026547124
""
0.0007344344
0.0015313517
0.0021699537
0.010045331
0.0042680404
0.0055985288
0.00113565
0.0054394999
0.0075963777
0.0043512946
0.0038489462
""
0.004613108
""
0.022848185
0.00029941468
0.0005810876
0.0032866863
""
0.013879224
0.028889637
0.0020635948
0.0008095337
0.0091558294
0.0042652548
0.00064345519
0.0014444327
0.001821909
0.0005722348
0.001315809
0.0033462099
0.0029466744
0.001690013
0.0049599735
0.0014748313
0.0014219208
0.0016553722
0.0011201869
0.0019791275
0.0019884559
0.0056107542
0.0030351332
0.00047282144
0.00034744869
0.0084243026
0.0029742108
0.0064561628
0.0045127207
0.0053010392
0.0020563521
0.0086233625
0.0097300811
0.0052478062
""
0.005024713
0.00036872443
0.0012563812
0.0050201397
0.010527723
0.0048885318
0.0011370894
""
0.0016180323
0.0034073922
0.0033696133
0.0021354561
0.0014756038
0.033770286
0.002809047
0.0038914657
0.00056983315
0.00033720181
0.013159747
0.021968329
0.039856829
0.0011723756
0.0025839128
0.0036066559
0.0031910569
0.0016471684
0.0022418955
0.00081271195
0.0039576706
0.0085594598
0.0013222484
0.0057366635
0.00075984688
0.0027271232
0.0014687185
0.0019381798
0.013655047
0.0011428077
0.00061277905
0.00070647575
0.00066543365
0.00067701557
0.0022619893
0.0034141124
0.0072602211
0.0018831267
0.0024427536
""
0.0048136637
0.0024687233
0.0015817106
0.0015458766
0.0034686143
0.012563667
0.0024984868
0.00051764667
0.00029361126
0.0013232433
0.0017026999
""
0.0088510821
0.0017596507
0.0020576383
0.005214233
0.0020328076
0.013266759
0.00079138891
0.0050616506
0.0042049838
0.00058204483
0.0012891962
0.00036849949
0.0014531094
0.0010017053
0.00059551699
0.00071659085
0.00080425234
0.00023719041
0.00053424906
0.00034305122
0.0004753992
0.0019998436
0.00058491988
9.6773016e-05
0.00028877091
0.00029352069
0.00068602205
0.0006277457
0.00021515894
0.00044660611
0.00021395125
0.00050989585
0.00027823946
0.00024165465
0.00018830912
0.00020786704
0.00036269409
0.00018301303
0.0011076024
0.00027362522
0.00057294505
0.0002292725
0.00045485169
0.00029322412
0.021189149
0.00060507341
0.0020318064
0.0015852187
0.00060748629
0.020639703
0.00077020278
0.0011185042
0.001119177
0.0062764478
""
0.0038070399
0.00046055552
0.003400519
0.0010144673
0.0030961765
0.00082642824
0.0072396989
0.0011535229
0.005800989
0.0013188868
0.0022454644
0.00039849788
0.00090514624
0.002291386
0.00073311653
0.0024716468
0.0014601966
0.001965283
0.0054878765
0.0041649039
0.00061458693
0.00029976375
0.0012589537
0.00016403027
0.00021352812
0.00059571274
0.0003169167
0.00033130229
0.00028571335
0.00080284447
0.00035495422
0.00045271125
0.00056187314
0.0016837856
0.00016906281
0.00017163421
0.00058762578
0.0010887734
0.00046806532
0.00034655246
0.0019494017
0.0053095929
0.0011794795
0.00027122628
0.00010159431
0.00094431988
0.00060500746
0.00060229219
0.00024034805
0.0015075663
7.6149823e-05
0.00013725719
0.00018523139
0.00024455038
0.00030262908
0.00026755585
0.00043364623
0.00096361269
0.00032644515
0.0011812635
0.0004935441
0.00011168351
0.00023946937
0.00014191733
0.00028496207
0.00039014398
0.00018346451
0.00023824033
0.00078270759
0.0013032591
0.0011371956
0.000688528
0.00013639627
0.00046791366
0.00062043598
0.00021906292
0.00024767322
0.0012326664
0.001584103
0.00076701789
0.00018398366
0.00096407608
0.0020856466
0.00048757505
0.0008108425
0.0079141967
0.0012156118
0.0046764752
0.0067295828
0.00058649888
0.0010877016
0.00087306811
0.0010910972
0.00052949029
0.00070533052
0.00084375398
0.0013729213
0.0015472582
0.0018269389
0.0041897232
0.00092880538
0.0011790657
0.0019410076
0.0049588056
0.003461689
0.00095027068
0.00082928326
0.0010041631
0.00048104007
0.0029997851
0.002161752
0.00033563582
0.00072153768
0.00059254898
0.0007888673
0.0015886237
0.00040606168
0.00081321475
0.000827968
0.0017721055
0.0062500406
0.001222247
0.0032393369
0.00035452671
0.00059668178
0.0005179834
0.00066668534
0.00083235634
0.0018626669
0.00063890486
0.010843408
0.00064855168
0.00088531029
0.00053925789
0.0039589009
0.00056265655
0.00062384579
0.0013450941
0.0012784422
0.00071113027
0.0019144909
0.004191611
0.00019187327
0.0055298721
0.0013793082
0.00098799355
0.00091291917
0.00039690762
0.003319819
0.00028204985
0.00048610746
0.0064385147
0.0013563763
0.0031146158
0.0014558241
0.0025173442
0.00099668442
0.001302264
0.00040372147
0.0012253349
0.00051387929
0.00097789278
0.0011985662
0.00060079776
0.00076172629
0.001400803
0.00055473845
0.0018721875
0.00054468628
0.0016346192
0.0025523941
0.0035980016
0.00078730716
0.00059480598
0.0002621001
0.0025162695
0.0014964708
0.0010562328
0.00072551006
0.00061364158
0.00056779978
0.0008350857
0.0028336183
0.0072665233
0.0010051285
0.00479681
0.012329067
0.0022727575
0.0068733725
0.0099283038
0.00098542939
0.00056016003
0.0029136036
0.0030859378
0.01690753
0.0035588865
0.0044285934
0.0037457165
0.0031176771
0.010227227
0.00086130953
0.0070029711
0.0052364618
0.0036750168
0.0058319368
0.005546933
0.017788172
0.0059995535
0.003830841
0.006431228
0.0019258906
0.00085301691
0.0016057607
0.0045814663
0.0041735959
0.0053357244
0.001538331
0.002081845
0.0010951312
0.001735312
0.013401458
0.00070791697
0.0044310801
0.0024611659
0.0086271763
0.0078130066
0.017571887
0.00095893175
0.0051655709
0.0013283174
0.0040621469
0.0053611798
0.0030873499
0.0004339955
0.0072479346
0.00064072508
0.0023221408
0.00034599667
0.0015037854
0.00054205605
0.0019297048
0.00036449204
0.00047227222
0.00080582366
0.00039616349
0.00076036097
0.002484452
0.00038662879
0.00061386661
0.0015380343
0.00066596578
0.00088305399
0.00077314215
0.00013978255
0.00048131094
0.001048482
0.00060689315
0.00081140612
0.00052976044
0.0019458776
0.00028598038
0.00039427209
0.0013228108
0.00043852493
0.00044572711
0.0006333731
0.00022553591
0.00030085759
0.0018831134
0.0010584062
0.0021013187
0.0011538176
0.0007320185
0.00074996869
0.00032689542
0.0021101392
0.00047170752
0.00072850042
0.00040166118
0.0025979043
0.00086945627
0.0005406728
0.00044407451
0.00030822275
0.00042198185
0.0005677435
0.0012078104
0.00032789426
0.004142018
0.00026128045
0.00025639616
0.0012538884
0.00036768732
0.00091945101
0.00082887383
0.0003567953
0.0014854349
0.00071803259
0.00042742887
0.0014901144
0.0011739194
0.001008036
0.00051247864
0.00067796034
0.00027763983
0.00031881634
0.0015182835
0.00041631557
0.00050509127
0.001062926
0.00024448548
0.00034331827
0.00028717864
0.00059280318
0.00057117472
0.0017261143
0.00065044814
0.0022855999
0.00043438538
0.0011411088
0.00031986466
0.0010344132
0.0006207964
0.00073813344
0.0015557648
0.01052446
0.0039467732
0.0024980062
0.00099383947
0.0027010061
0.0014376077
0.00085702748
0.0007006012
0.0011333595
0.0018050841
0.0056712842
0.0090719666
0.00022138325
0.0059765824
0.00098774559
0.0023085643
0.002271519
0.0021925219
0.0034309276
0.00091434282
0.0059736571
0.0096906163
0.0012801744
0.0034604354
0.00082081044
0.0027968886
0.0029602197
0.0069859023
0.010391759
0.0032438927
0.0018649572
0.00070629769
0.004159417
0.0043833796
0.0017299092
0.0030354161
0.002994996
0.0040876307
0.00082329434
0.0010432951
0.0011603732
0.0016822144
0.00075204932
0.00079439866
0.001072321
0.0026402613
0.00651382
0.0015770112
0.0013669526
0.00093935378
0.0052098804
0.0064882305
0.0065494399
0.00040452412
0.0025534087
0.0026160032
0.0020519621
0.0013462331
0.00042790666
0.0017330762
0.00078239891
0.00096047862
0.0027419564
0.0064987778
0.0012555644
0.001694589
0.001015846
0.0005268525
0.0019322279
0.0019465309
0.00043379716
0.0013035859
0.00040275839
0.0045255893
0.0017134312
0.0029466287
0.00097554427
0.00051397516
0.00030611138
0.0017097748
0.00025278688
0.000488666
0.0039767427
0.0018859447
0.00080693769
0.000901739
0.0073584369
0.0025133258
0.0046602539
0.0012982159
0.00074507948
0.0008979438
0.0010978036
0.0011430413
0.0014151627
0.00050257833
0.0020101699
0.0010136046
0.0008643663
0.00062711677
0.0017748278
0.00027710473
0.00052940776
0.0071019675
0.002761242
0.0013521257
0.0012528714
0.0070769959
0.0017727289
0.00021789191
0.01230099
0.00090354733
0.00094652141
0.00015075839
0.0012660413
0.0004942416
0.00068979961
0.00034417337
0.0008460636
0.0011081714
0.00023521201
0.00037269847
0.0009381664
0.0074273045
0.0006724156
0.00065877335
0.00034563497
0.0023206479
0.00065906969
0.0018599257
0.0011948172
0.00060218287
0.00041771843
0.00050689426
0.00020912294
0.0020078556
0.00030253801
0.00031969493
0.0063727833
0.00059498427
0.0012713308
0.0030556875
0.00055889896
0.0005769087
0.00057984627
0.0021440543
0.0003691504
0.00029766528
0.00076211157
0.00046790074
0.00036890386
0.00030273522
0.00027038626
0.00051631918
0.00035114758
0.0028962388
0.00087426323
0.00022388183
0.0015279728
0.0004632441
0.00035906699
0.0013691566
0.00029117666
0.0028531479
0.00098056532
0.0002510937
0.001783084
0.00086054503
0.0024965783
0.0012223347
0.0006465647
0.00050023227
0.0014170223
0.0015928189
0.00036524475
0.0012158193
0.00035415485
0.0014140159
0.00039470935
0.00023762483
0.0001278556
0.00051267969
0.00012534688
0.00069266668
0.0016686607
0.00085451367
0.0021973241
0.0010513908
0.0010432138
0.00083157601
0.00088381692
0.00042058987
0.0023701862
0.00043490686
0.00059424277
0.0007902807
0.0012380604
0.0016149783
0.00059228082
0.0006794926
0.0008101869
0.00058596116
0.0018716557
0.0010402425
0.00085305946
0.00071480114
0.00025076777
0.0011041991
0.0011982021
0.00059835566
0.0056673964
0.0011278333
0.001412981
0.0011859268
0.00095420255
0.00031231911
0.0070033972
0.00081366283
0.00081842061
0.00090267305
0.0011205446
0.00038133754
0.00071729178
0.00031170109
0.0011082346
0.00033565541
0.00039825367
0.0012905735
0.0023528857
0.00053269573
0.0061804461
0.0026137261
0.02563484
0.0038730761
0.0012459542
0.00082832528
0.0022714066
0.012599675
0.0020172512
0.019361388
0.0042178272
0.0040420718
0.0016354163
0.00089121022
0.008790547
0.0029683884
0.00074507488
0.003870215
0.0036227116
0.014079593
0.012468604
0.0059030051
0.0040662996
0.0073623569
0.0016656431
0.0054403176
0.0080758138
0.0027948071
0.0057217088
0.0059460406
0.028715804
0.00061759405
0.0034812083
0.013472738
0.013508735
0.0082747098
0.015287226
0.0037393661
0.0013354142
0.00064064533
0.0008816332
0.0076511716
0.0024440095
0.0089572137
0.011214742
0.00072537758
0.042509623
0.008410586
0.00061430596
0.0059094653
0.0059882654
0.00097444246
0.0050742407
0.0053287949
0.0017758819
0.01212734
0.0021911943
0.0052528623
0.01622781
0.0072412617
0.0021834846
0.0020521472
0.0020219388
0.0023952695
0.0020775516
0.014668365
0.0004263389
0.0017682989
0.00094601704
0.0037781589
0.0011441038
0.0011468604
0.00078066287
0.0011514213
0.00087343453
0.0028864315
0.0017707761
0.0013118675
0.0026757135
0.0040619168
0.00080582517
0.001382872
0.0059998655
0.00072340918
0.00036919786
0.0018157591
0.0024111911
0.0015756811
0.0022133586
0.00087524322
0.0018531993
0.0011832773
0.0020274259
0.00064068352
0.0042431951
0.001332407
0.007323347
0.0024287621
0.00060853956
0.0095256874
0.0018427019
0.004378553
0.0015363919
0.00080636929
0.0011635915
0.00079279614
0.0039034332
0.0084933592
0.0030879423
0.0053619854
0.0029205554
0.0013133673
0.00048434394
0.0019552708
0.0036132797
0.00058224431
0.0015694079
0.00062878657
0.0011348566
0.0020038616
0.0041958815
0.0025252078
0.00069817854
0.00087612838
0.0020653142
0.0008780784
0.0016028399
0.001162697
0.00069797086
0.0023741224
0.0011262706
0.00098020083
0.0041299136
0.0079534585
0.004735515
0.0050824797
0.0014238368
0.00068885891
0.001267765
0.00061522954
0.00056399964
0.0016253646
0.0022073674
0.00060203398
0.00030654593
0.001767264
0.0059494735
0.0014130075
0.00051528297
0.0011220623
0.0017546191
0.0018030253
0.0010029464
0.0083806487
0.001823401
0.00085744535
0.0025344198
0.0013363562
0.0021442897
0.00044548596
0.0011717529
0.0031495073
0.0044226171
0.0013265786
0.0038031894
0.005128046
0.011981259
0.0020709923
0.0010001578
0.0022081763
0.0029715127
0.00048341445
0.0038936604
0.0036510478
0.00045503871
0.00021057895
0.0058902679
0.017484246
0.0019238607
0.0014636887
0.00048839918
0.00050931337
0.0050362353
0.022343818
0.0041052778
0.0012967992
0.0025171884
0.0013983825
0.0019095967
0.0023622019
0.0015822586
0.00064563158
0.0062502804
0.0040569161
0.0019670893
0.0065408512
0.001778267
0.0018782848
0.0035173877
0.0032834825
0.0064127808
0.0075228796
0.0031067417
0.00031014974
0.0051584388
0.0022180823
0.00039275509
0.005495714
0.014141939
0.0029557836
0.0014495233
0.028667016
0.0039651212
0.013824455
0.0040088757
0.012123857
0.0038659044
0.00019373107
0.0025888321
0.0017962786
0.0049578035
0.00053465163
0.0023507969
0.0062096878
0.0021823263
0.018574003
0.0022212528
0.0012266367
0.00065907306
0.023129968
0.00089396728
0.00019259458
0.0018198028
0.0013988547
0.00098209898
0.00093375175
0.0094613368
0.0021768555
0.030824713
0.00030181083
0.0022267029
0.0037542144
0.006766222
0.0014826573
0.00062788988
0.0042848373
0.00429215
0.012051879
0.0041614082
0.0025496376
0.0013763815
0.0013120205
0.00091861712
0.0010925214
0.00095216819
0.0006760254
0.013481366
0.0023361365
0.0031102241
0.0034859432
0.00098539342
0.000152523
0.0012182889
0.0033777766
0.003243421
0.00069155922
0.0039542266
0.0024512901
0.0002817598
0.003274214
0.0010902059
0.00065823359
0.00090780959
0.002079098
0.0031996807
0.0098323673
0.00087592512
0.0032431902
0.024233393
0.0030585798
0.0055699642
0.0018470307
0.031850819
0.00053818268
0.0048127118
0.00081112963
0.00089335087
0.0013172269
0.0018930329
0.0014131515
0.00077530585
""
0.037642594
0.0031570315
0.0095592085
""
0.031315017
0.0016463621
0.0067816786
0.0017212864
0.0013251828
0.0013886739
0.0035493805
0.0022695749
0.0014399219
0.0047914344
0.0013170994
0.0022289639
0.0092905881
0.0046307864
0.0017090354
""
0.00056678284
0.011128027
0.0063602971
0.00066041137
""
0.0056742029
0.0058693746
0.012357647
0.014353082
0.0016999369
0.0018478757
0.00081542035
0.031558473
0.00066409964
0.00089909829
0.005347942
0.0038308923
0.0039852648
0.00049077644
0.0015890205
0.0038333617
""
0.0019407476
0.00075793877
0.0026764739
0.0011817387
0.00047124361
0.0053477222
0.021146968
0.00031757209
0.00089213828
0.0028302311
0.0010927906
0.0061330935
0.0022125568
0.00090644241
0.00094803906
0.017624998
0.0040391413
0.00064289413
0.0046128999
0.012123778
0.0026719631
0.0054412438
0.0042720758
0.016015967
0.0053667612
0.00080742803
0.0018978916
0.00079088978
0.0088501815
0.0046454319
0.0040529775
0.0013777759
0.0068748845
0.019558214
0.0030174125
0.01464041
0.0041611171
0.01706852
0.0010159014
0.0040524146
0.0022821431
0.0017359359
""
0.019008415
0.0037940545
0.004590591
0.00026855647
0.00033027685
""
0.0013536955
0.017564788
0.0038559143
0.00069102278
0.00026662115
0.0036862239
0.0012526537
0.0015188977
0.0093129445
0.0009248135
0.0026458423
0.0029725926
0.0010364394
0.00080880953
0.0014594042
0.0016062564
0.00082233478
0.00046695082
0.0014439297
0.003764183
0.00084706821
0.001109469
0.001843401
0.00036342611
0.001489918
0.0059129046
0.00083801331
0.0011707923
0.0035368346
0.0013028539
0.0064128661
0.0095018903
0.0040334379
0.00034043283
0.0005821567
0.0029257918
""
0.00029054869
0.0035904029
0.0026632068
0.0056015612
0.0024418382
0.0016402341
0.0054075923
0.002397358
0.0013796457
0.0010205054
0.020001994
0.01198898
0.00019407689
0.0034527262
0.0012863306
0.0032170098
0.0016443194
0.00039698003
0.00054347736
0.00033909397
0.0013574846
0.00025917566
0.017396014
0.00028968655
0.0017408055
0.00075154426
0.00083713455
0.00023941777
0.011028795
0.00056822778
0.001989007
0.00077274523
0.0023037784
0.00094457471
0.00039242744
0.000414863
0.0011790138
0.00043570416
0.0010247201
0.00084418553
0.0018263001
0.0049737352
0.0013437164
0.0013253274
0.00041725475
0.001230498
0.0032810071
0.00036075671
0.0033927942
0.0011557884
0.0030876894
0.004378912
0.0039929221
0.00097301765
0.0023850896
0.0025444855
0.0024819232
0.0019071667
0.00046931181
0.0027235684
0.0037886777
0.0018216105
0.0015185389
0.0037897953
0.00086907728
0.0027536838
0.00014109153
0.001139176
0.0022067938
0.0021184017
0.002714514
0.001476987
0.0049986192
0.0029727607
0.00075322035
0.0020739182
0.0046557933
0.0013364241
0.001056064
0.0011981479
0.00030279491
0.00067611184
0.015002402
0.0014832983
0.00036471651
0.0042466023
0.0019010629
0.0048869583
0.0019598864
0.0012045747
0.00055892731
0.0035368539
0.0033835454
0.0021985366
0.00387964
0.0024288276
0.001848523
0.00068194047
0.0011869132
0.0041351574
0.0022403134
0.0021562125
0.0011872988
0.00078098214
0.00077911018
0.001881147
0.0017621859
0.0023886587
0.0031537318
0.0011573992
0.00037949107
0.0010445408
0.0071944864
0.0090582781
0.00086615712
0.00098966982
0.0012929458
0.0048290975
0.0012042967
0.0029487014
0.001846535
0.0011057463
0.00083252357
0.00062112871
0.0020212813
0.0017762725
0.0031401627
0.00050224102
0.0019950604
0.0012928178
0.0018489348
0.0014788669
0.00059752929
0.00064825721
0.0042613177
0.0066845622
0.0010526167
0.00062092848
0.0019513904
0.0076273633
0.0027510012
0.0065317801
0.00094411749
0.0013683187
0.0011502177
0.0027825786
0.0068929656
0.0010311218
0.00083298038
0.0016653023
0.0020537099
0.00046741278
0.0019534817
0.0012722699
0.0044082995
0.00051306206
0.00055076601
0.0029409651
0.0014513565
0.0026985067
0.0011355311
0.0016327333
0.00088053674
0.0013330294
0.00056255219
0.0018867791
0.00061678456
0.00027932768
0.00084424508
0.0012163011
0.00054991827
0.00082507316
0.00077095046
0.00056176836
0.00044723213
0.0011564216
0.00039126308
0.0021754729
0.0011937524
0.00031634315
0.0022294612
0.00056739466
0.0035884595
0.00035479863
0.0003547213
0.00091636111
0.00057321409
0.00015973696
0.00030178163
0.0017836832
0.00090022775
0.00046199525
0.004222068
0.00056021154
0.001225871
0.0036298556
0.0013714535
0.00023951418
0.001569621
0.00065905775
0.0029730001
0.00024325984
0.00017957466
0.0010426969
0.00059493835
0.0021813984
0.00036073598
0.00069794751
0.00040313153
0.00059754879
0.0026094483
0.0012163377
0.0023563346
0.0030105026
0.00078449142
0.0007690037
0.0024179618
0.001621469
0.0047694044
0.00083235593
0.0041679782
0.0016767909
0.0040182699
0.003520932
0.0012023
0.006035523
0.00049939647
0.0011906179
0.00058852427
0.00038112371
0.00098079117
0.0017008669
0.0034475238
0.0027797287
0.0016002824
0.00066071312
0.0030520204
0.0013186188
0.00075893383
0.00089137891
0.00048527631
0.004558024
0.0010760028
0.0021300949
0.00056435558
0.0023022629
0.0067395833
0.0020749795
0.00078987668
0.0012500607
0.0015028742
0.00083889416
0.0015323946
0.0021409125
0.0028499255
0.0012375838
0.0024407527
0.0035358958
0.0022084429
0.0023594759
0.0037842849
0.0010342794
0.0046640043
0.00098309445
0.0019270841
0.0030863544
0.00076258765
0.0012613235
0.0044117225
0.00038903189
0.00098246208
0.0025075912
0.00060187513
0.00081117195
0.00053674058
0.00022770152
0.0026710161
0.00030717879
0.00026323789
0.00054548722
0.00054911623
0.00056217448
0.00027970495
0.0021592067
0.00070318603
0.0031109536
0.00054692302
0.0012126865
0.00044936247
0.0013281516
0.0019785969
0.0010201666
0.00064476347
0.00057015644
0.00049001648
0.0004279236
0.00060939282
0.00085084839
0.0020802461
0.0013312915
0.00017975473
0.00022279455
0.0023780647
0.0029469545
0.010503
0.00030045115
0.00053190172
0.0004357585
0.0014759222
0.00031974036
0.00024552949
0.0013992591
0.00028832303
0.0011692364
0.00073987956
0.0009271538
0.00050669879
0.001240846
0.00037548531
0.00084132713
0.00063670211
0.001001952
0.0049162945
0.00043703121
0.00077555835
0.00061744929
0.00058157247
0.0006651766
0.0013665408
0.00064043188
0.0043028481
0.00057643908
0.00027091181
0.0002471089
0.00085835403
0.00047005733
0.00077723619
0.0014854257
0.0011449459
0.0010586478
0.0029627318
0.0012765451
0.0028105776
0.00216566
0.0012277018
0.002962121
0.0040197163
0.00091114891
0.0042640571
0.0005233335
0.010571759
0.00050158019
0.0022119682
0.0011751658
0.0079309475
0.0013706438
0.0030669188
0.00053527753
0.0049853446
0.0062204222
""
""
""
""
""
""
""
""
""
""
0.018079527
""
0.025660615
""
""
0.022962637
""
""
0.030267484
""
""
""
""
""
""
""
""
""
""
""
""
0.017995024
""
""
""
""
""
""
0.042767562
""
""
""
""
""
""
""
""
""
""
""
""
""
""
""
""
""
""
""
""
""
""
""
""
""
0.0062707472
""
""
""
""
""
""
""
""
""
""
""
0.042781353
""
