kir_29_white_male_mean
0.56450945
0.63253158
0.55562383
0.55382079
0.61781085
0.52570719
0.50706744
0.5988521
0.54903746
0.56410128
0.59381056
0.55635244
0.61284089
0.55645037
0.61580056
0.57179296
0.64126444
0.5826835
0.60391515
0.60806972
0.53652298
0.57943678
0.63181335
0.55020261
0.52148288
0.55364507
0.49797127
0.47868681
0.56460071
0.56615698
0.60515821
0.54301661
0.54720372
0.4968015
0.46943685
0.54681075
0.52745217
0.52629238
0.58957475
0.48946512
0.4533776
0.53026068
0.49962696
0.60234809
0.50763768
0.59955889
0.56550848
0.5742529
0.54357582
0.53004217
0.62349296
0.53218067
0.58738375
0.55889368
0.60881871
0.56967187
0.51644188
0.54534686
0.48579451
0.51049608
0.49560973
0.47709846
0.55603671
0.53583556
0.52076101
""
0.6971066
0.68011451
0.5271014
0.59984589
0.6513207
0.54759526
0.54823005
0.60641086
0.5343076
0.56771821
0.57324815
0.52461237
0.49244165
0.40000713
0.43619612
0.40654191
0.49391606
0.43169355
0.59916735
0.55849177
0.56008548
0.52049291
0.54710495
0.43921655
0.54814655
0.50578797
0.50707555
0.54330021
0.52709061
0.56442267
0.43858084
0.57724237
0.51668751
0.48160785
0.49530727
0.55104017
0.54115582
0.50823742
0.5172056
""
0.51161003
0.563146
0.50846368
0.4898459
0.54541045
0.41171288
0.51020068
0.52829725
0.50459397
0.44230139
0.42982
0.51875687
0.52295482
0.5097959
0.50577801
0.5213291
0.56341171
0.56008321
0.53560889
0.56666219
0.54066747
0.62532526
0.48233241
0.52238381
""
0.63719606
0.63868499
0.65962487
0.63201344
0.54981846
0.57482028
0.64935994
0.58776283
0.63337594
0.54722691
0.72014034
0.64870131
0.50702661
0.5310778
0.51702291
0.50248581
0.51919448
0.53128457
0.50902939
0.55183256
0.54954964
0.47980052
0.53805488
0.51702881
0.52521664
0.47727495
0.57861727
0.5758006
0.51623672
0.49202341
0.49551362
0.62381166
0.56346864
0.5687564
0.52867293
0.50402802
0.42772332
0.58615786
0.55244052
0.57073545
0.55973381
0.584126
0.58412147
0.57852072
0.54342717
0.55289304
0.5581426
0.52310532
0.45854774
0.52720588
0.58757162
0.50373346
0.51420164
0.48817113
0.5480774
0.54631257
0.53184301
0.54617625
0.53429919
0.5732069
0.61195624
0.51122111
0.55747157
0.59426689
0.62804115
0.51603812
0.50848073
0.53038263
0.58987391
0.49218383
0.57664698
0.54581034
0.64045936
0.58143556
0.60596091
0.57690626
0.47404119
0.50502282
0.55351579
0.52999604
0.49558201
0.51881486
0.46721485
0.50068182
0.55342007
0.4993408
0.50276649
0.5266335
0.54442954
0.44261408
0.47659019
0.49494332
0.55012083
0.56627005
0.5634746
0.5156821
0.58575016
0.5975135
0.63745302
0.56189632
0.52105886
0.52360672
0.52732807
0.49626803
0.47924164
0.51351708
0.55274975
0.5401172
0.5656594
0.62671864
0.52697074
0.54206604
""
""
0.46148065
0.62433517
0.6230588
0.56245792
""
0.55553228
0.66316456
""
0.52975184
0.55947399
0.51103556
0.52062583
0.51472074
0.47237378
0.5367682
0.52293122
0.5267508
0.479996
0.50449294
0.46959272
0.56594986
0.50590289
0.45844373
0.53338045
0.54081291
0.57224011
0.52008128
0.52757871
0.50992984
0.53983074
0.59558815
0.53904688
0.57495099
0.56273651
0.57173741
0.5033204
0.54371953
0.54543549
0.49668697
0.55748951
0.5564478
0.50381857
0.61106664
0.51038957
0.57946813
0.52287942
0.55301422
0.43214288
0.33743188
0.54577476
0.43510699
0.38384432
0.41211373
0.4359487
0.38602483
0.40506282
0.58000857
0.51226997
0.37844536
0.49579716
0.48523989
0.50254536
0.5037536
0.47582504
0.51285577
0.55118001
0.57643604
0.51653653
0.56195933
0.46620306
0.54207051
0.54117888
0.47115266
0.52441949
0.46586731
0.51672834
0.45998809
0.51233816
0.5740931
0.55613428
0.53622824
0.53713715
0.53087354
0.51595944
0.53911638
0.48863378
0.57167166
0.45364934
0.55379701
0.55190402
0.50736362
0.56229562
0.48935014
0.52626872
0.53015471
0.51242763
0.50323349
""
0.51233357
0.55785054
0.6213305
0.50928146
0.53829211
0.47247192
0.59226495
""
0.53369159
0.54814386
0.50985807
0.57010597
0.54183221
0.53761083
0.58705264
0.59575677
0.59596562
0.5716424
0.5258162
0.65659755
0.58013028
0.4016515
0.50160122
0.54212117
0.6006304
0.49548215
0.49632335
0.44332314
0.45206314
0.50597245
0.50245786
0.47409907
0.57325292
0.52549058
0.52703094
0.54346138
0.49820822
0.53058898
0.48968109
0.52282548
0.52086532
0.50917125
0.52594745
0.59149706
0.58669937
0.54687768
0.51888496
0.46045461
0.37281534
0.41212857
""
""
""
0.37565076
""
""
""
0.36437654
0.50234073
0.47328979
0.42759717
0.51333171
""
0.53551048
0.53313172
0.55464321
0.55765802
""
""
""
""
""
""
""
0.43707219
0.41896871
0.44498098
0.4632403
""
""
""
""
0.38811409
0.45214918
0.53135788
0.61547732
0.68391484
0.56997806
0.51208019
""
""
0.53946817
""
0.57413054
0.42359915
0.55398405
""
""
0.43453717
0.54279327
0.49266356
0.53109699
0.47881532
0.61365658
0.58053041
0.54088944
0.57479382
""
0.48617038
0.55068713
""
0.43177712
0.54540032
0.46841219
0.47579649
""
0.55619299
0.62614983
0.66212124
0.64242804
0.59121299
0.58793676
0.68071252
0.6706199
0.59775072
0.68642414
0.66153026
0.46308768
0.52624553
0.48964214
0.54133672
0.59704942
0.6098749
0.60168266
0.58977133
0.57594544
0.59691668
0.56821513
0.56299824
0.55331433
0.56809479
0.52490127
0.52972573
0.54958022
0.56573546
0.5486114
0.52837628
0.54942572
0.58244741
0.55711448
0.57095307
0.54804707
0.48919314
0.41042984
0.48865926
0.52532202
0.53443241
0.55458641
0.50878304
0.49229029
0.55005831
0.55410528
0.55638033
0.61737132
0.5462268
0.51882821
0.55283594
0.49094391
0.50926524
0.56437588
0.57603079
0.51553994
0.60784107
0.58160323
0.6441462
0.61179376
0.57246107
0.54254466
0.59335893
0.66212678
0.56664425
0.54413414
0.63509029
0.62172014
""
""
0.61175603
0.50393015
0.56538564
0.45854047
0.37252137
0.46131495
0.58068025
0.60324061
0.62645352
0.55452859
0.53229165
0.47763726
0.55981547
0.599415
0.49433711
0.49961436
0.57648402
0.60842854
0.60846603
0.56458342
0.60140228
0.65171272
0.60916775
0.62254107
0.51380908
0.54500282
0.56852961
0.51534873
0.52482957
""
0.47474068
0.52242017
0.41674107
0.48875719
0.52705979
0.50607753
0.56747174
0.59587455
0.56494331
0.52548599
0.54637134
0.60045969
0.54575855
0.55156386
0.51755935
0.58667767
0.59709418
0.52925193
0.56211019
0.53310239
0.50977838
0.61106026
0.56749374
0.54394877
0.52591008
0.52263153
0.60649616
0.5174135
0.57861876
0.50964397
0.5701592
0.6225602
0.52715147
""
0.59811121
""
""
0.56499398
0.53224272
0.60074884
0.5477345
0.58313245
0.60473037
0.556373
0.44688302
0.55012196
0.44792324
0.50244659
0.55148458
0.40120259
0.48238313
0.51659912
0.48723057
0.48603657
0.56414801
0.53478032
0.51979637
0.4802953
0.49423406
0.57516366
0.50195384
0.54918146
0.5660581
0.48294488
0.52015507
0.53632206
0.57473421
0.54332882
0.52117068
0.52379948
0.51716584
0.5599618
0.59298748
""
0.61743015
0.40774366
0.49588984
""
""
""
""
""
""
""
""
""
""
""
0.48670474
0.48449999
0.44955888
0.50520355
0.36581284
0.52871436
0.45496964
0.58383489
0.53422791
0.44762626
0.49348313
0.58232099
0.47945085
0.49959785
""
0.38085145
0.51979035
0.58304381
0.54927152
0.49519283
0.52812588
0.59664351
0.61287451
0.5655427
0.61957049
0.5058018
0.43944117
0.45982608
0.52100044
0.473553
0.41938823
0.42708117
0.61675006
0.5717693
0.61069721
0.63210839
0.60136938
0.54089004
0.59321135
0.59644771
0.56933498
0.62877887
0.38643169
0.62154776
0.49301407
0.52182263
0.51145011
0.48843986
0.44062394
0.47642031
0.50825202
0.51962245
0.56707823
0.63563555
0.51934302
0.54722583
0.56640327
0.53353441
0.51284188
0.55817938
0.58314812
0.45481768
0.56507713
0.56808239
0.55139494
0.57593143
0.53849339
0.56177139
0.59158975
0.59359884
0.49144444
0.49747282
0.50889456
0.63739073
0.55276597
0.62453914
0.62090594
0.63873267
0.45238736
0.47895351
0.47027853
0.46826804
0.52711982
0.57730287
0.59198862
0.51874375
0.50295126
0.43689135
0.51060724
0.51845157
0.52554613
0.51737559
0.52592933
0.49730313
0.53551787
0.50310355
0.55175185
0.48534375
0.60029131
0.4769201
0.48337668
0.49744052
0.55597985
0.5016917
0.47038805
""
""
""
""
""
""
""
0.50079006
0.49414903
0.55619442
0.62787068
0.57947719
""
""
""
""
""
""
0.57067126
0.57777494
0.52016431
0.61831266
0.5022828
0.48077369
0.46960676
""
0.45921984
0.56361657
0.62947249
0.34955847
0.52311081
0.49792272
0.54710132
0.5699054
0.60121703
0.48380807
0.55335265
0.4880631
0.48950875
0.62050515
0.64495265
0.55510449
0.48729363
0.58840185
0.56804448
0.53114825
0.52407819
0.63402212
0.65993738
0.51204014
""
0.62245792
0.60519844
0.52627945
0.62932837
0.65545601
0.63284612
0.60004508
0.54042882
0.61574763
0.62610865
0.60365725
0.54062533
""
""
""
""
0.35786939
0.69200528
0.49254304
0.51087815
0.57882756
0.53129375
0.55017883
0.57729745
0.6164701
0.6195184
0.63671011
0.56962204
0.60740435
0.49464187
0.50976956
0.6050868
0.55162793
0.50143033
0.56391644
0.57848096
0.49733034
0.57401454
0.55089468
0.61708951
0.58757567
0.49575275
0.53943551
0.56430727
0.56800658
0.53183848
0.47940063
0.61472112
0.51084006
0.52688998
0.51242346
0.58527249
0.54732454
0.49023029
0.57967466
0.57236892
0.56495464
0.54140466
0.49996322
""
""
""
""
0.58294255
""
0.63243574
0.54008842
0.58832139
0.58410376
""
""
0.42141473
0.44779751
0.48047271
""
""
0.66251832
0.48631629
""
""
0.59076697
0.56846863
0.51533383
0.47513324
0.55524725
0.55076122
0.58573157
0.68469375
0.49917442
0.42654079
""
""
""
0.51949489
0.55636346
0.65161359
0.63967472
0.46644938
0.44477201
0.47460514
0.46984047
0.60915828
0.603926
0.52149951
0.44098392
0.59796387
0.50641686
0.52486801
0.60888076
0.64801455
0.58910608
0.60101748
0.63221896
0.60507959
""
""
0.58928162
""
0.48479369
0.55939966
0.62590849
0.59435081
0.63237441
0.61250228
0.5561049
0.59604418
0.61709219
0.63839859
0.56941408
0.53814077
0.55519015
""
0.5121665
""
0.48944992
0.62237704
0.55767572
0.48231307
0.59079707
0.43436679
0.5225336
0.51885605
0.58715683
0.54314506
0.47430918
0.55963498
0.56714576
0.61342442
0.59059966
0.54845512
0.53077638
0.58127564
0.56100327
0.54813635
0.55697495
0.55922449
0.49082839
0.54446465
0.49914062
0.4872945
0.47064117
0.52645648
0.57377195
""
0.60690266
0.61487597
0.57927698
0.60380715
0.57471663
0.56079233
0.46256784
0.54653519
0.55664337
0.58104604
0.52933145
0.53093934
0.59034276
0.47295982
0.56385332
0.48789904
0.52194297
0.55738044
0.5910638
0.45874694
0.45341703
0.56670743
0.57028395
0.46621072
0.48031354
0.43711337
""
0.46010533
0.44451886
0.48094347
0.58099163
0.48872632
0.53591436
0.53995889
0.49688053
0.52251822
0.52088523
0.52372783
0.54536647
0.5592528
0.50858212
0.53283864
0.52375519
0.58018577
0.48935401
0.5414108
0.52803344
0.59603155
0.65604299
0.61170685
0.5616101
0.52367699
0.62529892
0.6579085
0.63962889
0.63507569
0.60092568
0.56982744
0.56759816
0.60121489
0.54540837
0.57253182
0.5166164
0.60995358
0.62850332
0.59950054
0.66628951
0.64734674
0.57363433
0.60470051
0.49834004
0.59905964
0.49766386
0.65836626
0.61493337
0.59253728
0.51577568
0.55746722
0.59686685
0.53220826
0.54923332
0.52437359
0.56247884
0.56197739
0.60002083
0.55411524
0.64675778
0.56981361
0.48807165
0.48479962
0.54447907
0.51233131
""
0.57084608
""
0.67040741
""
0.57605666
0.50974882
0.52902436
0.56511801
0.53948271
0.54232979
0.49963179
0.49410036
0.37516201
""
0.56515795
0.51633191
0.54030091
0.58200723
0.52803725
0.47747016
0.52823585
0.55011922
0.5328868
0.49973154
0.50215864
0.62927008
0.5111506
0.51633459
0.59811389
0.55231053
0.53587294
0.49166751
0.49776691
0.5472644
""
0.51289731
0.60335177
0.57467473
0.54088974
0.61907661
0.59394318
0.57183939
0.55949765
0.53679168
0.55373222
0.53566742
0.55382276
0.4800519
0.56528217
0.65245277
0.59347868
0.44151831
0.54273593
0.52770883
0.55314964
0.57474834
0.53038144
0.58422029
0.52321196
0.54205424
""
0.45652917
0.62752485
0.47251442
""
""
""
0.51744455
0.36844975
0.56130445
0.56226748
0.59344471
0.5342986
0.57059199
0.56469244
0.59550905
0.5607543
0.68400621
0.59677809
0.61859691
0.60278106
0.45033228
0.41587937
0.44560578
0.59454662
0.56405103
0.48060471
0.5247016
0.55238736
0.52371293
0.48966247
0.51332974
0.47131199
0.49932769
0.52535492
0.50369507
0.49566841
0.50026947
0.52096659
0.48855928
0.49727279
0.61815703
0.64376277
0.59652406
0.69686216
0.65288246
""
0.57754499
0.46902794
0.3875609
0.50316548
0.52936935
0.47517475
0.45876217
0.52986068
0.44923517
0.53410208
""
""
""
0.63694167
0.64210755
0.65336162
0.61754829
0.65485394
0.65659052
0.57783127
0.62418705
0.50348389
0.43411437
0.54942095
0.58146429
0.54258519
0.58310342
0.4682585
0.43493262
0.56100076
0.5439083
0.60220271
0.56133574
0.60398257
0.57513368
0.63555175
0.56928879
0.635665
0.6160816
0.6267947
0.61585802
0.63709468
0.62273324
0.58305556
0.49481913
0.52537072
0.56995857
0.62189531
0.62428862
0.63904893
0.59390032
0.61220497
0.60941315
0.64660585
0.59645885
0.59970427
0.61571634
0.64611679
0.64416558
0.624134
0.59159744
0.57307762
0.66296315
0.65495485
0.65037316
0.68902564
0.68076247
""
""
0.60435796
""
""
0.63600779
""
""
0.55891252
0.67397046
0.56946814
0.63916391
0.5779323
0.64116347
0.6212039
0.6738646
0.62993485
0.62182432
0.57803416
0.60963434
0.62187886
0.65934837
0.61362678
0.62075239
0.58351785
0.60632485
0.63529354
0.60970557
""
0.5282191
0.60510403
0.65069878
0.61931658
0.56343955
0.59580898
0.62248105
""
0.60749489
0.62495732
0.67949617
0.62994969
0.68385881
0.63618666
0.631464
0.62922531
0.66507965
0.51686525
""
0.56082273
0.65262043
0.60457945
0.60410321
0.59719974
0.49472764
0.58736271
0.57379895
0.57168198
0.59022599
""
""
0.55978423
0.5752244
0.60441971
0.56005996
0.57274711
0.57084167
0.66475463
0.64061069
0.66776699
0.55804485
0.75756609
0.5720821
0.55703324
0.56929404
0.60780454
0.60003799
0.67654091
0.5080303
0.62392694
0.64403385
0.62784952
0.60038584
0.58367205
0.61720157
""
0.63658583
0.65838999
""
""
""
""
0.55646706
0.52177179
0.54996264
""
""
0.58053666
0.57340258
""
0.65467519
0.69790792
0.66659224
""
0.62167549
0.59336734
""
""
""
""
""
""
""
""
""
""
""
""
""
""
""
""
""
0.5159387
""
0.59867328
0.60779691
0.5462206
0.6033724
0.5150215
0.52359569
0.518116
0.53842258
0.53747404
0.60712034
0.61342496
0.46317774
0.62989831
0.54279453
""
""
""
0.51995587
0.56268239
0.51899129
0.51515144
0.63784295
0.53284872
0.46026176
0.59483123
0.55753314
0.55629283
0.55824661
0.62388361
0.64038748
0.61244994
0.56653613
0.54024374
0.58874583
0.57453376
0.46686834
0.56416738
0.53586483
0.53399378
0.59763408
0.6194098
0.47732577
0.56198722
""
0.60463548
0.56010771
0.49047497
0.5900048
0.56012517
0.60316861
0.58713996
0.57446992
""
0.53203601
0.61181259
0.55740285
0.50522631
""
""
""
""
""
""
0.58771849
0.47081217
0.55123639
0.56959057
0.55228913
0.58002049
0.69121766
0.44047427
0.49554172
0.58681852
0.55496466
0.6196838
0.59325141
""
""
""
""
0.59325325
0.60437334
0.64249778
0.55869341
0.55488998
0.5121749
0.46894068
0.54986233
0.60994673
0.62070829
0.6395613
""
0.50859553
0.53882939
""
""
""
0.54920137
0.5404442
0.64563131
0.66632903
0.62586451
0.63083565
0.52579612
0.5520739
0.58870119
""
""
0.46249172
0.5491758
""
0.47717953
0.55293655
0.66633558
0.56390756
""
0.60482061
""
""
0.63905191
0.64919841
0.47249639
0.58768988
0.57416123
0.52932167
0.52682811
0.53707933
0.57446998
0.65128785
0.62493837
0.57195914
0.62661147
0.50198448
0.58993924
0.56532598
0.53114086
0.48503178
0.49695539
""
0.48983771
""
0.40605643
0.54256362
0.53304732
0.60672134
0.54791319
0.58520377
0.61950183
0.57177109
0.54486221
""
0.61042434
0.51249802
0.61224622
""
0.54036528
0.5785051
0.63792557
0.59151715
0.57843232
0.55825233
""
0.50722367
0.54717559
""
0.51846921
0.5690152
0.62082916
0.61817062
""
0.4822256
0.58502239
""
0.52960634
0.50598264
0.56326473
0.53417027
0.61395758
0.60032964
0.56463259
0.58951032
0.56705642
0.49768633
0.49528405
0.45307022
0.49247482
0.49684078
0.54421014
0.58254063
0.62277907
0.61025244
0.62690729
0.53163022
0.57011795
0.64442515
0.58407897
0.60242784
0.55551803
0.585051
0.4042187
""
0.60992789
0.4495874
0.56152344
0.55668437
0.5301649
0.57081884
0.56341869
0.56948555
0.49600053
0.58317792
0.54739308
0.55321139
0.56202984
0.54876846
0.52475852
0.50903624
0.53819877
0.57791477
0.49030045
0.59289986
0.5364604
0.59659278
0.61601895
0.58941042
0.54465365
0.58425409
0.57671058
0.65851247
0.56621504
""
0.55842668
""
""
0.55241567
""
0.49421772
0.54309416
""
0.61303169
0.4729321
0.52369487
0.57941884
0.55649668
0.5609923
0.5480181
0.5937928
0.50471556
0.48191878
0.54671407
0.59303701
0.5314405
0.46644694
0.46167225
0.59700668
0.55419987
0.54633868
0.58916122
0.50504351
0.52793258
0.52944583
0.53928995
0.54771
0.48930153
0.54597545
0.59842104
0.6067422
0.57869524
0.53106177
0.44542569
0.49612555
0.44213608
0.48463756
0.49712729
0.53759801
0.42797482
0.50779229
0.53677541
0.50903136
0.59139979
0.66656768
0.59923041
0.59707618
0.65508485
0.55513197
0.59418422
0.62465602
0.65206379
0.62125516
0.64018375
0.63350064
0.61607283
0.63071805
0.5358243
0.59129363
0.47301072
0.44805551
0.43406931
0.52778071
0.58053315
0.54381591
0.54329002
0.62186557
0.51514035
0.58139843
0.5692333
0.58356827
0.64231229
0.60814559
0.56325322
0.47179142
0.57707357
0.50792718
0.51519883
0.52144015
0.5451836
0.57792276
0.5610792
0.59016091
0.56885433
0.52612215
0.61189628
0.55317497
0.6291461
0.54748446
0.60058826
0.58307743
0.54329562
0.6045416
0.56667542
0.57805634
0.62163097
0.59244609
0.60188884
0.59514546
0.56318426
0.50647676
0.49757132
0.47759509
0.47818187
0.55085033
0.47028765
0.54320657
0.47460675
0.46189061
0.61575097
0.57722825
0.57308233
0.68220752
0.68347633
0.60043293
0.61621082
0.62228203
0.61994714
0.57115549
0.59600687
0.61978281
0.45351943
0.50797832
0.48365247
0.45271403
0.50163358
0.53202879
0.48308796
0.57762724
0.52665728
0.39682373
0.51815766
0.54977691
0.55917293
0.61017382
0.53317535
0.54988521
0.51407421
0.59498292
0.62228107
0.50932568
0.51628768
0.52206933
0.4243077
0.5117116
0.53037423
0.53843206
0.51420009
0.45782769
0.43994886
0.51756096
0.46681136
0.52460796
0.57522827
0.52501786
0.4777194
0.60916865
0.61915386
0.57340223
0.64408207
0.53619325
0.5348624
0.60954136
0.57093626
0.52573591
0.5536359
0.55531752
0.42721465
0.49387786
0.60271478
0.51270545
0.56014037
0.43148842
0.51334423
0.40846512
0.4916549
0.47499725
0.51322693
0.47480583
0.46061996
0.54175353
0.49104452
0.50578344
0.56293386
0.43277767
0.44997656
0.48284629
0.55074835
0.48903516
0.48545358
0.53657067
0.48945075
0.52283913
0.47386068
0.51496118
0.48010492
0.52406937
0.57562721
0.51936322
0.50312167
0.5614261
0.50130343
0.49515769
0.55229115
0.56921464
0.50712788
0.56758082
0.55700731
0.49582201
0.49294034
0.5149045
0.45911655
0.5672462
0.53201246
0.54548204
0.42637542
0.51706779
0.56376058
0.52766514
0.47853601
0.57401937
0.5991599
0.39798775
0.58329058
0.47400272
0.53531665
0.53028935
0.49290183
0.48032328
0.44566748
0.49184951
0.42267501
0.53442144
0.51199269
0.54323465
0.50568104
0.45772263
0.67973596
0.46525928
0.53846401
""
0.5356524
0.38999364
0.395832
0.45677853
0.46572924
0.48313788
""
""
0.52584583
0.34479442
0.49459285
""
0.38281488
0.45040226
0.47447872
0.36105224
""
""
0.42141023
""
""
""
""
""
""
0.39215457
""
""
""
""
0.48936194
""
0.47502702
0.36655974
""
0.50173658
0.44480875
0.38639969
0.42591956
""
""
0.53243935
0.58885777
0.48939005
0.55882239
0.42962149
0.56711853
0.49341124
0.58723086
0.51357067
""
""
0.41539055
""
""
0.65697753
0.65779978
0.56780398
0.58784401
0.53695774
0.53500336
0.48869625
0.63371938
0.59437352
0.62502676
0.54346472
0.67558622
0.61452729
0.60063791
0.61280227
0.66282386
0.62372291
0.59658337
0.59053636
0.59572124
0.60427296
0.64454621
0.6152845
0.61220068
0.61988789
0.6186952
0.4618763
0.65161794
0.48908067
""
0.60713136
0.42638299
0.49519536
0.61862767
""
0.43831578
0.64534134
0.63196701
0.61794549
0.60479003
0.656703
0.60873652
0.59301829
0.59374446
0.57071006
0.62169206
0.63088179
0.573771
0.61848581
0.62384212
0.64318275
0.60482574
0.63977188
0.67160726
0.53227299
0.58537549
0.56064963
0.599819
0.57599765
0.67261082
0.56826693
0.63499379
0.61505395
0.64005017
0.54800361
0.62080061
0.62814695
0.6336965
0.6698404
0.65418428
0.56038505
0.56709546
0.57180411
0.56316251
0.56532389
0.51235718
0.58898336
0.58081686
0.56038564
0.53864115
0.5640682
0.5842644
0.62223583
0.59020996
0.53694767
0.48960334
0.56802511
0.52164739
0.52599925
0.48370299
0.52834398
0.5718922
0.5498206
0.51419038
0.51698691
0.51904166
""
0.50385165
0.52648854
0.52429616
0.4152399
0.52623516
0.52227694
0.51559556
0.50677675
0.4843367
0.56619328
0.59501415
0.54455841
0.56159431
0.53973472
0.5327158
0.54409307
0.52795923
0.50023466
0.53238285
0.59327108
0.53137559
0.57375818
0.58137137
0.56786615
0.61309737
0.62292528
0.56606561
0.59597087
0.65214461
0.59847707
""
0.50137508
0.54086298
0.5776577
0.57638752
0.64593804
0.55459774
0.5846101
0.58401775
0.52342653
0.55699617
0.57579541
0.41684806
0.50898945
0.56807828
0.53663981
0.54680359
0.61915457
0.56831616
0.61749494
0.58974546
0.60302192
0.5473879
""
0.50190407
0.55992198
0.61491054
0.58842373
0.62346387
0.61926997
0.63102329
0.57002068
0.55434692
0.54755503
0.55409962
0.57409203
0.57781059
0.62516898
0.60187966
0.61433876
0.62472045
0.53478062
0.53300351
0.49442393
0.44743589
0.54156536
0.53482193
0.55731964
0.59286165
0.49690124
0.4982312
0.55189633
0.57022524
0.55645847
0.58314049
0.55185097
0.53653538
0.47461829
0.49032757
0.53452033
0.53160518
0.5554471
0.47116864
0.54417557
0.48915055
0.56620437
0.54611158
0.54883033
0.57323611
0.44831318
0.53722346
0.54218465
0.48586303
0.53385401
0.51599044
0.51400834
0.51171321
0.52076006
0.6048829
0.58119529
0.55304718
0.58789235
0.60843736
0.59701043
0.58650416
0.57757729
0.6109696
0.61921364
0.58752185
0.59343636
0.59256321
0.59857374
0.59388649
0.50339484
0.55395746
0.56936121
0.64857751
0.59940612
0.54967165
0.60075527
0.54405934
0.58720535
0.60062492
0.60101968
0.52131027
0.59439301
0.54797351
0.59319681
0.60760671
0.62505233
0.59077102
0.58466959
0.55753475
0.57701838
0.62166506
0.53245765
0.55956018
0.60006988
0.59680808
0.58822972
0.53022945
0.55812246
0.56720799
0.59813684
0.54624963
0.62330657
0.60023892
0.56386262
0.58223939
0.5347904
0.48330265
0.52981883
0.51119894
0.47624961
0.5325886
0.50056481
0.55079287
0.48573643
0.51724213
0.49063337
""
0.52818835
0.60839391
0.60099816
0.64397609
0.6713931
0.55535722
0.5665468
0.54721284
0.581532
0.63665229
0.51550901
0.51051885
0.45577785
0.47328222
0.54382712
0.53894973
0.58453918
0.55183905
0.55447876
0.59520477
0.60463953
0.5407899
0.56220031
0.58213663
0.60239863
0.57273513
0.55572319
0.6046651
0.54198861
""
0.59737068
0.61830211
0.63401258
0.61317378
0.44761047
0.61072052
0.58201844
0.64398515
0.62980402
0.58404851
0.56040865
0.52555305
""
0.60985976
0.59387445
0.59383088
0.5854243
0.61625481
0.59660691
0.50582826
0.63892192
0.69342095
0.54117972
0.60094017
0.56029809
0.58330822
0.60671061
0.57587165
0.58971077
0.59736305
0.62617946
0.6405198
0.65820944
0.63069713
0.51850533
0.52448696
0.52174103
0.59519315
0.57111549
0.5975824
0.56365848
0.5730505
0.65958303
0.51523733
""
0.66489828
0.65238261
0.61611646
0.6238215
0.63023794
0.56135589
0.52883184
0.55212313
0.54321963
0.55780131
0.5716598
0.59053493
0.56857681
0.5538618
0.60585994
0.5482223
0.59719718
0.55224639
0.53913122
0.57324344
0.53443837
0.59468943
0.5685854
0.62103659
0.63342625
0.54762155
0.55563766
0.57806706
0.56665909
0.49704185
0.57250494
0.51719445
0.5089249
0.50247657
0.51543242
0.54542118
0.53340191
0.51530224
0.51167274
0.48839039
0.57202983
0.61159205
0.50348574
0.55559987
0.64163083
""
0.50715357
""
""
0.59809202
0.59564823
0.58481461
0.65132427
0.67525804
0.61128742
0.59651476
0.60245919
0.62110955
0.53637582
0.61313099
0.57185805
0.62369299
0.57802224
0.58117688
0.57947809
0.62556255
0.49791959
0.59292465
0.55146694
0.63818276
0.603118
0.5841372
0.54127669
0.63939875
0.61700612
0.63193166
0.65290695
0.6327489
0.63005745
0.64207745
0.63904327
0.65004104
0.51557696
0.61541229
0.60115474
0.63987184
0.56283653
0.68707985
0.49209091
0.62016416
0.59885985
0.64590353
0.51017106
0.61446011
0.59828115
0.60617435
0.59489185
0.55518514
0.62597769
0.63796693
0.56160915
0.61590862
0.56198889
0.63397408
0.65954512
0.66725022
0.65258741
0.64508629
0.51572973
""
0.57003462
0.55049759
0.60823631
0.53036863
0.57033473
0.62325722
0.65331703
0.54419255
0.60567826
0.45877451
0.66811377
0.60760641
0.56318647
0.59548825
0.63699043
0.48019609
0.59340906
""
""
""
""
""
0.48813558
""
""
""
0.53456581
0.50563467
""
0.48423439
""
0.44576803
0.4078387
0.48596656
0.4718622
0.42141229
0.55700696
0.45307937
0.5012325
0.52710605
0.46316403
0.48097321
0.45680502
0.43224686
0.53939295
0.49116582
0.50343108
0.49077958
0.46516529
0.46506822
0.54359579
0.51509774
0.52175468
0.54586345
0.53233325
0.52571255
0.53702909
0.57040155
0.53545827
0.53463227
0.54624438
0.57240397
0.49859306
0.53409106
0.53484243
0.48669949
0.52253163
0.54107893
""
""
""
""
""
""
""
""
""
""
""
""
""
0.68201423
0.58590978
0.5949688
0.58825439
0.58280295
0.56050295
0.53607762
0.53883564
0.59361959
0.60356194
""
0.56655765
""
0.57905388
0.57127482
0.60847557
0.57246637
0.54122716
""
0.59566188
0.57494611
0.47509247
0.54098547
0.53727889
0.58046573
0.37511766
0.37386334
""
""
0.45614293
0.38683179
0.53258133
0.41390958
0.44798675
0.54388916
0.56637526
0.50409913
0.50517154
0.48392615
0.56106967
0.45359802
0.43415442
0.50381684
""
0.41440845
0.45644799
""
0.49430579
0.52030075
0.54720706
0.55081958
0.48347458
0.49557307
0.4217816
0.4902598
0.53741813
0.43700197
0.43307191
0.43738127
0.499266
0.53987348
0.6036396
0.51530868
0.49848211
0.49920905
0.49392396
0.57473463
0.48381716
0.51867718
0.51491028
0.51963174
0.5464794
0.48051229
0.51207906
0.47221947
0.53029865
0.47297889
0.543926
0.53075981
0.39181256
0.40311298
0.53715569
0.51397413
0.42317426
0.24815792
0.46755719
""
0.61131442
""
0.54571515
0.55483311
0.49463832
0.58477908
0.6081863
0.60023832
0.52280086
0.64912218
0.60436201
0.56814212
0.45702717
0.45568961
0.51192194
0.49924982
0.57856721
0.50786752
0.52018785
0.58373404
0.55904835
0.5801397
0.58453286
0.59180784
0.56469667
0.50885248
0.58046407
0.60689628
0.59402347
0.55311376
0.62889278
0.59109676
0.47940874
0.52754283
0.52159917
0.57169175
0.66442287
0.56795269
0.58720791
0.51864892
0.52757406
0.51772141
0.5617612
0.5334987
0.49336275
0.51502961
0.48149145
0.55030245
0.56474006
0.52885163
0.59772229
0.54275566
0.52453434
0.37254849
0.41477227
0.40731296
0.50149089
0.60363084
0.55091703
0.42802805
0.55392897
0.45765215
0.58962876
0.45378494
0.54343313
0.5282746
0.50694293
0.58814335
0.51989174
0.52526486
""
0.52035767
0.53648573
0.51797694
0.58951634
""
0.68316674
""
0.52082711
0.44822341
0.49659503
0.52806741
0.53009248
0.47600988
0.56163651
0.6027264
0.56194866
0.52907217
0.52848238
0.59603584
0.52266425
0.47588193
0.58768338
0.51976961
0.46005246
0.55104041
0.63285899
0.57635307
0.58279872
0.61631715
0.60765606
0.47860694
0.47204727
0.44980314
0.49648473
0.49304813
0.49805185
0.45584252
0.49648586
0.4401949
0.522434
0.52608925
0.5379504
0.64218247
0.59203988
0.52635723
0.57197148
0.59221739
0.54409707
0.6148572
0.5472104
0.58970916
0.55459011
0.47130227
0.55049318
0.50901198
0.6136533
0.61101043
0.55713576
0.53677189
0.55723554
0.54978281
0.62214988
0.60328257
0.59235412
0.62317908
0.68245631
0.60877907
0.64560258
0.55734646
0.55223989
0.58461249
0.54954731
0.57693452
0.54038411
0.56807035
0.6310032
0.51597983
0.608136
0.560938
0.55828917
0.60715008
0.54844201
0.6388123
0.68735516
0.60971087
0.60798055
0.60565025
0.59468299
0.59762692
0.5787167
0.47093591
0.51205605
0.41056237
0.5271827
0.60024834
""
""
""
""
""
0.55575383
0.4885585
0.5754981
0.63872337
0.50133359
""
0.53733975
""
0.51641792
""
0.52182788
0.60898226
0.50745434
0.51888883
0.45864713
0.46455261
0.4731648
0.52770263
0.4452793
0.50242281
0.4937
0.48426196
0.57273841
0.48766139
0.46530551
""
0.42381141
0.60329461
0.58679259
0.65126091
0.38235626
0.55787075
""
""
0.60671282
0.44017082
0.5468635
0.5572871
0.52889633
0.55620962
0.55027723
0.52926683
0.57311291
0.54670125
0.57553613
0.48959234
0.49626547
0.52044946
""
0.41115841
0.48281866
0.49152577
""
""
""
0.54624921
0.56541598
""
""
""
""
""
0.42102847
0.51829118
""
0.42821178
""
""
""
0.49063763
0.53847158
""
""
""
0.58332109
0.60001224
""
""
0.58172631
0.51961035
0.60519463
0.60199118
""
""
""
0.51307911
0.56482995
0.53478646
0.5699147
0.52671325
0.56356591
0.57744336
0.54916716
0.53871894
0.52372766
0.60841417
0.55043429
0.49901271
0.56002998
0.51552111
0.53355342
0.51195443
0.51102775
0.56352389
0.52026701
0.55099124
0.57722747
0.5429073
0.62154883
0.44537649
0.56685114
0.55927181
0.50928879
0.55347115
0.45610189
0.51307666
0.50591391
0.53537011
0.49993393
0.57894039
0.54772842
0.58300543
0.50098097
0.53996778
0.52532196
0.55222321
0.55976272
0.4897331
0.48628008
0.46275622
0.43672022
0.63857651
0.5085032
0.41913795
0.56274992
0.56297141
0.5613901
0.57955939
0.55402213
0.60594839
0.55982536
0.63204604
0.56601703
0.53635049
0.57409286
0.62090093
0.45455605
0.59573692
0.55937856
0.59795636
0.51349092
0.62813169
0.51775098
0.59638256
0.59264588
""
0.61498392
0.52098054
0.47205126
0.59931028
0.57931191
0.50712788
0.49119103
0.66911888
0.58605379
0.59881556
0.47423771
""
""
""
""
0.57430601
""
""
""
""
0.53086656
0.57029039
0.54251003
0.54183501
0.47750968
0.5956223
0.56795275
0.58256841
0.53363872
0.56962937
0.61552292
0.54048461
0.58310783
0.54972398
0.55226481
0.53231311
0.60094005
0.61172205
0.52900559
0.54527521
0.50692242
0.54914516
0.49521053
0.5102911
0.47007504
0.5033825
0.51031178
0.50908351
0.50284517
0.52803254
0.54643124
0.51467067
0.54501337
0.48081353
0.58321983
0.55262303
0.52597886
0.55329037
0.5566963
0.53447443
0.56661481
0.5506829
0.53411776
0.5048489
0.67228746
0.48461169
0.56540781
0.62173611
0.59899372
0.586658
0.58727896
0.61196393
0.53120744
0.54507142
0.55365008
0.53033799
0.50877804
0.49776119
0.53116792
0.52709711
0.53274214
0.52869505
0.54867792
0.50673044
0.56285095
0.52245533
0.6748718
0.59461451
0.55375618
0.52921659
0.54848546
0.5020864
0.50941485
0.57214707
0.5239175
0.55907363
0.53112161
0.50693887
0.53332096
0.50573719
0.52408731
0.47086
0.52807409
0.56683576
0.59247977
0.60047138
0.49452847
0.53317755
0.57729232
0.61199456
0.49772766
0.45840013
0.49181995
0.53155285
0.53764081
0.58915269
0.5632199
0.51942909
0.54980516
0.64047229
0.54704618
0.52896863
0.55263335
0.53658646
0.52132219
0.49677068
0.43214417
0.49871451
0.54926056
0.52356517
0.51684141
0.50155729
0.55817693
0.49787781
0.51340145
0.54351193
0.54248077
0.57353479
0.59637862
0.60062069
0.60162497
0.62795794
0.60916722
0.55124277
0.54954886
0.56701893
0.53486651
0.53207088
0.49650529
0.61730623
0.49871933
0.55074471
0.49782446
0.54401571
0.48325935
0.50789404
0.51879191
0.48052132
0.48727825
0.36748207
0.50740874
0.57768607
0.51186037
0.44774786
0.55680829
0.44772193
0.48330101
0.50279444
0.5060088
0.51746649
0.56225049
0.50562268
0.54473031
0.5071395
0.51048476
0.47265568
0.46056727
0.56541628
0.51393217
0.46836579
0.54135948
0.56881565
0.57727599
0.5869928
""
""
0.53798157
0.55382299
0.52638692
0.47497651
0.56042016
0.54334062
0.61319512
0.54509044
0.5729053
0.3681466
0.37698421
""
0.61670667
0.50830156
0.52989626
0.55021346
0.47943661
0.55663884
0.48400041
0.60952151
0.60438699
0.5099991
0.54859358
""
0.51170969
0.57997525
0.48096299
0.53985071
0.58799535
0.46194422
0.51809639
0.48410457
0.54272491
0.56677675
0.52574152
0.51794827
0.56647503
0.55025303
0.48867217
0.58023506
0.54627502
0.57771426
0.5579167
0.62575054
0.5388782
0.60896832
0.43705374
0.48977026
0.62444866
0.49474534
0.58541852
0.63242573
0.57497495
0.58021182
0.47697484
0.48980615
0.54290438
0.52216297
0.55288321
0.45898747
0.47146469
0.43381634
0.50218457
0.47994778
0.41147828
0.37854588
0.45213675
0.42973796
0.49733809
0.51476705
0.54763544
0.49401873
0.39835092
0.51329768
0.54720998
0.53076291
0.4702397
0.49919426
0.51818871
0.51890564
0.54509902
0.54280788
0.55056399
0.53447592
0.5723092
0.45603517
0.49606696
0.52067959
0.49604979
0.41727886
0.48070171
0.43492863
0.55306792
0.52696353
0.51051724
0.45265099
0.54116082
0.5791083
0.4742927
0.50387621
0.4475261
0.52440673
0.4894743
0.53733701
0.52057248
0.48131734
0.58161813
0.45905069
0.57706368
0.50103396
0.48049015
0.53131205
0.50549692
0.6032725
0.46390596
0.54264486
0.56353146
0.48035604
0.46923622
0.47090301
0.47871616
0.50049371
0.46728829
0.52238607
0.4672761
0.55678827
""
0.55665624
0.55290455
0.49675709
""
0.49678087
0.36554998
0.3855755
""
0.44293028
0.64805758
0.53350788
0.51073223
0.50284827
0.50443983
0.60438573
0.43878439
0.49321261
0.5578711
0.54443669
0.56302619
0.55462492
0.52692151
0.56759065
0.54243273
0.53117967
0.52294433
0.50185364
0.51211715
0.54559177
0.53320014
0.61089152
0.48577791
0.52024591
0.51371616
0.48185173
0.47676423
0.50906378
0.46342394
0.52489662
0.5319494
0.54321486
0.49668556
0.50342613
0.52023262
0.53906566
0.59939027
0.54347616
0.59494686
0.59701699
0.54648131
0.57719618
0.51956564
0.482831
0.5073474
0.44698209
0.49866378
0.46432665
0.53568077
0.54162657
0.5877158
0.5645389
0.49582264
0.50976241
0.54893821
0.48988587
0.49969214
0.48240978
0.50924349
0.4323827
0.47885603
0.53728586
0.47940713
0.52494776
0.54476184
0.51057971
0.51326734
0.47522476
0.45803306
0.43355933
0.50385916
0.49464139
0.45851287
0.49087527
""
0.60379708
0.58685768
0.54997718
0.53435147
0.60865468
0.56691974
""
0.55685097
0.55917233
0.48910701
0.59875435
0.57885033
0.50047624
0.55194026
0.45210144
0.55567598
0.51493841
0.51193231
0.55865282
0.51209629
0.50268495
0.57602102
0.5311237
0.47948632
0.45901686
0.48663491
0.55581808
0.46295556
0.47073609
0.53160614
0.53400141
0.55718714
0.57105315
0.60358357
0.55307704
0.44308656
0.53116614
0.48108652
0.5821085
0.55935156
0.52881044
0.49223307
0.44683406
0.46305218
""
0.48231459
0.54463327
0.53961056
0.42690009
0.48345259
0.43281442
0.50782061
0.45019692
0.50218481
0.53382266
0.51615185
0.50136745
0.48502511
0.55056262
0.52930886
0.50967342
0.50898063
0.55142081
0.53988338
0.50848901
0.5398246
0.55446416
0.49568132
0.45984736
0.58846003
0.55298102
0.49288625
0.50867575
0.51984525
0.51410365
0.53276598
""
""
""
""
0.51260459
0.49185073
0.63339472
0.48842013
0.49704769
0.47918096
0.50139773
0.50800329
0.54520959
0.60663879
0.57002759
0.62844568
0.61737204
0.58172601
0.59027636
0.43425503
0.46801823
0.51720595
0.52899593
0.4856737
0.41884792
0.36966419
0.46444073
""
0.43541738
0.51600009
0.52348083
""
0.55759668
0.47529641
0.50517017
0.59506196
0.58735216
0.56701827
0.51643246
0.52521122
0.50271708
0.51362216
0.53286082
0.51888484
0.48986155
0.43417773
0.49482727
0.55243874
0.52577633
0.62270677
0.55101687
0.65321505
0.59582782
0.5436722
0.51774573
0.57172912
0.57657623
0.5150097
0.51479357
0.4735567
0.5043267
0.49392071
0.45291767
0.51508224
0.51157647
0.58471018
0.46429753
0.52622956
0.53452945
0.44177198
0.57872546
0.53470272
0.4947874
0.59249276
0.59950328
0.66463017
0.65611726
0.61162239
0.65907097
0.6069926
0.61790591
0.55528212
0.5592016
0.5454542
0.60301185
0.53819317
0.53922778
0.56017393
""
0.52978456
0.46955851
0.44535121
0.62020636
0.49993086
0.51213419
0.51275873
0.50843072
0.49928567
0.49018428
0.49292395
0.48529691
0.51336849
0.48510408
0.49937522
0.55497247
0.49512884
0.6124056
0.58422488
0.59601158
0.54030639
0.53673267
0.50823951
0.5366047
0.5093807
0.46436468
0.52185017
0.57351625
0.49959493
0.5078373
0.54007703
0.53369015
0.49737257
0.55716056
0.490325
0.50245702
0.46842098
0.47958031
0.4734391
0.4654265
0.40187797
0.45796585
0.3757953
0.37057096
0.38705352
0.44908291
0.50781041
0.55750573
0.50717497
0.47028705
0.48455593
0.57103741
0.59853613
0.55298716
0.55102319
0.47432435
0.58439463
0.59203273
0.51391757
0.55152124
0.59574425
0.5497095
0.56377852
0.56509042
0.49557859
0.5349018
0.52948636
0.55638903
0.54179716
0.49046907
0.57252729
0.49778003
0.52827644
0.53412253
0.48718655
0.47534797
0.46398079
0.50051963
0.52457011
0.54594368
0.53030974
0.59143859
0.58033061
0.54033023
0.59018713
0.60410768
0.55755109
0.47768554
0.51705116
0.49687532
0.5273602
0.568443
0.53154558
0.5568468
0.53608131
0.57613248
0.54770607
0.56559229
0.56375253
0.51696813
0.52348936
0.50689399
0.52086246
0.52512282
0.57703722
0.55980259
0.58098042
0.50347418
0.54407364
0.54968876
0.50110781
0.55886233
0.57795841
0.53386301
0.45402312
0.50579131
0.52573138
0.50798529
0.47013995
0.49928686
0.45881993
0.55759311
0.51781553
0.48141113
0.48762432
0.51313531
0.50604892
0.5181855
0.55135322
0.52708137
0.48152447
0.5064317
0.61848396
0.52573693
0.59887815
0.54249966
0.50157386
0.52995509
0.50277776
0.53042138
0.42345136
0.5062592
0.53839362
0.47621343
0.48270383
0.48984808
0.49180192
0.60962641
0.62904435
0.64923817
0.3151271
""
""
""
""
""
0.40484333
0.59499359
""
""
""
""
""
""
""
""
""
""
""
""
""
""
""
""
0.53424031
0.38823208
""
0.534778
""
""
0.62142336
0.55684161
0.51084542
0.64725667
""
0.6649754
0.60725868
0.57871175
0.57914466
0.57903963
0.59958684
0.58728433
0.62481618
0.62111002
0.52886587
0.60571915
0.51969218
0.37265086
""
0.59570897
""
""
""
""
""
""
""
""
0.54895777
""
""
""
""
""
""
""
0.60128802
0.42122227
0.55481952
0.54462898
""
""
""
""
""
""
""
""
""
0.50757182
0.66556197
0.56907928
0.4630256
0.57790577
""
""
""
""
""
""
""
""
""
""
""
""
""
""
""
0.44486815
0.58076125
""
""
""
""
""
0.50784707
0.55301654
0.6244362
0.48883867
0.52942014
0.54487062
0.57992977
0.63361984
0.59912038
0.54525161
0.51404226
0.51745611
0.55247748
0.56950229
0.57816315
0.5080868
0.59432513
0.50544679
0.519876
0.44620305
0.55224675
""
""
""
""
0.58266103
0.43729997
""
0.52121305
0.53828436
0.58279616
0.54969138
0.51484543
0.58788663
0.66249973
0.49533609
0.64857781
""
""
""
""
""
0.6189099
0.67736328
0.61791366
0.63031203
0.59761721
0.52639592
0.53607744
0.62020922
0.53638238
0.57147747
0.60742503
0.64677668
0.56265444
0.66394889
0.67137456
0.50395668
0.55347478
0.58639562
0.52961528
0.60771197
0.66159105
0.68126237
0.66798812
0.63512522
0.5203644
0.57839131
0.6523298
0.60061258
0.54505605
0.55470055
0.5927527
0.65751421
0.56176287
0.60681844
0.53578603
0.52281994
0.53017145
0.51843154
0.50414813
0.65665519
0.65826851
0.5726521
0.60091472
0.47538918
0.5728026
0.58329582
0.57957369
0.58440131
0.56382352
0.61324286
0.55693227
0.5329895
0.60064846
0.5149942
0.66445231
0.58861393
0.55902714
0.62602925
0.49010396
0.58270556
0.56320369
0.47857806
0.50707126
0.57776541
0.56658494
0.60972863
0.63507354
0.61495149
0.51157469
0.49189776
0.56041628
0.66744614
0.5781756
0.56517088
0.54230767
0.61148947
0.62399364
0.58309585
0.65454984
0.56788027
0.59120452
0.58997339
0.61529219
0.54784769
0.53120953
0.59113008
0.57822913
0.49888504
0.59256846
0.45823538
0.5922727
0.52868611
0.51501524
0.65046102
0.68209356
0.51626176
0.56420159
0.700068
0.53617162
0.5587005
0.5842883
0.58814687
0.48701331
0.57287449
0.52826947
0.52821851
""
0.61265844
0.59827077
0.53589708
0.61266834
0.60357004
0.57951003
0.6603663
0.63940251
0.60173529
0.63467377
0.72358155
0.52768612
0.62416965
0.61253065
0.56563753
0.64183891
0.65582627
0.61288756
0.61398101
0.59040904
0.57951558
0.55707186
0.55373728
0.61912006
0.55576777
0.5874024
0.71936506
0.66829634
0.61583716
0.61775351
0.58797979
0.63077635
0.58229995
0.65453225
0.64454985
0.60722202
0.58857089
0.65374279
0.59187156
0.56710136
0.64390785
0.70453149
0.64889944
0.64440995
0.62136084
0.73375964
0.60828733
0.65315777
0.5575667
0.5988819
0.60486674
0.60764694
0.56210005
0.56471926
0.62094551
0.61587965
0.71023244
0.58184904
0.63265049
0.57544488
0.59258235
0.63572961
0.63420671
0.66775072
0.67382044
0.61992443
0.64286727
0.65075457
0.67297649
0.56995583
0.69605196
0.62127823
0.63393319
0.5940243
0.66836017
0.64258105
0.60747498
""
""
0.64986956
0.56200606
0.66448027
0.58667117
0.57132256
0.59811556
0.54837704
0.5415681
0.5851233
0.65402168
0.5833227
0.63630205
0.65484399
0.62853932
0.60665858
0.64287585
0.57065505
0.65079921
0.64018255
""
""
""
0.67481107
0.55336779
0.56062824
0.58086067
0.48162717
0.55783874
0.54869401
0.5691517
0.56787372
0.50220114
0.53035295
0.56256813
0.49901709
0.48561439
0.51016986
0.49600202
0.52161497
0.55420941
0.57650667
0.60836482
0.54913735
0.38163507
0.49912381
0.48557132
0.56522119
0.63722026
0.52587932
0.53166038
0.49843237
0.47296301
0.43822151
0.40924883
0.57907164
0.53559977
0.52935505
0.52193469
0.46755248
0.46705779
0.50698906
0.52069604
0.49846789
0.48348019
0.54484475
0.52451807
0.47112101
0.47287214
0.55056745
0.59024912
0.51103735
0.46753013
0.46033272
0.43808013
0.52624172
0.5801158
0.49473351
0.53133118
0.51094949
0.50669217
0.53776777
0.53193581
0.44560951
0.58619601
0.61861753
0.57989997
0.56406915
0.51187676
0.55594832
0.4856227
0.5745734
""
""
0.57065767
0.58171415
0.488397
0.45612299
0.58964968
0.57370991
0.56281757
0.61610538
0.59692091
0.63027728
0.56719232
0.60731065
0.53055185
0.56482255
0.59453684
0.59615636
0.62018007
0.61093295
0.63043052
0.50976944
0.60653895
0.66138691
0.61765778
0.57384902
0.55291647
0.60209632
0.52072239
0.5576216
0.63242298
0.57114387
0.55709612
0.47164339
0.61749721
0.58061916
0.60908198
0.6253792
0.54797763
0.60013044
0.42269617
""
0.59390694
0.58029556
0.56608421
0.63988245
0.57085049
0.54663736
0.59026146
0.57536149
0.55223715
0.45004007
0.53079009
0.54817176
0.44362158
0.62125808
0.55945683
0.5787468
0.50773323
0.5710516
0.59126657
0.60275394
0.65338528
0.64227992
0.6141203
0.62265712
0.57977879
0.62767345
0.53894895
0.58779204
0.55650675
0.54252058
0.54890764
0.53481501
0.5469653
0.58038861
0.60648769
0.58160728
0.65698087
0.59983915
0.54331183
0.60599983
0.60697812
0.59340179
0.62120157
0.48221472
0.4829286
0.47985029
0.46024233
0.61789179
0.57495457
0.65271527
0.58642149
0.59283704
0.60032928
0.61877608
0.57851738
0.68199545
0.63118392
0.57045442
0.51536673
0.58406436
0.60483837
0.60414898
0.60666287
0.61156368
0.63578928
0.60086101
0.61104912
0.64337355
0.66818005
0.67746711
0.65716684
0.73329258
0.75171846
0.68571973
0.65573364
0.67426217
0.66757923
0.65815121
0.61420745
0.65922225
0.65468347
0.61252606
0.59953868
0.64660192
0.63219202
0.66226941
0.63212115
0.6213702
""
0.56150436
""
0.62823468
0.65007621
0.66728741
0.66149414
0.63266945
0.58760095
0.5949192
0.58003867
0.62421751
0.57061154
0.5536716
0.65417558
0.5546751
0.64018315
0.68561649
0.67994249
0.63472813
""
""
""
0.62190515
0.62177318
0.649279
0.63390011
0.63278115
0.6639626
0.63581306
0.58375603
0.5311985
0.60166109
0.57125759
0.5579111
0.61684555
0.61720592
0.61599821
0.70018357
0.58463955
0.60579526
0.50096923
0.61180449
0.56916565
0.56997752
0.61494428
""
0.48956251
0.45402232
0.55565482
0.60376006
0.49743152
0.36019969
0.56717038
0.54498011
0.57183659
0.53136057
0.53693295
0.61161882
0.58706272
0.51176894
""
""
0.32027891
0.50148451
""
0.56119508
""
0.36888695
0.46722946
0.59773958
0.58668303
0.49117619
0.4851979
0.51359129
0.53644741
0.57944995
""
0.58705539
0.68454421
0.5730992
0.62440228
0.5037573
""
0.47193542
0.46531346
0.47134808
0.51582861
0.51213926
0.53189111
""
0.51192212
0.44028553
0.52389985
0.58917701
0.45574984
0.60460162
0.55137074
0.53596616
0.57550961
0.58233833
0.62932462
0.63175118
0.52862543
0.60435706
0.58928591
0.5870536
0.63196254
0.55761051
0.62328351
0.5486604
0.581173
0.59001821
0.51676315
0.58922517
0.58652675
0.57086456
0.53313762
0.54236686
0.60046905
0.5320726
0.50848883
0.53783035
0.52442092
0.55839586
0.55835187
0.59275776
0.54894155
0.6057567
0.66093349
0.61041528
""
""
""
""
""
0.32033131
""
0.34750208
0.41091356
""
""
""
""
""
""
0.39829794
0.44454387
0.44716761
""
0.45465127
0.45229042
0.51903278
0.57198733
0.43942744
0.5041346
0.56868726
0.50310546
0.55126667
0.59014845
0.63316375
0.5772419
0.54915297
0.49455568
0.41798851
0.4498488
0.50670743
0.52379692
0.45561972
0.43248749
0.36533409
0.51384532
0.55354917
0.41869548
0.37537345
0.48130092
0.50647634
0.47496444
0.52818859
0.48341075
0.43695337
0.54153001
0.51120263
0.47582585
0.50147671
0.47607404
0.52568239
0.48732665
0.48942083
0.4640412
0.45627701
0.46868682
0.51341802
0.49281543
0.55537665
0.56057531
0.50220454
0.5250451
0.45420989
0.50556898
0.47885796
0.47546655
0.54844469
0.58911616
0.47475386
0.61594427
0.48355079
0.48848268
0.59259909
0.53491867
0.56830007
0.50160068
0.56230015
0.61291569
0.57868057
0.59260428
0.6379863
0.64320695
0.59375983
0.56698114
0.59826088
0.54848588
0.59429967
0.55640036
0.60329497
0.5212447
0.52771902
0.57234573
0.5757466
0.5020479
0.49033311
0.48235554
0.49202347
0.51602739
0.54786521
0.44297573
0.48227888
0.55134892
0.47924343
0.4846521
0.53768235
0.51782733
0.49475321
0.43450493
0.47318918
0.47813085
0.47363722
0.54528373
0.55906469
0.58246887
0.51894033
0.51205778
0.58311683
0.51340824
0.52533865
0.62101007
0.59079564
0.53789788
0.60805893
0.61460286
0.59857523
0.57439184
0.52559417
0.61458653
0.6477161
""
0.59234983
0.65576345
0.640396
0.63219082
0.54317319
0.56434673
0.58999538
0.43612686
0.48793638
0.54271638
0.59297651
0.58464247
0.52970451
0.52433753
0.62726021
0.5054037
0.58622569
0.57760161
0.58066195
0.64763707
0.63886768
0.63372558
0.49524176
0.62652415
0.54375058
0.51093018
""
0.53600633
0.5569225
0.54087681
0.5475862
0.56900859
0.60953438
0.58611214
0.56576717
0.51750129
0.4935835
0.56669146
0.54877108
0.50173783
0.60689878
0.64177781
0.57562047
0.54304522
0.56261474
0.60028768
0.54164803
0.55737215
0.6217733
0.53227937
0.54100275
0.62079859
""
""
0.76985824
0.5893591
0.56686604
""
""
0.51858419
0.60717082
0.60165668
0.48738766
""
0.51045102
0.55310059
0.65515935
0.49023104
0.49966195
0.61874837
0.48242849
0.47694871
0.52343774
0.52587926
0.50417066
0.52100605
0.51605994
0.52668113
0.50507295
0.44207001
0.50605619
0.48075798
0.54232442
0.53341681
0.47988507
0.54058659
0.54642659
0.5024572
0.54411185
0.55270737
0.55147547
0.51736194
0.50783318
0.498943
0.5450595
0.50370634
0.55439895
0.43869391
0.47570798
""
""
""
""
0.67663974
0.46703279
0.59648156
0.65223837
""
0.63098639
0.61486214
0.49427053
0.54669875
0.56175953
0.35918048
0.61527175
""
0.54042822
0.58655518
0.52296472
0.60981512
0.53027064
0.48820484
""
""
""
0.46756274
""
""
0.54706609
""
0.52950859
0.57412028
0.62259948
0.60448349
0.56586015
0.592902
0.59696919
0.59219891
0.58548039
0.49468654
0.54559761
0.53024608
0.67262858
0.6405195
0.67786056
0.59337729
0.64199162
0.45841363
0.53077179
0.56700522
0.60470915
0.58825988
0.52124077
0.57476807
0.58314371
0.57208353
0.58563936
0.65673226
0.61312091
0.53131843
0.55206275
0.52954602
0.4448235
0.48937964
0.46457461
0.43802631
0.53620607
0.54804659
0.4908061
0.60927278
0.5350489
0.61227626
0.58473092
0.52799171
0.34514436
""
""
0.51631284
""
0.53510755
0.43344527
0.45905113
0.55643111
0.63554049
0.5659917
0.60770959
0.67807066
0.68646914
0.49627173
0.510207
0.59149277
0.57120955
0.57898742
0.58069861
0.68580848
0.60342401
0.59281343
0.60162824
0.56501782
0.50896406
0.52333504
0.63074672
0.58352125
0.58096278
0.58134288
0.51938802
0.54080707
0.54294944
0.58176351
0.59269536
0.60895348
0.64619434
0.6225037
0.57024622
0.64631492
0.63063771
0.54759246
0.57987595
0.61823642
0.65358365
0.57926327
0.61694711
0.63672644
0.59182376
0.62755543
0.59048951
0.60604358
0.65228122
0.64219993
0.68306208
0.56692874
0.64925224
0.62499529
0.66495341
0.56784773
0.59360421
0.54726237
0.65281498
0.49722731
0.59751517
0.56579292
0.52055568
0.67023724
0.57241315
""
0.61907429
0.5535661
0.50680012
""
0.52119505
0.57566589
0.66455591
0.57467335
0.6175952
0.56683141
0.49977356
0.60331219
0.61202228
0.5416401
0.58132344
0.59413785
0.5341115
0.61703706
0.57825226
0.6103664
0.58555692
0.54902512
0.51685643
0.51904792
0.6091457
0.59720147
0.62625933
0.62397599
0.62950391
0.57866997
0.48752078
0.64768493
0.52798271
0.54355901
0.4225671
0.55415982
0.51706809
0.591528
0.59590751
0.64692438
0.63528174
0.51999265
0.53581953
0.54022986
0.55313116
0.51609069
0.4961614
0.57920825
0.57747757
0.54124761
0.55361068
0.50708371
0.53350306
0.54010165
0.46395448
0.54566848
0.38904002
0.57756251
0.47797441
0.55286175
0.56522763
0.53468311
0.52497077
0.51593834
0.45885858
0.51722127
0.51273
0.44062254
0.46109357
0.45065695
0.39551139
0.42303693
0.49256447
0.39719126
0.55768818
0.56779736
0.49885848
0.58243644
0.57494837
0.49285311
0.60087734
0.5809173
0.56680244
0.61324519
0.556844
0.58666307
0.59549475
0.47351667
0.52782971
0.57353473
0.41386315
0.5235039
0.56992555
0.55629617
0.59280145
0.56202501
0.59669131
0.50681829
0.53841227
0.52432334
0.53513485
0.6414386
0.54925418
0.53279978
0.41562638
0.35721564
0.55275464
""
""
""
""
""
""
""
""
""
""
""
""
""
0.43541473
""
""
""
0.55574238
0.59926778
0.57692665
0.47455609
0.66365546
0.4985218
0.63690335
0.54611224
0.51563799
""
0.5067783
0.67449349
0.48360834
0.64455056
0.48130119
0.55423856
0.58761001
0.6071198
0.63457417
0.5072611
0.65158743
""
0.60505152
0.44436857
0.65043819
0.48251316
0.62325817
0.60920912
0.63959396
0.57943666
0.59904933
0.57444805
0.51622903
0.4555839
""
0.51094908
0.47335967
0.55224621
0.53375107
0.60217994
0.63533175
0.50170046
0.54548198
0.58707809
0.62979466
0.60690075
0.527367
0.58396751
0.59203613
0.63086164
0.6608398
0.60431343
0.59728384
0.57327694
0.6048764
0.60469556
0.53586495
0.43722323
0.62029725
0.61817366
0.74914056
0.56216675
0.53157085
0.61006141
0.588346
0.52441269
0.53455347
0.58165181
""
0.62372243
0.57449514
0.56256461
0.59284425
0.47562584
0.57651174
0.58975816
0.51373881
0.57167262
0.55678481
0.60043436
0.60832924
0.60592169
0.53299361
0.44813722
0.50185025
""
""
""
""
""
0.42144275
0.56408048
0.50938517
0.4148615
0.48380971
0.56961936
0.32473505
""
""
0.37492925
0.44620201
0.54609591
0.46469823
0.47392336
0.33652663
0.53025329
""
""
""
0.61718249
""
""
0.5898239
0.55376178
0.45714909
0.61483681
0.52309334
0.61402613
0.51867694
""
0.50317973
0.46584511
0.41383657
0.60218471
0.59324241
0.46188861
0.49314433
0.5964992
0.48190254
""
0.57716292
""
0.55364865
0.43559891
""
0.61471248
0.44221389
0.49482393
0.51782596
""
""
0.60882902
0.46776775
0.46032935
0.38921487
0.58742172
0.51836509
0.49458846
0.52502429
0.56572235
0.5481537
0.59045017
0.43039852
0.55011117
0.61370701
0.48351562
0.40835309
0.45810664
0.41403228
0.42845452
""
0.31938785
0.49778208
0.52755022
0.50133348
0.63905126
0.59811515
0.46589482
0.52873451
0.54931676
0.51937056
0.42842889
0.52837354
0.5150789
0.55580598
0.59844667
0.61792749
0.60984033
0.46261007
""
0.55065322
0.51180983
0.51720029
0.5357064
0.57555795
""
0.60837966
0.53386593
0.51898223
0.54699403
0.6061641
0.36928815
0.52065384
0.49056146
0.48719284
0.55024081
0.42251778
0.49707723
0.48339966
0.49070135
0.32307979
0.52877533
0.43733671
""
0.59323275
0.49463221
0.49692756
0.59526265
0.51695329
0.63266617
0.49750823
0.54837799
0.41319421
0.50400943
0.5103963
0.57417583
0.65925038
0.55684572
0.50235802
0.63121134
0.52465636
0.58503789
0.48221463
0.569161
0.5827868
0.53613907
0.48601738
0.59060031
0.58058947
0.51946169
0.56636614
0.58911824
0.37592429
0.59506571
0.4386797
0.4924551
0.52794671
0.57644576
0.52303129
0.61237717
0.55763698
0.58421272
0.54623115
0.58251953
0.48835307
0.68248945
0.63741475
0.57056177
0.650379
0.50305784
0.44821745
0.49955997
0.67016309
0.50055021
0.5728727
0.56769443
0.46041659
0.52810782
0.51360464
0.61498433
0.52855664
0.57502383
0.55129874
0.54912597
0.60058182
0.60227627
0.58112806
0.53203845
0.55427408
0.57981932
0.60132754
0.55915087
0.60666549
0.60588038
0.46991166
0.64869863
0.55068403
0.53653413
0.60037893
0.54667622
0.56022149
0.52548665
0.49437714
0.63074607
0.51118612
0.57603049
0.59447819
0.65156263
0.62614846
0.67666477
0.66800898
0.68389708
0.70041907
0.52988487
0.61602885
0.54499012
0.59071839
0.55028355
0.55127764
0.60724187
0.60169154
0.60936189
0.6449728
0.55150568
0.52464527
0.53778517
0.57421654
0.59558481
0.58022875
0.57886654
0.60168958
0.45599714
0.675053
0.55925405
0.57835037
0.68208343
0.56304264
0.5815227
0.57826608
0.56040615
0.43444809
0.45997649
""
""
""
""
0.59501749
""
""
""
""
""
""
""
""
""
""
""
0.51774448
0.5849402
""
""
""
""
0.66520059
0.37471762
""
0.64303261
""
0.58068728
""
""
""
""
0.48931912
""
0.55822694
0.55010074
0.452324
0.62797785
0.55896866
0.46794021
0.50589907
0.41425264
0.57116795
0.50404298
0.59325117
0.38961485
0.61871791
0.69606817
""
0.57257563
0.57897532
0.63852334
0.44123867
0.5456202
0.38841489
0.38732848
""
0.44747233
0.4491511
0.4726834
0.439392
0.48264411
""
""
""
0.52900213
0.48566768
0.3886255
0.4317534
0.45864129
0.48142865
0.40663049
0.51392978
""
""
""
""
0.45096266
0.52058631
0.43517524
""
""
""
""
0.42308566
0.53248483
0.56216997
0.47988811
0.57164717
0.51042402
""
""
""
0.48512483
""
""
0.6047588
0.59320325
0.46526462
0.73949397
0.56029129
0.55131072
0.54177272
0.65810972
0.41766572
0.55823308
0.49336216
""
0.43568283
""
""
""
""
""
""
""
""
""
""
""
0.51679641
""
""
""
""
""
""
""
""
""
0.52332622
""
""
""
""
""
""
""
""
0.52040464
""
""
""
""
""
""
""
""
""
""
""
""
""
""
""
""
""
""
""
""
""
""
""
""
""
""
""
""
""
""
""
""
""
""
""
""
""
""
""
""
""
0.51176167
""
""
""
0.53654903
0.79621071
0.70709312
""
""
""
""
""
""
""
""
""
""
""
""
""
""
""
""
""
""
""
""
""
""
""
""
""
""
""
""
""
0.55627942
""
""
""
""
""
""
""
""
""
0.61229634
0.59962994
""
""
""
""
""
""
""
""
""
""
""
""
""
""
""
""
""
""
""
""
""
""
""
""
0.56529272
""
""
""
""
""
""
""
""
""
0.43708915
0.55944222
0.44470498
""
0.61585581
0.39093941
0.46858561
0.5151208
0.63130778
0.57174402
0.39608452
0.41286725
""
""
0.57489562
0.58848685
0.48286915
0.62100667
0.64931017
0.60727984
0.56379449
0.58829468
0.57005715
""
""
""
""
""
""
""
""
""
""
""
""
""
""
""
""
""
""
""
""
""
""
""
""
""
""
""
""
""
""
""
""
""
""
""
""
""
""
""
""
""
""
""
""
""
""
""
""
""
""
""
""
""
""
""
""
""
""
""
""
""
""
""
""
""
""
""
""
""
""
""
""
""
""
""
""
""
""
""
""
""
""
""
""
""
""
""
""
""
""
""
""
""
""
""
""
""
""
""
""
""
""
""
""
""
""
""
""
""
""
""
""
""
""
""
""
""
""
""
""
""
""
""
""
""
""
""
""
""
""
""
""
""
""
""
""
""
""
""
""
""
""
""
""
""
""
""
""
""
""
""
""
""
""
""
""
""
""
""
""
""
""
""
""
""
""
""
""
""
""
""
""
""
""
""
""
""
""
""
0.60322165
0.62434155
0.65455085
0.652973
0.59280628
0.67941856
0.66302419
0.61228299
0.66484255
0.60893899
0.64381564
0.58150262
0.70992088
0.61991507
0.75260973
0.68718112
0.57941604
0.58615327
0.59087378
0.59224528
0.74868751
0.64583629
0.68454206
""
""
""
""
0.6239599
0.54308206
0.64380425
0.56510556
0.51750219
0.62102246
0.60350233
0.58149785
0.57768899
0.35415006
0.58126342
0.49748179
0.57327491
0.59194607
0.52032983
0.59352165
0.52171797
0.5903585
0.58535224
0.61458695
0.63850677
0.57772547
0.61618662
0.65518636
""
""
0.53823787
0.53117806
0.63043541
0.48771414
0.62453002
0.58799511
0.54066271
0.50213128
0.48465589
""
0.46731707
""
0.54287779
0.56754512
0.58032101
0.69050896
0.57720697
0.65237033
0.69499701
0.40073878
0.55432969
0.45776075
0.5613324
0.49400604
0.36041892
0.50480211
0.37011388
0.57987559
""
0.41820547
0.4378393
0.40530646
0.49656552
0.43210357
0.49125785
0.65008909
0.55192083
0.54085737
0.46819216
0.4703604
0.53182191
0.50599128
0.6726318
0.45721078
0.41123733
""
0.58321935
0.58570331
0.49699882
0.64368248
0.58308733
0.61277014
0.49670815
0.63714778
0.60645932
0.52848262
0.65882295
0.53024065
0.59814256
0.67694461
""
""
""
0.54303294
""
0.52002829
0.46605718
0.58941549
0.491427
0.65245318
0.59505308
0.59518778
0.61744505
0.54372978
0.379186
""
0.65664619
""
0.54717892
0.42780286
""
""
""
""
""
""
""
""
""
""
0.58069205
""
""
0.59698915
0.62023985
0.59206605
0.52978271
0.51616931
0.59698874
0.55276561
0.61108023
0.59522694
0.5156008
0.57957244
0.58823586
0.57746083
0.62043178
0.6099481
0.61569804
0.50655437
0.63012046
0.58788204
0.63352883
0.56880808
0.61068374
0.54308105
0.56986451
0.58651644
0.58945811
0.52234149
0.64873314
0.59734637
0.53856778
0.56733567
0.53002894
0.53769505
0.5428527
0.50446045
0.70317984
0.54455251
0.53164971
0.48897532
0.4574472
0.4720937
0.57903987
0.46532691
0.5030126
0.46016359
0.54535955
0.55273062
0.49600413
0.52429557
0.50632417
0.47556412
0.46723005
0.45111758
0.47225502
0.4698984
0.50980967
0.39322203
0.42156002
0.48850742
0.37437856
0.51966679
0.62244207
0.58342302
0.53236043
0.65782756
0.61653143
0.52766299
0.42110482
0.57619995
0.65021396
0.53116828
0.5134846
0.55337906
0.58064997
0.60033637
0.58003688
0.59377742
0.6134702
0.58478063
0.58125585
0.55816901
0.57416511
0.51545131
0.5442645
""
0.50607151
""
0.49223214
""
0.65146166
0.60444885
0.59758008
0.61845082
0.56856143
0.57235968
0.57463932
0.60306561
0.65183622
0.64970863
0.5612402
0.54413211
0.62929982
0.547885
0.59070396
0.63699543
0.56639928
0.56412035
0.54181701
0.5925867
0.56099308
0.5562802
0.63521057
0.64152527
0.55328077
0.62465209
0.55637878
0.59595418
0.56758851
0.56259608
0.5469659
0.55624902
0.52852267
0.64947098
""
0.55214196
0.54459661
0.53718263
""
0.54097307
0.50731581
0.47062704
0.49035388
""
0.4549422
0.43812022
""
""
0.43583798
""
0.54020751
0.53866351
0.49030307
0.50162131
0.6088804
0.5402565
""
""
""
0.48504865
0.42784709
0.57833534
0.51227891
""
0.60219795
0.59092444
0.69651532
0.5540809
0.60504627
0.60794282
0.63445574
0.7263732
0.62562597
0.56374037
0.67409348
0.6613431
0.63193923
0.62655938
0.55201977
0.61290836
0.70279735
0.65497655
""
0.51636034
""
0.63066554
0.60089642
0.61173397
0.59377223
0.57849944
0.58984137
0.49672914
0.60363233
0.55427122
0.54915553
0.56963819
0.48236486
0.4606525
0.47756389
0.4636693
0.49830535
0.55813092
0.43746063
0.52924073
0.38370684
0.47089809
0.47579545
""
0.43702674
0.45229325
""
0.53115797
0.45617041
""
""
""
""
0.56175572
""
0.51708001
""
0.40317392
0.57801044
""
0.47284821
0.52748823
0.53799176
0.56289327
0.54166657
0.55499309
0.47266531
0.53383613
0.51517868
0.53452802
0.61191452
0.55706245
0.52471799
0.55524457
0.54593086
0.53127569
0.64972961
0.53253222
0.5656566
0.55106878
0.60067546
0.53932351
0.46005088
0.60270274
0.62406063
0.57433474
""
""
""
0.46405736
0.52445805
""
0.49703085
0.40500325
0.41627386
""
0.57423586
""
0.57837862
0.51450497
""
0.53615528
0.53485894
0.64607322
0.60372394
0.54423875
0.54729658
0.5975275
0.46033177
0.50129807
0.46953842
0.54536027
""
""
""
0.42292348
0.485717
0.63147938
0.41892323
0.4921886
0.60070497
0.50162584
0.60577005
0.42782646
0.62820894
0.56939697
0.62748826
0.49280974
0.52857566
0.52274793
0.55727923
0.67223918
0.60652602
0.59020257
0.45474654
0.52675998
0.71611583
0.66104168
0.60938644
0.57544094
0.57850426
0.6158846
0.45474935
0.41146523
0.55157501
0.57903302
0.6158067
0.49302486
""
0.56886607
0.56224388
0.54485124
0.54367346
0.59080589
0.58808005
0.64009452
0.62146604
0.46993029
0.5451563
0.56833929
0.54041708
0.59639901
0.50299287
0.50066513
0.53627324
0.5758062
0.50149703
0.47513697
0.62688708
0.50542921
0.54039484
0.64313269
0.59924889
0.65169972
0.50219268
0.47860906
0.61217678
0.58465135
0.59881419
""
0.53447974
0.45216507
0.60675573
0.5686512
0.58220649
0.46458355
0.46803075
""
""
0.38304085
0.52099705
0.66228241
""
""
0.52766418
""
""
""
""
""
""
""
""
""
""
""
""
""
""
""
""
""
""
""
""
""
0.6215502
0.61841321
0.5043956
0.50891805
0.52376539
""
0.66545779
0.57542187
0.61322349
0.6627956
0.67873067
0.5833441
0.53496164
0.42118257
0.6242004
0.5034821
0.53071994
0.55405539
0.34202391
""
0.67270148
""
0.48050725
""
""
0.56437123
0.55206555
0.55580747
0.46049526
0.44429505
0.52516758
0.5738647
0.55568165
0.53060073
0.53236485
0.55674946
0.50620764
0.54146469
0.63427395
0.56984955
0.58504444
0.59862381
0.591447
0.5551821
0.56922257
0.65655905
0.60706466
0.64921546
0.62638497
0.64665401
0.67239779
0.61076689
0.53387147
0.61328912
0.59225768
0.60499537
0.5780232
0.54799008
0.62575525
""
0.44446957
0.62282085
0.59132296
0.55660999
0.59432375
0.54302412
0.56948382
""
0.53422385
0.62301278
0.38163799
""
""
""
0.60838652
0.55225337
0.65408337
""
0.62286925
0.47501501
0.60683566
0.52954805
0.5470745
0.53893435
0.3615647
0.55653071
""
""
""
""
""
""
""
0.41926688
""
""
""
""
""
""
""
""
""
""
""
""
""
""
""
""
0.71221155
""
""
""
0.58948117
0.6281662
0.63937086
0.60589373
""
""
0.58640283
""
""
0.54426712
0.48867643
0.52808881
""
0.58218282
0.54254776
0.54864597
0.47395691
0.54132503
0.4607389
0.5406242
0.59129238
0.57718563
0.47921482
0.49514854
0.55544263
0.6559273
0.52026963
0.56165969
0.55222547
0.48624906
0.52119243
0.60850281
""
0.42587906
0.46995494
0.5467878
0.47870886
0.46012193
0.44505894
0.6411013
""
0.59582657
0.44944084
0.56769341
0.57030374
0.51526219
0.53766102
0.51556021
0.60435808
0.47528681
0.58550084
0.59404635
0.61907721
0.62003005
0.54616231
0.57303792
0.57570881
0.60927528
0.59209967
0.60607111
0.62301993
0.53218424
0.61654907
0.60432166
0.59028709
0.6311686
0.56845856
0.50833976
""
0.59655482
0.52024776
0.60520852
0.51735228
0.46959934
0.53300899
""
0.64083755
""
""
""
""
""
""
""
""
""
""
""
""
""
""
""
""
""
""
""
""
""
""
""
""
""
""
""
""
""
""
""
""
""
""
""
""
""
""
""
""
""
""
""
""
""
""
""
""
""
""
""
""
""
""
""
""
""
""
""
""
""
""
""
""
""
""
0.47210783
""
""
""
""
""
""
""
0.59869933
""
""
0.50206381
""
0.48227915
""
""
""
""
""
""
0.4645645
""
""
""
""
""
""
""
""
""
""
""
""
""
""
""
""
""
""
""
""
""
""
""
""
""
""
0.49478981
""
""
0.54862314
0.46257252
""
0.58069384
""
""
0.51921141
""
""
""
""
""
""
""
""
""
""
""
""
""
""
""
""
0.4667179
""
""
""
""
""
""
""
""
""
""
""
""
""
""
""
""
""
""
""
""
""
""
""
""
""
""
""
""
""
""
""
""
0.60686082
0.50624657
""
""
0.42528346
0.46259579
0.53388518
0.59950095
0.42524606
0.56267238
0.51911944
0.49205667
0.54780054
0.49252921
0.57374769
0.48660034
0.6255067
0.48023
""
0.5422588
0.53970903
""
0.52264929
0.5792737
0.53352636
0.51117003
0.54362893
0.5774014
0.57388031
0.57008117
0.58460557
0.56889749
0.52134544
0.5933401
0.57019675
0.59238154
0.46268699
0.58321428
0.54281014
0.55769646
0.60457402
0.57738376
0.50780433
0.66199088
""
0.64217955
0.58028036
0.52529025
0.57533866
0.52797723
0.46406686
0.51336819
0.49860895
0.50140762
0.31405237
0.51589853
0.60364372
0.57347524
0.61971039
0.54853427
0.58806467
0.56915039
0.5508247
0.57307303
0.51103532
""
""
0.61645955
0.37611419
0.52863961
""
""
""
0.50102204
0.59078562
0.44062111
0.55471092
0.4971672
0.53858006
0.47723404
0.50964606
0.50287431
0.62432837
0.59448385
0.51882261
0.52719176
0.51184756
0.51779646
0.54735571
0.58431667
0.64660829
0.5871287
0.55820912
""
0.641213
0.45780012
0.65868813
0.56784689
0.62558979
0.71134663
0.64169413
0.60948479
0.52718186
0.60129809
""
0.56979996
0.54043925
0.55572665
0.62481296
0.55898201
0.55394119
0.55799198
0.582214
0.44303936
0.38957229
0.60744363
0.63913387
0.63852298
0.56391001
0.52503729
0.39791587
0.56842023
0.50655657
0.52290374
0.48192617
0.49377701
""
""
0.58846158
0.52962446
0.50432986
0.52472204
0.53555322
0.5511359
0.61470819
0.60316396
0.64337456
0.56472802
0.5931378
0.65597129
0.55721337
0.59380358
0.61735791
0.5882948
0.54526407
0.51696169
0.57758641
""
0.55305254
0.56809407
0.44653225
0.65725237
0.61236888
0.61459678
0.56021267
0.56496137
0.54156095
0.55434179
""
0.52524501
""
0.51974106
0.55763119
0.32035154
0.41562241
""
""
0.44751832
0.5781523
0.52248836
""
""
""
""
0.50088292
0.66981071
0.58360898
0.61056149
0.59675652
0.68408489
0.58735222
0.62604719
0.52940959
0.54179597
0.50717539
0.63935453
0.5680232
""
0.73316681
""
0.52410901
0.58048147
0.5827716
0.50089437
0.55864501
0.44086617
""
0.42171758
""
""
""
""
""
""
""
""
""
0.38163352
0.44749287
0.53569245
0.48590451
0.44881824
""
""
""
""
0.35458139
0.41905177
0.38799983
0.46631527
0.55908775
0.56051761
0.55831212
0.50313228
0.52213031
0.34944239
0.5892148
0.48488083
0.56678164
0.63609022
0.60062689
0.5397296
0.58624512
0.68011743
0.56772417
0.59714115
0.48802266
0.37945643
""
""
""
""
""
""
""
""
""
""
""
""
""
""
""
""
""
""
""
""
""
""
""
""
""
""
""
0.46665534
""
""
0.69145054
""
""
""
""
""
0.59498602
""
0.47566307
""
""
""
""
0.49700746
0.48450404
0.51330477
0.52404559
0.65171081
0.5479334
0.46469665
0.44947952
0.49833512
""
0.39861146
0.50030279
0.4461512
0.62485141
""
""
""
""
""
0.47643507
""
0.6304884
""
0.5113802
""
0.44709936
0.55640835
0.57097507
0.42318073
0.52983862
0.53877121
0.55268008
0.62052172
0.53702915
0.68301511
0.61770761
0.54429162
0.44339049
0.51396888
0.51894927
0.5583899
0.61221617
0.60988796
0.6264984
0.58789897
0.54091585
0.66709381
0.6375398
0.62735146
0.58112246
0.53022307
0.59231085
0.52212483
0.4840115
0.59819984
0.528413
0.54365629
0.61390513
0.62517345
0.55256271
0.57052732
0.35839215
0.55710691
0.61535668
0.5843094
0.53820163
0.56729859
0.54531026
0.58409774
0.55282164
0.55634642
0.54407984
0.63908899
0.62783664
0.56614733
0.59951895
0.58796024
0.50128043
0.57433867
0.57879633
0.61620837
0.55528587
0.60304952
0.55531746
0.52264637
0.57311237
0.60895413
0.67646444
0.57785726
0.55485499
0.56467855
0.54411352
0.62568873
0.56602538
0.55966336
0.66230202
0.57198226
0.58823627
0.56081367
0.65243429
0.58667004
0.49394542
0.61490083
0.56783545
0.54021746
0.68791378
0.67890924
0.65616018
0.69197559
0.6447717
0.62257862
0.7304737
0.6655916
0.58267552
0.62702113
0.57033163
0.68307036
0.76811624
0.62327147
0.59532148
0.6675303
0.54468507
0.61155862
0.61866027
0.49090385
0.50866789
0.52805299
0.47636777
0.68630075
0.66441727
0.5796901
0.55708617
0.56596053
0.54862553
0.63330871
""
0.64402521
0.61001414
0.67055863
0.63257557
0.55767584
0.54722416
0.53779668
0.57133371
0.58374602
0.45419115
0.46078658
0.50068289
0.39730883
0.62128919
0.4324905
0.53809595
0.56958252
0.45643058
0.6074512
0.4667035
0.55591166
0.55538362
0.60888964
0.50674981
0.57083821
0.54725391
0.4004364
0.52599478
0.61119485
0.57162315
""
""
0.61025006
0.55196059
0.5802325
0.6573714
0.64984655
0.60247421
0.64761901
0.65428996
0.57715964
0.54728156
0.61947978
0.40805691
0.55527675
0.65173805
0.62885231
0.5808416
0.63973731
0.52454704
0.59208399
0.58448935
0.54704624
0.48950425
0.61865914
0.60306978
0.5375756
0.55691713
0.58740884
0.58020109
0.5257563
0.53682858
0.44224322
0.56600213
0.59570521
0.57276851
0.5954026
0.58271974
0.52106255
0.51570803
0.55046529
0.61610281
0.54401422
0.56041491
0.58750933
0.43605167
0.55087841
""
0.55324626
0.61220729
0.58679283
0.57978821
0.56128174
0.58153254
0.61381358
0.5306561
0.62484705
0.5151273
0.53934509
0.61590487
0.49150977
0.55352336
0.42965063
0.55551374
0.60293639
0.57752585
""
0.57502997
0.55146182
0.5545637
0.59884959
0.57983845
0.59569514
0.55968416
0.59448725
0.55503523
0.54192841
0.42735389
0.41534638
0.57312405
0.60905856
0.43019864
0.48990566
0.56518233
0.50959736
0.55115229
0.54388767
0.42142648
0.59771556
0.58209258
0.57930863
0.49359158
0.54564714
0.56689203
0.55668741
0.60389739
0.6257844
0.60390812
0.6283102
0.61644679
0.59198558
0.66406548
""
""
0.60491526
0.50091499
""
0.58065927
0.65667373
0.66723418
0.65973872
0.61784101
0.66490817
0.59073591
0.52675903
""
0.6162985
0.63613814
0.61992079
0.62493497
0.6084677
""
0.50232631
0.58205634
0.59811771
0.54221928
0.49265191
0.6647839
0.53024638
0.55118567
0.62399155
0.50775647
0.60891223
0.63863629
0.54267037
0.60666335
0.43734708
0.55407292
0.62974495
0.63169193
0.68570995
0.64591348
0.60887957
0.61363775
0.60546446
0.5650211
0.59688997
0.67978281
0.59781504
0.58259195
0.60393453
0.67673886
0.63827407
0.60285103
0.63548619
0.63011897
0.64451915
0.63818592
0.6315487
0.6277433
0.56303698
0.47482684
0.64354378
0.59571624
""
0.56133014
""
0.65427601
""
""
""
""
""
""
""
""
""
""
""
""
""
""
""
""
""
0.5496605
""
""
""
""
""
""
0.56635237
0.51155263
0.58912551
0.52766234
0.51452672
0.56412446
0.43991777
0.51102018
0.53085393
0.59935224
0.42569807
0.53734601
0.5097037
0.55159456
0.61557329
0.57618445
0.47054943
0.46132046
0.36282247
0.60043025
0.46766108
0.48671931
0.61126184
0.54023725
0.60040033
0.66970462
0.59362739
0.5582993
0.63786501
0.6301291
0.58212417
0.60099494
0.66022074
0.61509454
0.5496791
0.53744644
0.56837541
0.60640383
0.59735459
0.56512052
0.58572805
0.62368888
0.69228023
0.64267957
0.54616326
0.5404551
0.42740533
0.57028294
0.70962197
0.5428558
0.63315207
0.62274307
0.63913918
0.60195488
0.65219253
0.60839915
0.63872409
0.71218592
0.64404482
0.59674513
0.56705612
0.60079294
0.64655876
0.62680387
0.56397849
0.59938627
0.60615695
0.54969364
0.59519523
0.56740892
0.58260012
0.56723583
0.54188538
0.46412036
""
0.61138856
0.56035912
0.52955806
0.5565322
0.52912802
0.56601775
0.62469721
""
0.4658173
0.48270303
0.53229821
0.53766412
0.44286898
0.46232831
0.45838737
0.532031
0.46889478
0.52395713
0.55122662
0.53043568
0.56160641
0.59258401
0.55111289
0.48662919
0.46460974
0.42854312
0.54382384
0.47860855
0.56674528
0.47224241
0.537292
0.54955077
0.47976017
0.51642299
0.50784743
0.58480805
0.58627278
0.54941833
0.52271104
0.53673232
0.53023678
0.56678921
0.48199949
0.56827801
0.5376811
0.54167914
0.56568199
0.50712109
0.51255727
0.51811677
0.52588212
0.4749217
0.59711123
0.54198819
0.50363749
0.46309927
0.47289684
0.49145058
0.52553409
""
""
""
0.49179095
0.44510874
0.6028952
0.55374193
0.54611379
0.60916376
0.52633446
0.44986027
0.48416933
0.55857116
0.50485873
0.61829162
0.42961425
0.55249655
0.58198839
0.56549054
0.5186621
0.50053602
0.44885594
0.61090761
0.63062841
0.65239137
0.61620408
0.59358305
0.53537595
0.61906821
0.54700363
0.57069623
0.46388668
""
0.41564757
0.49514922
0.42898276
""
0.3208164
0.42081511
0.56313246
0.34393996
0.55469233
0.56842548
0.61768675
0.53815681
0.48835823
0.55867785
0.4906911
0.58800912
0.54175919
0.54723305
0.47785431
0.58007473
0.53941548
0.58094871
0.50934988
0.52520835
0.550933
0.6162762
0.62147063
0.59916979
""
""
0.59787524
0.62536395
""
0.55768889
0.52801532
0.53153718
0.58354199
0.47166663
0.63817906
0.61416835
0.59488946
0.69243824
0.53001821
""
0.6244145
0.541215
0.54558766
""
""
0.60845828
0.55480248
0.56474173
0.56553519
0.55231959
0.50993669
0.52646524
0.5698722
0.65174282
0.51981634
0.55677754
0.61350471
0.6270383
0.64473665
0.56000096
0.55576634
0.5619154
0.49075878
0.59370816
0.52681053
0.57781631
0.50318867
0.56209427
""
0.58921528
0.50651717
0.49044311
0.49921197
0.53759247
0.57721609
0.54768091
0.52285475
0.52492023
0.50263447
""
0.5596171
0.49117094
0.51996213
0.51902586
0.61424345
0.63494259
0.53920013
0.500835
0.50407302
0.52563387
0.56688327
0.59746122
0.63199067
0.5436393
0.57568508
0.60624933
0.60236371
0.56754678
0.66135877
0.5583092
""
0.62785345
0.52634233
0.55041742
0.5987044
0.6030848
0.62295777
0.55305994
0.60485828
0.62936705
0.59305322
0.63613188
0.52165908
0.69579154
0.68658912
0.63881415
0.57984728
0.58651143
0.56530434
0.5569458
0.56066859
0.55743754
0.50425607
0.55283314
0.58129567
0.50406522
0.55796003
0.53294462
0.4926841
0.49151284
0.50640965
0.55666155
0.56629407
0.54230368
0.56617063
0.57417113
0.59329063
0.58527499
0.58487636
0.56883168
0.56123739
0.57883036
0.60669702
0.60887241
0.57457709
0.60818106
0.41520658
0.48751166
0.54506278
0.63698047
0.62181073
0.56376934
0.62824059
0.59928775
0.61058038
0.60335499
0.6022681
0.56748897
0.63888085
0.6395002
0.54661834
0.66783994
0.68519861
0.60803437
0.59180772
0.60537845
0.57208753
0.47340962
0.68336135
0.58862936
0.48793837
0.57326794
0.47469971
0.56076819
0.59685284
0.52718377
0.6524713
0.61214775
0.54168957
0.62294912
0.53178394
0.54107606
0.50858271
0.56043464
0.61366689
0.62434852
0.59202528
0.49117112
0.58880061
0.40184915
0.59639847
0.57244736
0.56210738
0.67051595
0.42989689
0.48070848
0.48288873
0.62956434
0.62359017
0.55005127
0.63345325
0.65229541
0.75660968
0.64524841
0.66951925
0.60271657
0.55300033
0.55161726
0.60679996
0.63711864
0.66652697
0.67956334
0.65667331
0.58768475
0.62733597
0.67193514
0.6954968
0.62807536
0.58126491
0.61897063
0.6292246
0.5719167
0.55208069
0.63572931
0.59834778
0.61269993
0.57403535
0.60008919
0.59838444
0.64625162
0.61557466
0.63890076
0.55732489
0.60451525
0.63733816
0.5622474
0.57906967
0.58600366
0.5336659
0.59082538
0.65499866
0.58920896
0.62844211
0.59564781
0.53154087
0.59248883
0.60249466
0.63484997
0.6497491
0.59774458
0.66152334
0.59200537
0.64204186
0.62477815
0.58683074
0.60077703
0.64243555
""
0.59379745
0.65928084
0.64153755
0.54514211
0.63675112
0.609227
0.60869354
0.64682573
0.59396303
0.5902729
0.58500624
0.568973
0.59147662
0.621526
0.6453011
0.6006757
0.59999192
0.68062055
0.58872527
0.55094403
0.5385232
0.51661634
0.55710286
0.60681343
0.62424862
0.47807762
0.60448676
0.573915
0.62188274
0.56490499
0.53595221
0.66252404
0.57127881
0.55067736
0.57100415
0.5904699
0.53082055
0.58969951
0.64663655
0.59349352
0.58300656
0.62205613
0.6401599
0.63043654
0.56191421
0.60044891
0.62344247
0.58885545
0.59115678
0.56705528
0.59652036
0.64229697
0.53168851
0.53850681
0.6105786
0.60176259
0.55878443
0.60832644
""
0.58138126
0.53495157
0.58518499
0.59878826
0.58963192
0.62878364
0.61469281
0.62143242
0.58928406
0.65494579
0.61477941
0.61732608
0.60470289
0.61407328
0.53689986
0.58826786
0.59408444
0.57288212
0.58567679
0.63197047
0.61846042
0.58887726
0.63328141
0.58040857
0.6035496
""
0.59603739
0.61181086
0.5368247
0.62607831
0.52496415
0.63242871
0.61439413
0.61216682
0.59486634
0.54695785
0.64478153
0.49547845
0.59782332
0.51186806
0.59859681
0.5610739
0.5519051
0.55256253
0.60993254
0.5718419
0.515926
0.56075895
0.56298447
0.6340434
0.61150074
0.66731936
0.60164928
0.52842331
0.63062334
0.57839113
0.60186201
0.55303866
0.60690457
0.58598787
0.54252845
0.63294947
0.56689429
0.67243767
0.6764065
0.64685094
0.61300957
""
0.5898146
""
0.54243469
0.59723979
0.63433182
0.61200333
0.7062152
0.58888203
0.52254003
0.62995356
0.67219836
0.58685577
0.52451867
0.59031588
0.56295979
0.51373285
0.52376503
0.49957541
0.56468308
0.48260817
0.52366072
0.63253617
0.54207534
0.56378067
0.56784236
0.44368401
0.50555617
0.44001055
0.50506061
0.52221841
0.53754944
0.58269197
0.56547028
0.56404901
0.56380183
0.54968745
0.61861867
0.60487676
0.51923847
0.55394697
0.60478061
0.59262896
""
0.56977266
0.53520238
0.52407342
0.56012434
0.60269952
0.51324856
0.46945015
0.40693247
""
0.55199426
0.6008718
0.3633545
""
0.6169377
""
0.52112001
""
0.50166285
""
""
0.52916116
0.57383108
0.50937712
0.57479382
""
0.39783791
0.56943053
""
""
0.44150037
""
0.41241777
0.55602896
""
0.5921731
""
0.55790973
0.5240466
0.56048584
0.54769665
0.5777263
0.52037239
0.49969578
0.61769551
0.63017988
0.57707626
0.56776655
0.61361957
0.51975566
0.59366
""
0.57528394
0.58690262
0.65726811
0.64696109
0.66025454
0.58855593
0.60299718
0.57508588
0.62101775
0.53704488
0.58988619
0.58642566
0.58146518
0.6667102
0.66043079
0.63535142
0.56057101
0.61096281
0.63168007
0.47837827
0.48869425
0.53519106
0.58360624
0.57485473
0.51466024
0.54153907
0.52478367
0.56750828
0.56021291
0.56739944
0.60227007
0.58661693
0.55346745
0.58262426
0.56330532
0.57701111
0.59580195
0.63774008
0.52231127
0.49788657
0.54409593
0.60752976
0.54645753
0.55342942
0.56933892
0.54001474
0.48737645
0.55531323
0.62604302
0.54375249
0.53981876
0.5851509
0.52043986
0.56775665
0.51910591
0.48552632
0.60785043
0.56850576
0.50924671
0.53378153
0.51260179
0.59205264
0.62095809
0.51161218
0.58010411
0.6529966
0.63309973
0.44698915
0.56937373
0.56480861
0.6202969
0.5725981
0.55152822
0.51125956
0.60204554
0.58343166
0.49819979
0.53724259
0.56424391
0.54013795
0.44706455
0.34616411
0.45298749
0.60604119
0.50592387
0.47950205
0.55029678
0.64397812
0.48839825
0.6297434
0.5456652
0.59724051
0.52812892
0.54930633
0.57724977
0.55238467
0.58704048
0.51769304
0.54343098
0.55030704
0.53799242
0.51495117
0.51775396
0.53753114
0.52148449
0.55483097
0.54431057
0.54718792
0.4811146
0.53920299
0.47008714
0.46294051
""
0.62070376
0.50677037
0.58535665
""
0.55204648
0.36730072
0.59644186
0.53101271
0.49404007
0.50719899
0.52403653
0.5694142
0.60008347
0.59692198
0.56592536
0.59110242
0.59134871
0.63193583
0.56882465
0.58520049
0.59844023
0.62632751
0.58589298
0.64965689
0.57926428
0.54146492
0.61809689
0.54181153
0.59471464
0.61355174
0.56836569
0.57830352
0.60653824
0.53950161
0.58562392
0.61849457
0.55370092
0.61047459
0.40468314
0.52759153
""
0.58981353
0.5693475
0.45723763
0.52671748
0.48392749
0.63653636
0.58239299
0.58464128
0.54430646
0.50350916
0.62474036
0.51694328
0.61403072
0.60691172
0.538257
0.55589706
0.53578818
0.62582612
0.56692904
0.62356657
0.52161908
0.56468832
""
0.59494472
""
0.56000668
""
""
0.59227175
0.5529626
0.63502264
0.58126897
0.57630432
0.61102241
0.53212386
0.55197978
0.56739652
0.56868625
0.58340365
0.58343035
0.53938401
0.52084899
0.53423673
0.53152531
0.51342118
0.5486567
0.58848751
0.62992173
0.57782096
0.60657233
0.65944171
0.57113689
0.62714523
0.61665386
0.63211203
0.62549889
0.64247102
0.62102419
0.49031618
0.57479239
0.65464038
0.56323391
0.60360354
0.59105313
0.67052299
0.50618422
0.54549611
0.60494179
0.59800774
0.51161927
0.62533742
0.59409267
0.67726254
0.54627442
0.58694738
0.56069463
0.63348275
0.54878336
0.54524422
0.56152475
0.62464023
0.49671817
0.51873684
0.52043265
0.61428452
0.58810174
0.52099842
0.60020143
""
""
""
""
""
0.55265182
0.51858604
0.52531004
0.6540274
0.54016864
0.57108158
0.59381902
0.61998755
0.63726193
0.56909215
0.64726621
0.65229744
0.58274651
0.55690223
0.54207253
0.58008963
0.57425594
0.59144431
0.5573988
0.56262332
0.49207661
0.52654469
0.56408721
0.57872427
0.61155117
0.59443188
0.58884144
""
0.64049917
0.582183
0.63259196
0.55821645
0.55764687
0.51270002
0.57154477
0.55340362
0.60057741
0.66755444
0.63951361
0.59795898
0.54236841
0.64049602
0.61706758
0.56725931
0.57752287
0.58458173
0.59087312
0.5747031
0.52143437
0.53660041
0.55028266
0.62955922
0.52027273
0.5806005
0.61385906
0.52183127
0.53621596
0.5755415
0.56632584
0.6609987
0.50938839
""
""
""
""
0.64208049
0.60063392
0.5511604
0.52258241
0.63920337
0.62883466
0.63919407
""
0.56674051
0.58905935
0.48114789
0.61336333
0.56875825
0.52147675
0.56987625
0.54242104
""
0.42279047
0.49995577
0.45102569
""
0.5788942
0.50408423
0.47531688
0.58342367
0.4751752
0.48242921
0.54491872
0.60027701
""
0.32414156
0.59135205
0.61615628
0.62724811
0.51872277
0.54265106
0.48293033
0.55314612
0.50073594
0.48471707
0.51131362
0.49995419
0.53107232
0.55149823
0.48546857
0.56859821
0.50197971
0.57728964
0.6282962
0.51103967
0.58082837
0.53439426
0.52276891
0.52343005
0.55375028
0.60446745
0.42205027
0.41467509
0.52169323
0.55850029
0.51116621
0.56007975
0.50321454
0.55746967
0.56561577
0.53410298
0.49259987
0.4934791
0.52433276
0.60140336
0.52234906
0.51051784
0.48532465
0.57065821
0.58702457
0.6070478
0.70611489
0.65788037
0.57341826
0.57203549
0.60603493
0.60898381
0.62177759
0.5341447
0.53647995
0.51836932
0.542431
0.56748241
0.60243189
0.55439591
0.49638653
0.55848616
0.59433258
0.49466753
0.51232785
0.56680548
0.52841616
0.50583231
0.57310301
0.45787835
0.50991184
0.57077062
0.58219653
0.51007318
0.52608293
0.51108849
0.62669778
0.61250073
0.60523289
0.5471909
0.49676073
0.54957408
0.59711796
""
0.31322724
0.55937445
""
0.549465
0.58353627
0.50259119
0.58393955
0.60220712
0.57284862
0.58949035
0.6263091
0.63539386
0.6044777
0.57589471
0.63727486
0.55936331
0.59025234
0.60181051
0.57996362
0.50426668
0.58910489
0.54469562
0.523884
0.61045825
0.56335205
0.60968226
0.5711112
0.54227
0.61262357
0.58432573
0.47719884
0.40703198
0.57762718
0.64144748
0.55045927
0.57655501
0.59717256
0.64552307
0.49754834
0.51268554
0.5575856
0.54562581
0.55044878
0.57655019
0.58593547
0.55748534
0.51916653
0.58966583
0.60859841
0.51254117
0.56755245
0.55334616
0.59098232
0.52138305
0.56754726
0.57380986
0.58913618
0.53897566
0.53050292
0.50282246
0.58823705
0.56228429
0.52370572
0.55490416
0.4595072
0.56704831
0.57636297
0.35655648
0.41999406
0.58707273
0.51920664
0.49922979
0.43653232
0.47007355
0.48462331
0.50291687
0.52078158
0.48382977
0.58421707
0.57877767
0.59691489
0.55490434
0.53708607
0.55566549
0.5554167
0.52334547
0.5821985
0.54137301
0.59117103
0.54016763
0.53698814
0.47818571
0.45373634
0.52357268
0.51517475
0.51546061
0.5487386
0.55950272
0.44969788
0.62631601
0.49585736
0.69936943
0.53468126
0.57079089
0.54080349
0.42399982
0.54689562
0.46968374
0.52738422
0.58384675
0.45269969
0.52010882
0.45893469
0.55984247
0.48480183
0.46058401
0.54841828
0.49757746
0.48025101
0.55478704
0.56843811
0.57927912
0.51824045
0.58438575
0.57072812
0.56124294
0.54321265
0.53792745
0.53766978
0.55597788
0.55057412
0.56341797
0.61563969
0.54332525
0.60710049
0.55436665
0.5702135
0.55892807
0.58205491
0.57390332
0.58293658
0.58418471
0.58201391
0.56604201
0.57424212
0.59048009
0.5858385
0.57883298
0.59114224
0.55760652
0.5696398
0.58880222
0.52175766
0.61186939
0.49602529
0.65090108
0.61041099
0.54171491
0.55400157
0.58084273
0.5644691
0.48319933
0.5348081
0.48273107
0.54431432
0.47983181
0.50907713
0.52386653
0.53172946
0.60808015
0.45585734
0.58639783
0.50118989
0.44779164
0.4050695
0.45976719
0.44841549
0.50223011
0.53048468
0.61588585
0.47219819
0.55113173
0.51888925
0.55562514
0.4642987
0.45470425
0.4003709
0.47197312
0.55395877
0.49291933
0.54276168
0.53335088
0.5217427
0.53527695
0.61179042
0.59670258
0.68345523
0.55867797
""
0.53334081
""
0.40106165
0.59715736
0.50465167
0.53764135
0.44766104
0.46251678
0.51570612
0.52977103
0.47804943
0.56280059
0.49573049
0.52134252
0.53309637
""
0.51775807
0.50826216
0.48107371
0.49762338
0.5177356
0.45729864
0.46448401
0.52567089
0.44749668
0.53292888
0.36501187
0.5557726
0.50399566
0.56206417
0.43002671
0.5455513
0.49898225
0.41963667
0.53193742
0.37416691
0.50238258
0.41299739
0.51400995
0.52135539
0.55940515
0.43149862
0.47528687
0.54856813
0.57662082
0.55292737
0.58025366
0.57149649
0.52369285
0.50764507
0.56450474
0.44109428
0.57300442
0.51184052
0.53464401
0.56580204
0.4547388
0.53022099
0.40017906
0.49240366
0.49089131
0.4997865
0.46150294
0.56861478
0.69388068
0.59474516
0.52553511
0.55578184
0.594607
0.49085498
0.58566874
0.60263491
0.51729542
0.47979018
0.47489583
0.53964275
0.56164062
""
0.51078331
0.58995467
0.55221444
""
0.53355521
""
0.54845947
""
""
0.56168312
0.4900738
""
0.49271196
0.51807678
0.48149338
""
""
""
0.58117139
""
""
""
""
""
""
0.50835872
0.61984861
0.5159179
0.60274249
0.53271568
0.52298743
0.51299077
0.5520491
0.53010273
0.52318925
0.64824682
""
0.63038224
0.42395419
0.57231873
0.49535015
0.54567605
0.43747023
0.36109811
0.59226191
0.57996249
0.58833873
0.47452343
0.44271284
0.50664872
0.53689694
0.54846621
0.54900384
0.4302606
""
0.56968021
0.55667478
0.56996948
0.51450211
0.55445015
0.53666252
0.57034653
0.600761
0.63471031
0.55964774
0.54995078
0.6092999
0.55683112
0.57979172
""
""
0.53258449
0.5127371
0.60759455
0.47621384
0.58293384
0.54261333
0.55899656
0.53917724
0.53587151
0.51101321
0.58321428
""
0.55739206
0.6299662
0.55666596
0.51023728
0.49775058
0.52598327
""
0.44330248
0.60848886
0.5036822
0.49932471
0.63157207
0.55015695
0.56093335
0.48317197
0.4778038
0.45695019
""
0.37840748
0.65135783
0.61462468
0.57780057
0.56446362
0.49888393
0.46655503
0.41371909
0.53000027
0.51463401
0.49716231
0.53255183
0.51851153
0.44510344
0.45596069
0.55900383
0.63102877
0.46528316
0.56638432
0.49981001
0.41339964
0.50927281
0.53545594
0.50353265
0.60495949
0.58672661
0.56132591
0.61310816
0.56231201
0.53585035
0.65491647
0.61403447
0.46539277
0.47469777
0.47409633
0.44719955
0.46384576
0.51723891
0.53830051
0.42309695
0.49173516
0.51625425
0.4419651
0.47815242
0.48109818
0.53925514
0.56462908
0.47056279
0.54224861
0.43435368
0.45077395
0.46010768
0.48520368
0.54546756
0.48794049
0.53500342
0.56269985
0.59470439
0.59260005
""
0.50509107
0.61052102
0.64848858
0.45931837
0.44183251
0.55099797
0.52480429
0.54171526
0.49298087
0.56348002
0.48885483
0.51790023
0.63524508
0.62992001
0.5758248
0.58959103
0.64018893
0.61145508
0.48424244
0.57017004
0.54763532
0.54362231
0.57443231
0.53588903
0.5723545
0.5049485
0.42168915
0.45544493
0.40436038
0.43262455
0.42051491
0.49113327
0.44449726
0.3977392
0.47492513
0.30176586
0.55935568
0.44840574
0.5806669
0.49984181
0.52129841
0.513937
0.51172304
0.52219337
0.57876533
0.55860925
0.55106896
""
0.63265055
""
0.59238613
""
0.59642059
0.47412378
0.53464288
0.67009366
0.47994414
0.52245784
0.53936684
0.47454384
0.52101088
0.50401253
0.49716604
0.52066541
0.45777962
0.48774362
0.49031955
0.51382607
0.55689496
0.46478182
0.5414117
0.55491763
0.4659453
0.47400045
0.50645065
0.61206824
0.55698597
0.50603932
0.55560887
0.53890103
0.52841097
0.54751539
0.56924182
0.5206458
0.47766724
0.51782995
0.53546417
0.5533551
0.51354754
0.58728397
0.56234902
0.57479942
0.56598687
0.53671509
0.5759865
0.54358292
0.61254144
0.59818774
0.5633859
0.59053248
0.5921542
0.57109743
0.54142177
0.50716668
0.57407522
0.55269277
0.50913161
0.55749798
0.57510293
0.55628371
0.56133819
0.50121242
0.54413509
0.58523363
0.57625908
0.54077834
0.53179562
0.55326247
0.56978846
0.54970205
0.51778686
0.50977886
0.50214362
0.6443032
0.50321877
0.49087989
0.52043152
0.58398092
0.55181849
0.60590583
0.56860608
0.56089711
0.55079377
0.51584864
0.60915726
0.61210561
0.58201599
0.59722817
0.59822565
0.54476684
0.62539256
0.59472919
0.69243056
0.52839118
0.61570042
0.5970248
0.65770352
0.58304739
0.60276693
""
0.61452317
0.6393379
0.61487049
""
0.36941057
0.55289942
0.54539692
0.47472614
0.52192026
0.52492762
0.48991752
0.48912263
0.55817872
0.53583032
0.52934247
0.50496811
0.48856819
0.43008339
0.46144554
0.50824666
0.60138339
0.54390448
0.47818708
0.59127569
0.5522244
0.53737396
0.61856896
0.42966816
0.51075554
0.54940474
0.50377834
0.60862201
0.56942564
0.5894984
0.61914259
0.55452305
0.52196622
0.59545237
0.58111763
0.58162934
0.56013429
0.5734269
0.61449689
0.55515569
0.57914799
0.61995083
0.58535463
0.65450507
0.63815802
0.4577176
0.63398123
0.55959547
0.62747455
0.60439557
0.53463012
0.62023526
0.61434704
0.54499882
0.55892903
0.56215733
0.57175356
0.5430606
0.52231181
0.54158825
0.52820206
0.56074274
0.60460091
0.54358274
0.6096859
0.58601695
0.56269175
0.56104499
0.60758257
0.66507137
0.58264327
0.52878541
0.63292962
0.55361021
0.61367774
0.55814379
0.56667376
0.67160434
0.57712376
""
0.68270093
0.56447989
0.56262738
0.62262011
""
0.60735035
0.59563231
0.60001796
0.57856441
0.58202904
0.51935911
0.5792433
0.46850276
0.59385872
0.64895922
0.57142848
0.57038951
0.61927587
0.68420935
0.60288984
0.62633801
0.62322116
0.62931067
0.53129941
0.50568193
0.62492305
0.62209696
0.62471056
0.51520228
0.57147068
0.52397686
0.50774723
0.56948566
0.48268154
0.50628388
0.60988522
0.53632683
0.5547418
0.61805975
0.57470512
0.58974278
0.57074815
0.59835726
0.59491688
0.5298748
0.53668678
0.59168488
0.54740012
0.60072064
0.64383101
0.58830702
0.56803077
0.62849844
0.59722733
0.60497016
0.62434608
0.65924782
0.53293395
0.52190268
0.51235956
0.54082108
0.55493563
0.53306013
0.50951332
0.47794169
0.55767679
0.53013593
0.54127079
0.5075863
0.55191451
0.58921331
0.46656132
0.54129755
0.48638386
0.428056
0.48265517
0.59968299
0.54274631
0.4969596
0.49450999
0.44203556
0.47553763
0.4215287
0.57635731
0.58536416
0.62942064
0.49832326
0.59119689
0.43434989
0.63048851
0.6222868
0.60338575
0.65589404
0.45526987
0.39047143
0.60737807
0.56736165
0.62828547
0.66190547
0.58134937
0.60331351
0.58980954
0.62930661
0.62514055
0.58854365
0.54392552
0.62985885
0.60372156
0.57056844
0.6181643
0.62569588
0.56553948
0.58954948
0.56677526
0.59494829
0.63469815
0.58749652
0.55946463
0.57972306
0.56597644
0.55448157
0.61344123
0.50446033
0.55378646
0.58995235
0.56952071
0.54648173
0.42376077
0.58292067
0.52997702
0.55448264
0.52919197
0.53432113
0.57226843
0.55565453
0.53441405
0.55573982
0.53248543
0.51831609
0.47461665
0.52175844
0.53598124
0.61478198
0.57992619
0.54084378
0.53079671
0.53389144
0.58575159
0.5458827
0.6096524
0.53495437
0.53984982
0.36916101
0.58135498
0.58685005
0.4494552
0.53211284
0.5281778
0.60022223
0.550201
0.50485796
0.54496211
0.49709296
0.45898873
0.49901122
0.54688549
0.5235967
0.55882901
0.56349909
0.5213964
0.53919631
0.54810065
0.56679326
0.48742712
0.49539593
0.5371632
0.63560647
0.47541165
0.57449955
0.55831325
0.49098751
0.43022987
0.48117349
0.43740985
0.54657602
0.49825194
0.51219082
0.36329457
0.44494948
0.44069275
""
0.57820296
""
0.54301554
0.47726378
0.515508
0.64729774
0.55306643
0.47345722
0.52098846
0.54675567
0.58906317
0.58465451
0.57343936
0.56917495
""
""
0.53103381
0.58797115
0.56960946
0.45522875
0.48937076
0.42541307
0.44832754
0.56802893
0.35752717
0.52688789
0.54321897
0.47045124
0.47134697
0.45712543
0.48534632
0.49652377
0.46993428
0.37227523
0.48677549
0.58815652
0.61012644
0.50383103
0.47396612
0.60511613
0.62728882
0.58755803
0.49373284
0.50080484
0.555466
0.49078083
0.45021689
0.56251019
0.48590252
0.40675893
0.50395566
0.5571385
0.57425737
0.44874278
0.43853822
0.4660736
0.490309
0.51212674
0.4033263
0.49839276
0.59386808
0.62420774
0.5836699
0.62772638
0.56242597
0.46666059
0.47697031
0.51669908
0.64409411
0.58724052
0.57262903
0.60393298
0.63062412
0.49403578
0.62297034
0.56980437
0.54368103
0.61150068
0.55295587
0.50760162
0.57891047
0.55455488
0.52820975
0.46533775
0.53260839
0.58597487
0.61390531
0.51421201
0.56238437
0.5094378
0.50999725
0.46406412
0.53202856
0.48246023
0.58195543
0.55510515
0.6564219
0.54136652
0.61856884
0.54114282
0.53759789
0.55334073
0.50983173
0.55226332
0.51099491
0.60216153
0.47394827
0.50367701
0.56085384
0.60883266
0.52471864
0.55654633
0.48823571
0.54411346
0.5433315
0.51345468
0.56338918
0.60006267
0.53483778
0.41285533
0.56309021
0.46336842
0.55544788
0.49976507
0.48187795
0.54571128
0.50724894
0.47403374
0.52080941
0.58934623
0.56224114
0.53747183
0.4696385
0.55034393
0.56129235
0.57435226
0.58019888
0.61135298
0.49153185
0.55085349
0.55439562
0.55150795
0.53381228
0.55026132
0.54400063
0.52857721
0.48832989
0.58030134
0.54216093
0.5136016
0.5516929
0.44168609
0.54210877
0.52883804
0.41228423
0.47766864
0.50457668
0.44550923
0.55599564
""
0.5832566
0.5725947
""
0.62127513
0.4260805
""
""
""
""
""
0.60329086
0.62067455
0.48397857
0.57584399
0.51859462
0.545789
0.57686538
0.56332886
0.57794029
0.54754198
0.53800803
0.57680231
0.51981491
0.55750215
""
0.47282255
0.44903246
0.56157249
0.5352819
0.54510629
""
""
0.61531579
0.60030007
0.65919167
0.58321756
0.52324289
0.49014828
0.52588189
0.41615209
0.50647801
0.56916934
0.47240528
0.48547658
0.60421211
0.4883334
0.50946897
0.49910638
0.5215866
0.50829059
0.449599
0.46359044
0.5245952
0.63053048
0.57441783
0.51785368
0.38013443
0.48585472
0.4783653
0.53862274
0.48328242
0.55602378
0.38307467
0.48074475
0.46565828
0.4891161
0.5861392
0.5241406
0.53669083
0.52710807
0.57090414
""
0.57625109
0.52811676
0.41422653
0.4897697
0.61249781
0.51822644
0.50051045
0.60734886
0.52822274
0.52494174
0.49416783
0.44845572
0.49528497
""
0.46764472
0.39339373
0.56544524
0.5206303
0.55683839
""
0.52827328
0.38324535
0.5059222
0.46768734
0.55324513
0.54949063
0.59763598
0.58901781
0.58416921
0.58497339
0.41887367
0.5752421
0.50220108
0.5936082
""
""
""
""
0.49220303
""
""
""
""
""
""
""
""
""
""
0.40754893
0.46738905
0.52874827
0.61800188
0.55440134
""
""
""
""
""
0.34593329
0.47209498
0.54120761
0.59988052
""
0.6400007
0.54341519
0.5621857
0.52262229
0.62491155
0.60020918
""
""
0.51622623
0.53044355
0.56882769
0.52440333
0.54759151
0.5906716
0.67870885
0.61272055
0.54531413
0.62113225
0.52036524
0.46535099
0.5076136
0.48011103
0.63863873
0.55580819
0.52504671
0.55105966
0.443059
0.48685411
0.55557787
0.49735856
0.61602843
0.47901687
0.47882202
0.57280993
0.61393124
0.59036678
0.64180928
0.55796736
0.59287548
0.61221939
0.567725
0.63826442
0.62840843
0.65262944
0.65222341
0.59237403
0.64342558
0.64948124
0.57291752
0.60290325
0.58288348
0.59607744
0.5613113
0.64597416
0.61243129
0.54461884
0.58504915
0.46686909
0.58417243
0.59073013
0.53485537
0.55831629
0.58839166
0.54486501
0.57620031
0.58871269
0.54686314
0.5521397
0.62777144
0.58803695
0.56138694
0.59718782
0.55551255
0.50565898
0.61631477
0.54454714
0.72406816
0.51750988
0.39851862
0.53883725
0.618797
0.62726593
0.52891248
0.53220856
0.58006942
0.54908782
0.56208503
0.57042986
0.55752671
0.5513829
0.55381447
0.56006807
0.59430575
0.56264722
0.51364785
0.50066757
0.50770611
0.52167249
0.56574494
0.52972978
0.48948634
0.48494366
0.52172256
0.53067762
0.51145774
0.55844969
0.52376866
0.51277453
0.53617996
0.53084147
0.59043878
0.59447372
0.60734177
0.47872487
0.62015933
0.65080655
0.57568157
0.54345453
0.58328849
0.59732401
0.50001615
0.52326083
0.52190238
0.50258464
0.58024824
0.58329362
0.57009405
0.57552671
0.63039392
0.56023085
0.57077104
0.58460981
0.59055221
""
0.62725383
0.52071518
0.58630896
""
""
0.56376851
0.4569051
""
""
0.5594734
""
0.38029388
0.5528304
0.53396648
0.55602622
0.57368684
0.57030022
""
0.56872487
0.55563831
0.52373952
0.54683721
0.49392906
0.47400069
0.50960487
0.59271735
0.60112548
0.54754102
0.53582197
0.55233777
""
0.50598967
""
0.49468273
""
0.40383691
0.36460406
""
0.49810287
""
0.53349137
0.38455749
0.59295362
0.53465414
0.54039037
0.49009344
0.46803987
0.57372797
0.51017278
0.53540123
0.48676163
0.58700877
0.60130811
0.53015888
0.53726488
0.46521208
0.55073965
0.44703138
0.42476907
0.57495677
0.60811961
0.55593657
0.54529095
0.53154749
0.58068484
0.44822517
0.41562131
0.54831195
0.52047944
0.57030445
0.55562162
""
0.58436698
0.5621019
0.49170658
0.5024575
0.57506448
0.59135789
0.5915044
0.60250843
0.54936177
0.46692598
0.55120099
0.56661499
0.63766253
0.58620048
0.59645587
0.57475019
0.57599854
0.56414235
0.60201359
0.60826439
0.62837988
0.55684674
0.66099185
0.5548687
0.55018818
0.48755628
0.47154376
0.56711572
0.48678398
0.54153746
0.44579682
0.5088228
0.54251516
0.53062153
0.51796901
0.55340153
0.56800336
0.56019098
0.54555911
0.60375744
0.55413455
0.58474141
0.58872592
0.62903315
0.60173261
0.62595093
0.56787622
0.58381367
0.55316669
0.58923745
0.52415478
0.56640619
0.53860307
0.57139027
0.56837875
0.56646854
0.63121611
0.63219309
0.58763152
0.6465559
0.57488662
0.62111551
0.51551425
0.45637792
0.55569667
0.45564255
0.47894445
0.45344993
0.49583325
0.6003688
0.59662533
0.63350391
0.56061196
0.51343983
0.48867059
0.56064636
0.59532076
0.55986702
0.49098328
0.54228717
0.56205571
0.56416273
0.63928878
0.64669901
0.60272163
0.56371498
0.61932868
0.5533632
0.57579875
0.51017356
0.59753227
0.56824827
0.56471646
0.53774714
0.62270308
0.55821145
0.57971543
0.62206948
0.58629185
0.55288661
0.59453863
0.57862443
0.66885227
0.61037737
0.59906393
0.61524129
0.61643285
0.62226635
0.46022949
0.69142181
0.64793652
0.67093736
0.63706046
0.64148259
0.64874238
0.59740138
0.62151021
0.58404291
0.5837875
0.63290751
0.63721877
0.59601057
0.57954937
0.60779256
0.57789606
0.5741961
0.59656101
0.60040236
0.62301505
0.66069597
0.62312096
0.51227218
0.5981164
0.55564451
0.59839332
0.60439575
0.66605431
0.58300078
0.60591561
0.53883481
0.58754814
0.65066063
0.65430123
0.598216
0.60746032
0.62904012
0.62420321
0.56505054
0.54268533
0.63808215
0.62235284
0.53398305
0.60174012
0.57970977
0.54616559
0.50169849
0.58512223
0.53054649
0.58503324
0.56423515
0.51359004
0.58266068
0.59785098
0.57688636
0.55746937
0.59192842
0.54779971
0.54362226
0.5368607
0.50084627
0.54410899
0.57218105
0.57947522
0.53835386
0.57502991
0.43636477
0.56747115
0.57598108
0.54315448
0.50860703
0.57659364
0.58847058
0.57859653
0.55306423
0.51904833
0.59581751
0.50045484
0.43641788
0.56308234
0.46785688
0.46862766
0.56609482
0.53226417
0.49613208
0.49532306
0.56000084
0.57828766
0.59376961
0.51882255
0.59394532
0.53489417
0.54333425
0.60996366
0.55233133
0.46686354
0.50216538
0.60801691
0.61461496
0.54981226
0.58387512
0.6207552
0.4666425
0.55796921
0.56098026
0.56585562
0.59189075
0.58435577
0.54255396
0.57288301
0.56277239
0.50885206
0.53633702
0.61987561
0.46620595
0.54946536
0.57041597
0.57371098
0.58841079
0.55565315
0.58716059
0.56743455
0.57148349
0.55938923
0.56371993
0.67080492
0.53903335
0.57294178
0.61203867
0.60553467
0.58343279
0.57508457
0.61567062
0.56149954
0.69622201
0.52214658
0.50440335
0.56962192
0.50434822
0.57995272
0.60086131
0.56011188
0.5663684
0.67487955
0.55157292
0.47667083
0.48619282
0.59776509
0.57766622
0.57555258
0.61034966
0.53860879
0.58327389
0.46633995
0.52060527
0.54805315
0.53396398
0.55518836
0.55167031
0.53909218
0.53238487
0.55221629
0.59605521
0.62142301
0.57239586
0.60128462
0.51543194
0.52821177
0.60746038
0.57523781
0.60109937
0.58360046
0.49038011
0.5381313
0.56002074
0.58510703
0.60288793
0.55351627
0.5803988
0.57883745
0.62897635
0.59527618
0.55283129
0.57287836
0.55802524
0.54723215
0.60934412
0.58439201
0.59244204
0.63986146
0.57820451
0.44273302
0.59470886
0.48932868
0.65041775
0.58687991
0.570328
0.56016564
0.61565328
0.60718042
0.55145985
0.66854542
0.56854695
0.51328301
""
0.51848674
0.59962541
0.46451727
0.69856995
0.48111907
0.52409118
0.63776392
""
""
0.4705075
0.52222037
""
0.54278302
0.48916888
""
0.60105807
""
""
""
0.46899539
""
0.53236389
""
""
""
0.49809775
0.51941907
""
""
""
0.5125677
0.68410623
0.7107442
0.5058614
0.6488142
0.60465127
0.58364218
0.65673083
0.62534267
0.71835607
0.51738274
0.71120059
""
0.45979455
0.46955323
0.63583088
""
0.60222453
0.63356882
0.49935156
""
0.58626634
0.53925174
""
""
0.54011053
""
0.49370128
0.49245808
0.58662891
""
""
""
0.51057154
0.60862416
0.57433176
0.51749527
""
""
""
0.58686048
""
""
0.50547081
""
""
0.57265621
0.53390956
0.65821892
0.57903856
""
""
0.57404655
0.66052002
0.45760551
0.63214284
0.59208959
0.65340596
0.65878445
0.59161657
0.50349754
""
""
0.66624385
0.69432908
""
0.48518199
""
""
""
""
""
""
""
""
""
""
0.53415745
0.52319491
0.60333616
0.6250965
""
0.65089494
0.53208256
0.50253671
0.66832262
0.60792905
""
0.70414495
0.46156532
0.54345679
0.66688704
0.45028469
0.53193343
0.46292657
""
0.61355972
0.5141288
""
""
""
""
0.55200899
0.59035742
0.7079522
0.58041972
0.54642498
0.58482695
0.6768797
0.64245772
0.63495058
0.64449364
0.6715439
0.64465749
0.65222239
0.55281979
0.56455779
""
0.54603463
0.48858157
0.40724596
0.65021777
0.66220015
0.60594267
0.67084646
0.53481972
0.65699321
0.62044793
0.63973659
0.61116779
""
0.49754778
0.61875039
0.52922755
0.43371421
0.39822426
0.59969419
0.4601979
0.50747836
0.5161773
0.59054542
0.63695854
0.59601295
0.5593102
0.64251572
0.64019859
0.67082739
0.66706634
0.66423512
0.5475533
0.63757575
0.57518703
0.5049991
0.63284451
0.42311478
""
0.69111216
""
""
""
0.55296975
0.55937624
""
""
""
""
""
0.42440554
0.45159015
0.51365143
0.49779579
0.47221678
""
""
0.59145713
0.50092429
0.51364881
0.54062271
0.52154791
0.58958566
0.57368392
0.54450595
0.4566997
0.4030087
0.42995718
0.40196866
0.41190761
0.20176001
0.46128586
""
0.30065811
0.43190596
""
""
""
0.41465765
0.44846678
0.47647783
0.43025279
0.60985518
0.6398648
0.53214526
0.45529282
0.55691677
0.60492796
0.54685295
0.59676498
0.55058968
0.57101905
0.55145746
0.60376483
0.5617851
0.58574057
0.61459792
0.51453638
0.55549568
0.55046606
0.52152646
0.48567209
0.49865976
0.45219937
0.53814775
0.4781431
0.50966936
0.38777757
0.59062874
0.54210079
0.54559588
0.47726995
0.41037503
0.5628857
0.49842265
0.58248872
0.6120137
0.62365508
0.47635731
0.54623616
0.60003132
0.58364296
0.58702815
0.58211523
0.54644912
0.5144124
0.57489812
0.62927538
0.56493807
0.5610472
0.61582088
0.54216695
0.55508846
0.51571572
0.58594286
0.56354445
0.54391605
0.48831674
0.58486903
0.46228364
0.40780729
0.49319386
0.47020379
0.59072369
0.58079344
0.583736
0.65383744
0.60887486
0.5938161
0.63766778
0.60831815
0.63304985
0.57363367
0.64917141
0.52623862
0.55137122
0.60041946
0.56494981
0.58600467
0.4519906
0.58680135
0.58650905
0.50987679
0.61521983
0.5475111
0.5389905
0.54008895
0.53999203
0.55434382
0.53415352
0.56849849
0.599729
0.62056345
0.65563935
0.6194697
0.53551453
0.5958811
0.58238757
0.59164721
0.55809462
0.53218776
0.60226184
0.54483438
0.56306267
0.61016381
0.59127331
0.49441993
0.70880657
0.71910119
0.52659869
0.53617102
0.59536505
0.50848693
0.59811127
0.60148698
0.53952545
0.60015464
0.55475932
0.53667253
0.55371892
0.53300071
0.53679246
0.52601296
0.51440662
0.57555467
0.54644585
0.55824697
""
0.55009288
0.54451913
0.52788979
0.53888386
0.52334267
0.59456456
0.57518786
0.60052323
0.47384325
0.56692004
0.5915761
0.5814749
0.56997722
0.55117315
0.58940142
0.54636544
0.56276643
0.53900921
0.53167778
0.50214624
0.60115612
0.58285326
0.55916852
0.57437962
0.51203144
0.51588035
0.57327867
0.57675046
0.56081504
0.56949753
""
0.50800413
0.51551104
0.57532495
""
0.62796104
0.65120345
""
0.67479098
0.5753293
0.51832056
0.58608973
0.65576625
0.61330819
0.60019541
0.60415822
0.63658261
0.61425811
0.64364767
0.55776978
0.6193338
0.69938093
0.61299074
0.56001264
0.61281353
0.67590678
0.67388731
0.57685959
0.67805904
0.50106573
0.59011567
0.60459739
0.63729215
0.52892619
0.53670943
0.64522308
0.54549283
0.55982661
0.569031
0.54026133
0.60601664
0.61953008
0.66251558
0.66758382
0.63133198
0.66456288
0.67545825
0.63426304
0.6457572
0.53910834
0.50099891
0.53629398
0.67116565
0.68745661
0.57308298
0.59925508
0.64787537
0.64673102
0.66762531
0.73694503
0.63638222
0.60413516
0.62083423
0.65595734
0.65790808
0.64701706
0.54459339
0.5684287
0.58737665
0.40267122
0.60655338
0.68483448
0.69314814
0.64141333
0.65193117
0.62812328
0.6796391
0.5734275
0.61691058
0.5223034
0.70818853
0.62789381
0.58667099
0.59126514
0.58590639
0.55752254
0.55559355
0.54301637
0.60528696
0.63774091
0.62474918
0.66471577
0.73381203
0.63943887
0.67025423
0.67726904
0.58977669
0.57990766
0.58314395
0.64174002
0.63220429
0.60640395
0.59981084
0.72334731
0.5933556
0.63443196
0.52539605
0.66529232
0.64613611
0.65065366
0.58417785
0.56408048
0.67427313
0.65444857
0.62633204
0.64400339
0.69810528
0.49167767
0.56776315
0.58961201
0.48405764
0.59680599
0.61729312
0.59045058
0.5724808
0.58828294
0.58949339
0.52144074
0.62660927
0.60324359
0.54232633
0.66253328
0.63550788
0.62620068
0.64903677
0.72578162
0.63680565
0.60007507
""
""
0.35084832
""
0.63515431
0.67459065
0.5995369
0.61245233
0.67358589
0.62242442
0.7280494
0.61363566
0.63783079
0.64280123
0.63936573
0.57964522
0.64672697
0.59701496
0.67891002
0.59014863
0.57416153
0.61805648
0.53683698
0.5905773
0.55332935
0.51672184
0.57327157
0.54115212
0.62526041
0.58891976
0.60546625
0.53121793
0.34588432
0.50156277
0.56519121
0.54053283
0.48957846
0.35764486
0.54598564
0.57066113
0.52817595
0.54475117
0.53165853
0.6237027
0.6308794
0.5456596
0.56765544
0.60446942
0.62278575
""
0.59970802
0.59836489
0.6322946
0.56420773
0.55578333
0.61283624
0.58084905
0.59223413
0.60910648
0.61577821
0.63301092
0.58432263
0.66219974
0.54076052
0.53233689
0.63543636
0.6777271
0.54847389
0.56496692
0.53807205
0.65366942
0.55461681
0.56744128
0.47954649
0.58273727
0.54535633
""
0.63446122
0.41453326
0.64538616
0.58304745
0.49035272
0.57253343
0.48234218
0.60867119
0.58011848
0.52702701
0.59202832
0.46591127
0.58653325
0.58825076
0.59014541
0.60897303
0.51512182
0.5098452
0.5797959
""
0.55125713
""
""
0.55091369
0.52522105
0.59802175
0.58493847
0.58229411
0.5016126
0.60129982
0.60918349
""
0.56236225
0.52007419
0.65301436
0.56974107
0.5937466
0.62701118
0.59086066
0.46780524
""
0.56686234
0.56778395
0.55372077
0.39297578
0.5917179
0.40016934
0.48691645
""
""
0.53528857
0.53449321
0.57121313
0.51124805
0.55592358
0.60631251
0.62029338
0.60974228
0.56068689
0.66809529
0.66148722
0.60124105
0.60839182
0.62527061
0.73194987
0.61757779
0.57068264
0.55632728
0.59933227
0.56602758
0.60295111
0.62279487
0.6309495
0.57791632
0.65908241
0.6070779
0.5884198
0.54865623
0.64499545
0.56847173
0.62572408
""
0.60266209
""
0.52887899
0.59239542
0.48987815
0.5918299
0.52715552
""
0.53178769
0.49715021
0.46523878
0.49408168
0.60724533
0.6934855
0.54075623
0.64577812
0.54854077
0.53708988
0.67053473
0.36555773
0.47108752
0.46098405
0.52815032
0.44091898
0.5114252
0.66679043
0.6726371
0.62847996
0.6203742
0.59126645
0.5707193
0.57143354
0.63360435
0.62254781
0.55585647
0.63629967
0.74659371
0.57554704
0.66761744
0.635225
0.6678614
0.52303624
0.59368479
0.53647608
""
0.56854999
0.566791
""
0.6689167
0.58767611
0.57876587
0.58122069
0.55960631
0.60441101
""
0.49420622
""
0.53778046
""
""
""
0.49860838
0.58410007
0.59171557
0.53774291
0.62868214
0.55201858
0.50766176
0.56457162
0.52356398
0.57466358
0.58766544
0.61974514
0.64330834
0.53579068
0.53564501
0.52733135
0.58398485
0.56165457
0.55982298
0.54113281
0.60917723
0.64777178
0.62462819
0.42947322
0.56093317
0.58209336
0.63510048
0.53806674
0.49289525
0.58479464
0.65831512
0.52708215
""
0.5753482
0.64537686
0.59791201
0.51028556
0.59879452
0.56943959
0.58286721
0.57643449
0.51602888
0.55938005
""
0.55963188
0.53481936
0.5679912
0.53085423
0.57353359
0.51408279
0.53823423
0.54527515
0.67875808
""
0.56257385
0.63449824
0.5355404
0.59280664
0.61851925
0.56942731
0.52082711
0.64717627
0.58795428
0.57449591
0.58967155
0.54344046
0.59471142
0.63890475
0.55766684
0.63945395
0.60074508
0.60482359
0.628699
0.60955477
0.69581687
0.58271152
0.58006769
0.6350503
0.49274579
0.56469935
0.60851592
0.59167242
0.66992289
0.57383734
0.55772048
0.59880155
0.59304279
0.59114432
0.62572181
0.55411392
0.53015757
0.61416984
0.61020869
0.58644134
0.52442813
0.65725935
0.59300745
0.58752596
0.63093776
0.63475817
0.62235636
0.69929773
0.62788582
0.57486963
0.66516691
0.66947961
0.64844918
0.68816465
0.62965137
0.65930372
0.63583314
0.6790483
0.64289868
0.66605181
0.59676063
0.65356266
0.69438392
0.61971164
0.58509946
0.65967447
0.65002543
0.67297202
0.61020947
0.65422302
0.45703888
0.5302853
0.62877226
0.63246214
0.64477688
0.71023178
0.59982389
0.72654563
0.62105393
0.56556153
0.59078741
0.58577698
0.60217011
0.57363302
0.60041207
0.57845706
0.5704819
0.65216905
0.60030228
0.6512115
0.51442993
0.50883788
0.42231494
0.55295557
0.54161417
0.64828098
0.60286182
0.60494387
0.59227592
0.54257226
0.51140141
0.52835983
0.63546079
0.63616431
0.54904479
0.54292536
0.60263145
0.51679987
0.51885444
0.55888397
0.68225425
0.59295452
0.60122901
0.56420547
0.76679027
0.6967696
0.56127715
0.65971828
0.69405818
0.63377166
0.63868207
0.709885
0.72611952
0.60059851
0.58453125
0.61821139
0.68010175
0.57090706
0.61532325
0.6395306
0.62709427
0.59945893
0.63628286
0.68194002
0.60659307
0.61196893
""
0.70966226
0.64062536
0.6195271
0.68102312
0.68632007
0.60198236
0.57262391
0.63935709
0.63042051
0.67384356
0.61356992
0.62050968
0.64930761
0.64950681
0.66552383
0.57328475
0.6337567
0.63641214
0.6337781
0.55054891
0.56952995
0.54931849
0.58370918
0.55097359
0.54285884
0.6335519
0.67060143
0.62689686
0.65704459
0.58213854
0.59027499
0.61729878
0.58686495
0.63130975
0.60221267
0.63507557
0.64124638
0.55805248
0.57714856
0.63312846
0.57695526
0.47146133
0.62836546
0.61018908
0.54582465
0.59722883
0.67684716
0.66484708
0.63711381
0.64401817
0.60059386
0.60092384
0.5953666
0.51625115
0.63282889
0.53239018
0.57610512
0.61654598
0.57963121
0.62491101
0.53947425
0.54712874
0.61743283
0.65513545
0.60600197
0.64606184
0.61843532
0.48714736
0.47682258
0.58318061
0.53761411
0.5373674
0.60460436
""
0.57175994
0.50691229
0.66264069
0.47650447
0.58195472
0.43830934
0.52505928
0.58590627
0.59131753
0.59854907
0.60925215
0.48850411
0.49650609
0.50584829
0.53240347
0.50617272
0.54250467
0.58966589
0.51728064
0.5614087
0.58258998
0.57370734
0.50023597
0.62334961
0.585549
0.61083281
0.56701887
0.5506323
0.64053893
0.58044922
0.57490683
0.52439141
0.54632682
0.49009839
0.53007662
0.54619843
0.584997
0.57885629
0.53361255
0.48796356
0.53306586
0.59507924
0.55545974
0.48635447
0.51766497
0.55975163
0.55636889
0.60517669
0.47085094
0.42145416
0.5379805
0.4838267
0.54503125
0.56722122
0.56464934
0.59767842
0.51357913
0.52255762
0.49464041
0.53584343
0.54584807
0.54882348
0.44375807
0.57055759
0.48166803
0.5772239
0.51749808
0.53405303
0.49622816
0.4903203
0.54093498
0.57636833
0.542014
0.55403733
0.51529801
0.50635457
0.41890478
0.41619575
0.62118477
0.54101378
0.56437594
0.56849164
0.48466146
0.46727857
0.56690341
0.52764726
0.52271146
0.51298326
0.56625372
0.5831387
0.54446203
0.52964759
0.49101529
0.57438159
0.57237297
0.64410311
0.56644005
0.62515038
0.64906627
0.49083611
""
0.55825156
0.55490863
0.60396981
0.5180397
0.54561329
0.54135889
0.51104635
0.54443389
0.481942
0.60035217
0.59480572
0.59163296
0.52017045
0.5911082
0.53526843
0.58038062
0.58659196
0.55837005
0.60671425
0.40136003
0.61568636
0.62261367
0.49461362
0.54727554
0.46106932
0.46857518
0.54931915
0.65688676
0.56057066
0.56429881
0.50766838
0.51131225
0.55675602
0.49307188
0.35163939
0.5606209
0.58186537
0.57097864
0.59818083
0.48555863
0.60315865
0.56961054
0.64087111
0.67063409
0.6688115
0.64830971
0.57663441
0.57584059
0.58970904
0.62255102
0.63916266
0.57843184
0.69266975
0.62255514
0.57761747
0.65483916
0.58008236
0.64503163
0.56916195
0.57523388
0.50245267
0.6156342
0.51793849
0.50820297
0.48010987
0.56014597
0.48841313
0.5239085
0.50294608
0.61526817
0.5421508
0.57936293
0.54634702
0.53844857
0.56970155
0.59928727
0.53464264
0.54419827
0.55932927
0.65010613
0.59679079
0.55366468
0.60422575
0.59150386
0.58878165
0.63274419
0.62474006
0.5562374
0.63802731
0.58109778
0.54300171
0.5730238
0.5742712
0.56831354
0.67287505
0.58388668
0.59509462
0.60689908
0.58481967
0.65336394
0.59576941
0.57753479
0.58467996
0.56388396
""
0.55295646
0.59005737
0.56003433
0.59726763
0.64145297
0.5799194
0.54837316
0.54234302
0.59999979
0.61249185
0.58279335
0.58455157
0.56866509
0.5583896
0.59075838
0.58805513
0.63874537
0.59461474
0.62774867
0.57794172
0.52256829
0.57911068
0.60871345
0.63466406
0.55667418
0.62209678
0.55479062
0.54855698
0.55825812
0.60404402
0.66114825
0.61941028
0.60506272
0.59878284
0.61666256
0.52585369
0.50788552
0.5591445
0.65543836
0.61110538
0.62827682
0.58389819
0.53663403
0.56203723
0.56912875
0.55433893
0.44559386
0.55292827
0.53814477
0.59011298
0.56780916
0.59799951
0.51177043
0.55881935
0.62327302
0.5934034
0.60977483
0.55065054
0.48661682
0.4822008
0.58309644
0.58830112
0.55729783
0.57765824
0.49963444
0.53093427
0.55811125
0.56948793
0.50133508
0.48542541
0.44361889
0.59649241
0.47213846
0.57286918
0.61275864
0.62707579
0.60817158
0.54908901
0.60186809
0.49228463
0.4984577
0.57474691
0.54931724
0.54971141
0.60485357
0.61056936
0.61494792
0.58651817
0.63959563
0.62127876
0.5575363
0.60305113
0.61901963
0.62904257
0.49720547
0.58531064
0.57958299
""
0.44452873
0.57687479
0.62435061
0.53273571
0.49437553
0.53816211
0.55478382
0.54882705
0.50092542
0.50865489
0.57051748
0.6032595
0.52362251
0.56804931
0.55842417
0.57588398
0.53856355
0.58960849
0.5642041
0.58881855
0.54464889
0.51672387
0.48721769
0.51926261
0.52260584
0.59458345
0.54131293
0.53828025
0.58193469
0.5403744
0.58503819
0.53783756
0.55511522
0.53900313
0.56991702
0.47095487
0.51936138
0.50884199
0.54822499
0.52314258
0.53480333
0.45967689
0.45932117
0.57959896
0.4003211
0.47770548
0.53742367
0.46746597
0.49834573
0.50351733
0.5188657
0.41418734
0.44203344
0.4775095
0.54842639
0.39139676
0.40525633
0.4962799
0.48315626
0.56819105
0.52801508
0.51511532
0.47277191
0.53077006
0.5215959
0.49697188
0.53451043
0.54031748
0.52632374
0.59585404
0.56048089
0.52709341
0.4519546
0.55491269
0.57814431
0.60306835
0.59929127
0.54215229
0.54998827
0.6106019
0.58768612
0.55880082
0.54641962
0.56321251
0.50434345
0.43917146
0.46771553
0.49787104
0.4967041
0.58729291
0.47372332
0.6294021
0.50153846
0.56316334
0.61106586
0.50192142
0.51017934
0.46693873
0.43652666
0.49073875
0.49788153
0.57089633
0.58162409
0.56122249
0.522053
0.59021914
0.55289429
0.57851154
0.51729351
0.57341486
0.48012283
0.55653191
0.57854873
0.48633668
0.59191275
0.62830621
0.49861279
0.54734826
0.45611176
0.54731649
0.52160865
0.51864672
0.50007147
0.53173977
0.5366624
0.52055186
0.48472348
0.54173249
0.50194925
0.56255549
0.53101659
""
0.59386629
0.52021766
0.60360938
0.61949444
0.41341722
0.47651649
0.52959788
0.44884485
0.68337476
0.48246196
0.49851105
0.45487744
0.56751865
0.52180904
0.58094782
0.43936518
0.62736404
0.55492002
0.43920687
0.49654022
0.56450397
0.57463741
0.5640102
0.54797435
0.51525491
0.44239363
0.46936902
0.48917043
0.58019912
0.5350244
0.55181485
0.58050007
0.60513526
0.54290223
0.56243694
0.5469473
0.59213948
0.5287962
0.39121684
0.55326474
0.59509259
0.42225096
0.45350909
0.49252501
0.55835319
0.55302185
0.51957208
0.59793729
0.52957493
0.49000791
0.49811536
0.58436424
0.51716501
0.45585772
0.5393346
0.55584991
0.48724037
0.52469152
0.51736587
0.54023325
0.58090162
0.57473648
0.61428744
0.54008347
0.51496023
0.48620594
0.51580799
0.53346527
0.52378607
0.4988361
0.45905566
""
0.43296036
0.39892986
0.59063524
0.57941782
""
0.59014845
0.56523037
0.51314646
0.49422741
0.57252902
0.57944137
0.56019586
0.58428895
0.60770953
0.53366518
0.58206356
0.57707125
""
0.52776223
0.52636695
0.53421235
0.58943015
0.58091754
0.467848
0.5618102
0.54202062
0.55849344
0.56478858
0.61989331
0.60025501
0.49934018
0.54457569
0.56369889
0.59192705
0.546197
0.61167473
0.47443506
0.54808682
0.54812133
0.54110295
0.60973281
0.60023606
0.54520738
0.51646823
0.57807136
0.53882813
0.61774069
0.57174116
0.62556016
0.57087278
0.59635031
0.56890625
0.46071863
0.51914078
0.51506197
0.43182412
0.54317331
0.4969902
0.56828624
0.51601326
0.65002793
0.60491937
0.45447657
0.54532301
""
0.59397429
0.59377974
""
0.53677481
0.5373584
0.55020219
0.57724965
0.55145389
0.59046584
0.53770947
""
0.49834162
0.48513481
0.51420188
0.5030725
0.48649892
0.54323822
0.50087392
""
0.49341026
0.44912153
0.45354584
0.58975101
0.46039471
0.59212452
0.51683581
0.5642159
0.56383187
0.41697127
0.5414272
""
""
0.53169519
""
0.54585838
0.61268705
0.61854523
0.6423772
0.61388505
0.6308161
0.62716645
0.64519095
0.60818326
0.5543263
0.48531342
0.57803738
0.5193373
0.54845369
0.58023345
0.60283637
""
0.60011631
0.61784953
0.62239641
0.60254365
0.63483822
0.5996595
0.61607581
0.66845703
0.56205249
0.56028968
0.54944223
0.64985567
0.64946455
0.67435569
0.63314193
0.56538081
0.60135877
0.62840539
0.57685101
0.64085567
0.55787128
0.54864055
0.69735569
0.6353752
0.65761125
0.68185163
0.59389722
0.6349116
0.68155563
0.60963053
0.63314396
0.65288675
0.62823969
0.62530756
0.62155575
0.65368062
0.63765746
0.62786609
0.59607464
0.60144252
0.63913244
0.65469158
0.60099924
0.55356938
0.58898461
0.62428343
0.5800947
0.54652846
0.5756582
0.54994649
0.60757345
0.58364689
0.55781382
0.55993384
0.55465895
0.54247624
0.60011327
0.55776054
0.58872408
0.5836637
0.55926067
0.56067818
0.56323433
0.57100886
0.58898407
0.65135694
0.61593127
0.52779728
0.58212948
0.57097101
0.37536967
""
0.43046293
0.52919012
0.52818114
0.47623491
0.55480641
0.52163965
0.51268274
0.56054503
0.6346671
0.68642294
0.56988877
0.58729172
0.61194444
0.62755764
0.62089348
0.65462524
0.55194938
0.50959855
0.46985912
0.54875422
0.59538031
0.58413196
0.5564087
0.51451969
0.56365812
0.57873148
0.53175884
0.51257056
0.46075752
0.60462767
0.62693417
0.54304361
0.51237565
0.53680861
0.6208781
0.57580256
0.58095908
0.63865423
0.577151
0.48959756
0.53898144
0.56153166
0.54190671
0.45208231
0.45098263
0.52376699
0.43688634
0.42428082
0.46964642
0.48906681
0.56296873
0.5061
0.56735951
0.59069735
0.54118985
0.36849737
0.43388021
0.46700493
0.54412919
0.48383138
0.54901564
0.49215415
0.50592494
0.55429703
0.59208494
0.6207453
0.55451232
0.53279006
0.59477043
0.58707809
0.61277866
0.60503882
0.62845612
0.62953115
0.52621627
0.56323278
0.53645563
0.68175668
0.60550779
0.55553615
0.54546148
0.61566627
0.66288161
0.57968038
0.58835959
0.6093536
0.60851783
0.60138983
0.62530261
""
0.54121852
0.62054354
""
0.42595434
0.53512704
0.61540174
0.55763054
0.49846736
0.52477866
0.53805447
0.50182533
0.50192094
0.52352613
0.54296261
0.56425315
0.54444802
0.49422365
0.52887458
0.54654717
0.56111938
0.60538054
0.54981804
0.60154378
0.59892499
0.53249198
0.56191856
0.53947335
0.60658169
0.54310572
0.54552215
0.49916199
0.44775704
0.4257845
0.53948402
0.52131474
0.55993247
0.64232725
0.64858228
0.58013636
0.61803001
0.58137476
0.61597174
0.59525144
0.6126312
0.7040149
0.62303215
0.51666862
0.5263297
0.52069378
0.56359434
0.54079944
0.49734014
0.61357772
0.5892455
0.53878778
0.61045474
0.54433453
0.67562717
0.60658908
0.53201783
0.66125
0.63969165
0.50509655
0.56274772
0.56962037
0.50879395
0.54122555
0.47537783
0.51071537
0.5767011
0.56278723
0.59170073
0.60498452
0.5992589
0.50370967
0.67217863
0.64938223
0.63414288
0.58683687
0.60639787
0.5556131
0.6250037
0.63284171
0.71825427
0.6208331
0.64670467
0.62079215
0.63044369
0.60395306
0.61669511
0.68406177
0.54104042
0.55053639
0.49826759
0.49694586
0.52493912
0.48863819
0.54555714
0.4988181
0.57156157
0.52941376
0.57419759
0.55994642
0.56312698
0.55512238
0.66733533
0.67129976
0.65934139
0.62810099
0.64494306
0.63751727
0.60905778
0.62839502
0.60536742
0.64999211
0.68073714
0.56403112
0.6705361
0.58542413
0.66765743
0.62471235
0.58273941
0.62231034
0.50379056
0.53036648
0.67479938
""
0.52410179
0.5599702
0.4741942
0.46210971
0.54277545
0.56436723
0.47261873
0.57317948
0.58533424
0.56937808
0.61967134
""
""
0.57804286
0.55884004
0.5955655
0.60072881
0.63201636
0.60904044
0.49828127
0.55964386
0.57181269
0.60605091
0.50842881
0.56465179
0.58690333
0.60030758
0.61551178
0.56526703
0.59752035
0.64808393
0.55934334
0.5297848
0.53137857
0.58599198
0.59300619
0.5431307
0.58665866
0.62622201
0.54862219
0.6161381
0.56261218
0.60283357
""
0.59282041
0.54079485
0.60826671
0.62222898
0.5999921
0.57204586
0.62664384
0.57982367
0.60734665
0.62097746
0.59930992
0.56566429
0.58781123
0.5930264
0.61592567
0.60026842
0.59146684
0.58076382
0.67327362
0.69402879
0.5860641
0.68043256
0.64893121
0.63129944
0.62867922
0.62991375
0.56702673
0.57581604
0.53314835
0.53303093
0.61730152
0.60392553
0.67560458
0.68385398
0.61338282
0.67559612
0.6499328
0.52459198
0.43863258
0.50759459
0.60991573
0.62384218
0.57611066
0.57570338
0.52953881
0.56508172
0.65571326
0.58686918
0.60466093
0.50415629
0.57910734
0.55057305
0.58303994
0.57261211
0.54742819
0.44292039
0.46948892
0.56980574
0.57641727
0.58870775
0.65292937
0.61972427
0.57772684
0.44579425
0.54216582
0.52691567
0.55572617
0.64649075
0.61050165
0.60634917
0.50075573
0.58550203
0.60317707
0.63561058
0.55658317
0.57152468
0.62094033
0.63038504
0.60040128
0.65970379
0.59262943
0.50691593
0.57041109
0.5790379
0.61031508
0.55938309
0.64503008
0.61713231
0.61607993
0.62843663
0.62394857
0.60735661
0.57486314
0.61053514
0.6170103
0.56474459
0.56868136
0.61027211
0.57399923
0.56574482
0.5989697
0.51318997
0.59188533
0.51607662
0.52890396
0.61486125
0.57570112
0.62699926
0.52551818
0.57541728
0.56645834
0.580522
0.57813072
0.61767334
0.51364601
0.62290794
0.59569484
0.55495757
""
0.56463212
0.56546056
0.5548358
0.6478228
0.64090687
0.63757205
0.57575226
0.66735667
0.56915426
0.65023375
0.68027401
0.64937401
0.62352502
0.58750296
""
""
0.56643033
0.5388099
0.58668762
0.62066287
0.60461265
0.6439473
0.57936746
""
0.57496899
0.59173101
0.56597275
""
""
0.53144234
0.56964183
0.6238687
0.61422557
0.60546178
0.58465713
0.62636209
0.60030401
0.62869197
0.4674699
0.55121404
0.5316577
0.52017367
0.56088895
0.49763459
0.52091378
0.52793771
0.54960006
0.55671918
0.41040748
0.49751899
0.43116847
""
0.54652387
0.51596689
0.44523472
0.49513
0.54469967
0.40262783
0.56770468
0.57539177
0.60485685
0.53977567
0.57014847
0.43978041
0.54037583
0.39186192
0.61153871
0.56828278
0.46498144
0.50732297
""
0.64864635
0.48010316
0.39383861
""
0.37352458
0.56518692
0.64672065
0.43187749
0.60394573
0.56176847
0.58237046
0.51026762
0.58508605
0.4594571
0.55051547
0.49492002
0.5890125
0.49725327
0.60604548
""
0.48104483
0.5757398
0.59790951
0.61421061
0.55857629
0.58561397
0.63550532
0.47156411
0.46644869
0.48542225
""
0.55305171
0.50886643
0.51059538
0.61642528
0.61724275
0.56689173
0.55401051
0.55903983
0.58982265
0.60882843
0.6117956
0.36492437
0.45314056
0.59206206
0.50506139
""
""
0.56788391
0.62807345
0.51701921
0.53320587
0.64824724
0.51409918
0.62125546
0.463485
0.52200824
0.53832066
0.44335267
0.52658844
0.41536543
0.52477664
0.58539689
0.54650861
0.510809
0.51979613
0.63294375
0.52326065
0.56938356
0.56115842
0.55155998
0.58450633
0.53844285
0.55326915
0.60421926
0.62243384
0.66601396
0.65357673
0.59303761
0.63359737
0.68123096
0.59589761
0.59189188
0.59635347
0.52565759
0.6257776
0.49367127
0.56063139
0.60109943
0.47033092
0.4970614
0.56924188
0.48757803
0.49119678
0.57691991
0.58963096
0.61795443
0.55735028
0.54186684
0.58482325
0.54818797
0.66640669
0.58802122
0.59686124
0.56525534
0.56562352
0.53873283
0.49121559
0.56995529
""
""
""
""
0.617836
0.59101373
0.58242118
0.64259428
0.64310414
0.67135084
0.58189082
0.60592687
0.6088053
0.61195219
0.62650627
0.58044773
0.63125736
0.59826231
0.59735632
""
0.64493394
0.74622166
0.65831953
0.66828996
0.63962567
0.67276484
0.63101256
0.6640659
0.62326837
0.64305502
0.65792131
0.66490728
0.60022271
0.60612798
0.64141339
0.46686327
0.61596239
0.6478405
0.64967835
0.65656936
0.66897345
0.69465077
0.61005199
0.64397657
0.60684615
0.57446009
0.70010924
0.66530144
0.64975035
0.67646462
0.59791601
0.58890939
0.5846706
0.6460464
0.61833972
0.59538758
0.58618957
0.69444984
0.57126975
0.56980222
0.60645539
0.64164841
0.62224591
0.61099255
0.56978554
0.58388638
0.63060522
0.58660299
0.53338963
""
0.71824378
0.63461298
""
""
""
""
""
0.54308116
0.52414495
0.51573974
0.63176876
0.53262568
0.59281272
0.61921024
0.55350494
0.61840326
0.60226041
0.53030682
0.56178331
0.52558446
0.49675187
0.53204691
0.52617872
0.6041553
0.56584394
0.48284337
0.52095461
0.54922736
0.60187411
0.44673076
0.56503725
0.51999974
0.50832278
0.50089449
0.43053728
0.50100362
0.51395684
0.5656082
0.47219363
0.54060298
0.49663186
0.52365261
0.49532521
0.4755708
0.48455212
0.57124192
0.49731427
0.44445372
0.5006932
0.4158726
0.50259781
0.58117026
0.51128703
0.63531864
0.56702012
0.59393221
0.53264445
0.53960001
0.62166458
0.62625211
0.62313336
0.56207025
0.59840953
0.67120087
0.58057016
0.56141013
""
0.59086698
0.51910543
0.62107456
0.54701203
0.58480364
0.57180125
0.53320354
0.5219146
0.53217757
0.4768399
""
""
0.44755295
0.55763113
0.57444632
0.52638423
0.5361442
0.53274029
0.52707613
0.50263232
0.52715766
0.53950018
0.47813186
0.58782685
0.59006304
0.56480777
0.57676703
0.56387395
0.59521848
0.55686659
0.60028893
0.50822538
0.54584217
0.54875022
0.57047045
0.52854323
0.54509997
0.5831368
0.53224456
0.44920465
0.51005709
0.47319639
0.45594057
0.52334905
0.5684762
0.53880072
0.59621251
0.56569856
0.62327433
0.56533563
0.56762087
0.51320332
0.4679929
0.49316156
0.51585716
0.51372039
0.49130246
0.51106858
0.51588839
0.55861187
0.56080705
0.58076584
0.58856797
0.55857915
0.63379997
0.65103126
""
0.63208121
0.57153642
0.63049042
0.63248503
0.61470354
0.61832368
0.59477264
0.63456523
0.58822352
0.55301237
0.53575081
0.59539634
0.59717929
0.5665375
0.55023968
0.56641954
0.54859084
0.51951879
0.56800067
0.58757025
0.58312416
0.56758153
0.5432604
0.56358415
0.63174808
0.55195922
0.61608273
0.60494405
0.60884261
0.60629654
0.60260379
0.65397602
0.60192055
0.62430477
0.62195855
0.66021782
0.47559461
0.51935071
0.60229254
0.58979791
""
0.53515172
""
0.49307948
0.58440959
0.65600836
0.60088152
0.60748529
0.58159572
0.59258354
0.57931948
0.59933382
0.62157214
0.59269887
0.63346428
0.63961804
0.50077164
0.61762327
0.56981266
0.6101774
0.60321307
0.62772804
0.69850463
0.65330851
0.65524042
0.6278308
0.60497123
0.63131934
0.58376884
0.61667711
0.61111075
0.56068891
0.67732996
0.58145279
0.60655403
0.62717026
0.6282925
0.61857373
0.55900306
0.56954527
0.61682987
0.61134934
0.58625895
0.5951553
0.61565107
0.55560112
0.54188544
0.58380765
0.61989778
0.59571522
0.54987824
0.58422232
0.52834314
0.57985449
0.54276174
0.53613007
0.47986501
0.48812228
0.58898312
0.59236056
0.63178694
0.58721429
0.57678998
0.58695012
0.5330981
0.63817459
0.54112405
0.54518765
0.56544727
0.56316864
0.61406958
0.55699348
0.45136824
0.52008665
0.53399032
0.55624592
0.5721615
0.61088789
0.59298003
0.56318486
0.56617242
0.62904644
0.58891535
0.60300875
0.60207462
0.64003241
0.54671896
0.64798224
0.63005275
0.62974513
0.62156576
0.59906131
0.5638845
0.56568038
0.66646701
0.51309532
0.53341085
0.53060848
0.53847522
0.49961531
0.48831031
0.55622244
0.60059446
0.64208454
0.58837211
0.64613622
0.60357815
0.57370514
0.62350327
0.62429845
0.5859319
0.59341425
0.67682892
0.65684021
0.62850034
0.5914939
0.60937476
0.58489645
0.59466863
0.59924048
0.60998595
0.64055729
0.6327256
0.61309427
0.59312558
0.58890831
0.65820074
0.63747627
0.62565911
0.61793268
0.63016254
0.66931152
0.63583618
0.62953371
0.52066272
0.60858911
0.55528307
0.55061918
0.60206181
""
0.63261002
0.61796206
0.65010244
""
0.62016845
0.64280498
0.57229662
0.54609245
0.52492917
0.5323388
0.62533629
0.59110421
0.5725382
0.5763042
0.53398418
0.54339814
0.59702909
0.59149075
0.58658338
0.54829568
0.59130287
0.44955659
0.52327955
0.54480356
0.5363512
0.55394822
0.5233838
0.53158158
0.53391415
0.54457361
0.47053078
0.55537564
0.59463698
0.58262819
0.51911825
0.58721566
0.55717391
0.60090429
0.5703398
0.61388099
0.53823984
0.59546536
0.55113173
0.59701705
0.56451505
0.61587238
0.60007668
0.57487315
0.54925996
0.56846446
0.65169346
0.56526577
0.48892999
0.54164821
0.52243191
0.60087329
0.57501519
0.53413451
0.57070333
0.59858721
0.67206484
0.59900999
0.6224488
0.57800955
0.52019739
0.58107477
0.5819521
0.53664845
0.588588
0.57104427
0.62364852
0.57616377
0.59895992
0.59305692
0.55240637
0.57525462
0.60609531
0.61618853
0.57364428
0.58986741
0.63912922
0.63618851
0.6052956
0.7207185
0.56874722
0.62391883
0.5694288
0.62301487
0.60447967
0.61193889
0.56559134
0.59548569
""
0.63009065
0.568636
0.59045744
0.6674974
0.55468303
0.5890255
0.5900324
0.56802839
0.59514713
0.57513005
0.59318733
0.55480772
0.60167271
0.60172462
0.56697524
0.42485103
0.54551965
0.52662063
0.58306795
0.52895558
0.51611114
0.55194128
0.53954005
0.62475508
0.6422745
0.59398919
0.62434202
0.5724833
0.56318271
0.56451011
0.58548725
0.60061979
0.67901349
0.53746176
0.62193549
0.6593017
0.59641272
0.63346106
0.56967473
0.51533026
0.54170865
0.63336474
0.60519058
""
0.68333125
0.69006777
0.64411646
0.61923605
""
0.5575307
0.58692348
0.59237689
0.57709563
0.53004968
0.55002749
0.56491423
0.61611438
0.55190986
0.53165388
0.59727657
0.62459964
0.5220418
0.51865417
0.540012
0.56102824
0.66441458
0.66866165
0.57814932
0.56822199
0.60445917
0.60632497
0.57997751
0.62064832
0.6268357
0.61068642
0.57915771
0.57148212
0.5629313
0.63403463
0.54990989
0.56106359
0.5986762
0.58021086
""
0.68532205
0.54654998
0.56129766
0.59508109
0.57344347
0.50256461
0.6557858
0.67519337
0.58217031
0.50408679
0.56211877
0.62468576
0.60682666
0.56295359
0.50217497
""
0.47183368
0.5197196
0.42589128
0.49692342
0.5921846
0.52100754
0.4914338
0.46965739
0.45013323
0.47952956
0.43311629
0.58014554
0.56949812
0.5927496
0.50260079
0.48997313
0.3943947
0.40273717
0.48964471
0.48049772
0.43449736
0.490381
0.46693519
0.50815827
0.54742229
0.52583617
0.52108485
0.57821369
0.5974828
0.65720046
0.45482206
0.55290842
0.595689
0.56037581
0.50140625
0.62350172
0.60863644
0.5342741
0.55850935
0.60145456
0.63770151
0.42852467
0.62751883
0.64664441
0.65569353
0.62606061
0.57549638
0.61142993
0.36287576
0.50587374
0.68791944
0.70569146
0.55035734
0.53196621
0.61107558
0.53676659
0.76844668
0.61789548
0.55218607
0.57307166
0.57262021
0.57171321
0.58402973
0.59345716
0.62448841
""
""
0.72646666
""
0.6068188
0.57270706
0.55720752
0.57164389
""
0.61669779
0.5142085
0.56803024
0.56016129
0.54899806
0.52774149
0.50319022
""
0.60057425
0.60641384
0.44696245
0.46460012
0.60949522
0.573448
0.47637379
0.54379314
""
0.48469082
0.5438087
""
0.63505232
0.5165472
0.57597727
0.54449898
0.53999507
0.55121207
0.56866956
0.60375625
0.57629508
0.62992406
0.4921746
0.58588117
0.62863636
0.629345
0.67396873
0.62426674
0.59895062
0.63178748
0.60654712
0.4838782
0.59378803
0.59568501
0.57911438
0.56845516
0.57506788
0.62965816
0.62185454
0.66106617
0.6269899
0.55479252
0.54238814
0.58162516
0.66196847
0.63721853
0.49357784
""
""
0.62946165
0.65706146
0.63315189
0.59730327
""
0.60776114
0.50601178
0.56977105
0.57852763
0.53698301
""
0.70516682
0.56427449
0.6130147
0.65618753
0.56570059
0.58879399
0.60169363
0.76632375
0.63693249
0.58137995
0.58949697
0.65142804
0.66306394
0.57624072
""
0.60565478
0.63118786
0.60603279
""
0.64064193
0.58036757
0.67226928
0.75433481
0.72299659
0.7275787
0.6475336
0.56908852
0.62666202
0.63109833
0.58547062
0.69211692
0.68209565
0.64528483
0.69598269
0.69417626
0.72611433
0.67890543
0.72125155
0.73983949
0.67011398
0.7317577
0.66076064
0.71681654
0.6927954
0.62783867
0.6489532
0.54454279
0.69009852
0.65850705
0.64996779
0.60055196
0.61220902
0.53782463
0.63550365
0.62436903
0.62506509
0.5094533
0.57658958
0.53912979
0.51300722
0.68895775
0.70330769
0.66465145
0.66719151
0.6538524
0.6933108
0.7023809
0.74531972
0.6773082
0.72457129
0.61290085
0.67533886
0.63185334
0.63309383
0.71297687
0.62016535
0.59506792
0.58478296
0.55558091
0.59902501
0.63683957
0.58578593
0.47156891
0.59570086
0.63585663
0.64143801
0.4016335
0.61449754
0.5655331
0.70481962
""
0.62790543
0.7302171
0.67913085
0.65658164
0.6397
0.66196913
0.71435982
0.67516333
0.6618759
0.70108092
0.67499632
0.66319162
0.64459777
0.65042549
0.64064074
0.6536234
0.67657197
0.72920197
0.7738989
0.74895561
0.64925474
0.69976503
0.65111828
0.60953325
0.61857367
0.66161287
0.62178248
0.60372698
0.65118098
0.67003375
0.64165372
0.64002794
""
""
""
""
""
0.62296689
0.61503941
0.6045891
0.5350408
0.63722944
""
0.58008599
0.58529973
0.60927868
0.53872269
0.6196968
0.58535397
0.59231621
0.61121607
0.65062577
0.53701323
0.55969638
0.60456473
0.57647943
0.53857076
0.56788129
0.56266928
""
""
0.57874143
""
""
""
""
""
0.57944274
0.50232607
0.51604098
0.60174316
0.60476452
0.55623859
0.61708277
0.59846497
0.58481294
0.68290031
0.64860362
0.61387599
0.71408898
0.65706533
0.69433057
0.64769697
0.66891855
0.72594911
0.69662559
0.65092278
0.65233612
0.65700412
0.64979607
0.65067214
0.51560688
0.62684208
0.61902165
0.60936314
0.64888835
0.71548432
0.67288041
0.6761747
0.60797644
0.63168013
0.68717152
0.62675864
0.63001907
0.66703385
0.60469717
0.46299046
0.56236583
0.60731494
0.59405261
0.64967817
0.6362291
0.58551264
0.64996767
0.64879894
0.63251078
0.60432577
""
0.66136467
0.67265803
0.68820649
0.68192101
0.6683684
0.67830944
0.63181621
0.70990658
0.69322151
0.64002198
0.66203445
0.64719379
0.66662031
0.68173295
0.70378602
0.71142459
0.68765694
0.70325774
0.68463045
0.70491076
0.600887
0.59538597
0.57342118
0.67536259
0.66769683
0.66525596
0.59780842
0.59230322
0.61693686
0.64734328
0.58884275
0.64916456
0.54217732
0.56169087
0.67815036
0.64884943
0.62168992
0.6617586
0.50289291
0.68246061
0.65322793
0.54159075
0.56667262
0.61193073
0.56357497
0.58036184
0.50866848
0.61442775
0.62226582
0.5000841
0.59678411
0.54553401
0.67271405
0.64631349
0.60254222
0.58611298
0.65903836
""
0.67281896
""
0.65404522
0.63107902
0.67987353
0.57855654
0.60337794
0.68474782
0.5804109
0.64471245
0.71644443
0.67829126
0.6772784
0.61881119
0.65284884
0.66882515
0.62859875
0.67009431
0.63831586
0.62566966
0.68945837
0.66732252
0.68153489
0.64007521
0.68732423
0.7040844
0.69125402
0.70208579
0.6599974
0.60659415
0.69165123
0.68839926
0.61186248
0.64366335
0.65118539
0.61574817
0.6299426
0.64917535
0.69632453
0.58653724
0.47825834
0.57108098
0.68810803
0.58075607
0.64273024
0.54647756
0.66644388
0.60472775
0.63858658
0.57891536
0.62385988
0.56737435
0.62331015
0.61282599
0.66681153
0.64260018
0.67238474
0.68725413
0.53433228
0.6514383
0.5780282
0.572339
0.52593768
0.59538323
0.55059642
0.65479678
0.61851138
0.62393916
0.59981263
0.59932625
0.62153357
0.66173947
0.72350216
0.68821198
0.69440067
0.56215203
0.64790815
0.59895909
0.64724922
0.6339913
0.60518426
0.61734372
0.62652934
0.67418259
0.69607466
0.62402219
0.64274818
0.66799778
0.57988167
0.59285802
0.66292393
0.64570928
0.63599384
0.59662151
0.67090702
0.72146308
0.68137014
0.6924324
0.55739808
0.6190502
0.60069191
0.64039671
0.62914783
0.72873509
0.64103359
0.71007937
0.67159384
0.60354882
0.69785041
0.47913936
""
""
""
""
""
""
""
""
""
""
""
""
0.66350591
0.65560251
0.53732532
0.55207992
0.61573541
0.45897487
""
""
""
0.64030761
""
""
""
""
""
""
""
0.62556893
0.46535137
0.51585257
0.63008255
0.47502893
0.56683862
0.50242531
0.61475766
0.55490685
0.5752579
0.50865024
0.58528483
0.62888974
0.64678979
0.64892077
0.57898444
0.55959982
0.58172822
0.65985423
0.68874222
0.5801698
0.62957203
0.55034351
0.58041149
0.60924238
0.57346123
0.52660447
0.6007002
0.63771921
0.66171187
0.61133277
0.68637049
0.69028366
0.67601442
0.64181036
0.69766885
0.64198887
0.52287525
0.66048783
0.61795485
0.65368932
0.66057622
0.62367314
""
0.4607825
0.58363616
""
0.50068349
0.64767587
0.61618835
0.65879905
0.63333124
0.62587541
0.61514318
0.5632419
0.56262136
0.55113477
0.68861806
0.52388769
0.56546855
0.58072329
0.62147635
0.60511416
0.60308611
0.55063128
0.56668568
0.65257728
0.65050304
0.55694616
0.63770998
0.64888602
0.64711666
0.64266664
0.58782536
0.50711775
0.51811779
0.64265484
0.63448042
0.56619048
0.63743192
0.5920068
0.49805453
0.59416264
0.58222336
0.60187048
0.53593636
0.63163298
0.60667908
0.58283079
0.61183178
0.67013967
0.60642016
0.58703482
0.64610237
0.6132431
0.57831407
0.58646542
0.61674321
0.57669306
0.54232085
0.5551517
0.55474013
0.67077231
0.57085454
0.58773661
0.54529482
0.5985446
0.58847207
0.59047621
0.62357187
0.63672984
0.60709143
0.62993056
0.66826278
0.60471928
0.60915822
0.71194041
0.6920588
0.60863131
0.68121636
0.62753117
0.59433377
0.64564669
0.56823164
0.65098459
0.55612606
0.61023128
0.67973703
0.57053393
0.62646329
0.60379136
0.58465409
0.62001085
0.60552984
0.62233472
0.66713685
0.61027795
0.62157208
0.62045777
0.54745477
0.55648875
0.59368408
0.60195905
0.62783682
0.61363846
""
""
0.54951811
""
""
""
""
0.51704264
0.57930398
0.61056453
0.66250312
0.48559055
0.51861238
""
""
0.65683597
0.56597364
0.60690099
""
""
0.56010008
0.40684596
0.53278273
0.50497276
0.52574944
0.53018719
0.53481913
0.58283824
0.65070242
0.60600704
0.62627208
0.56400377
0.61599678
0.62608403
0.64313555
0.64767736
0.67984134
0.5985592
0.61720872
0.64396614
0.51936835
0.56909263
0.51313043
0.5204466
0.63989598
0.6499061
0.60551041
0.56424195
0.54969454
0.65386164
0.67099553
0.67299742
0.66583699
0.64497745
0.64971769
0.58602464
0.62477642
0.57970434
0.65553498
0.59495622
0.63053185
0.61209691
0.60918033
0.61122137
0.63940972
0.67201376
0.63687772
0.65017575
0.63985991
0.66096097
0.64069897
0.61657453
0.57335502
0.47570404
0.61056
0.64297497
0.64980936
0.6047948
0.59031898
0.54424804
0.5659017
0.62694758
0.60077566
0.62248117
0.66573495
0.68398827
0.59449589
0.62807429
0.66421586
0.60827726
0.54315931
0.64359003
0.59001702
0.64293575
0.67327434
0.60161036
0.64134735
0.61258703
0.65782404
0.55702937
0.58130586
0.50038379
0.55361325
0.61013287
0.56246102
0.6109913
0.54047906
0.57860374
0.59439629
0.63593966
0.61995643
0.63352704
0.6251716
0.60593569
0.6649369
0.59796685
0.61557579
0.62118685
0.61968642
0.63807786
0.62343603
0.66361099
0.65578067
0.62289011
0.67733872
0.68782622
0.62652177
0.69865739
0.67908472
0.63291121
0.61074114
0.6124081
0.63838983
0.62204891
0.54873008
0.64526516
0.66320306
0.59590125
0.63241267
0.64275962
0.59289247
0.65129024
0.6185289
0.62040365
0.61369348
0.30005753
0.53772289
""
0.42528093
""
0.51865852
0.64002705
0.59813547
0.55355251
0.58186454
0.55452037
0.54725462
0.62995905
0.50576341
0.54675192
0.51024038
0.60483581
0.58318138
0.6395635
0.59871167
0.51430118
0.60841566
0.52759701
0.64590234
0.53471774
0.57707316
0.58528155
0.59613687
0.6356166
0.61738306
0.66028911
""
""
0.55733502
0.60626096
0.55684674
0.58692425
0.4898054
0.5350166
0.45253256
0.58375692
0.62402475
0.58476424
0.6715101
0.59881049
0.63995844
0.62764794
0.60491127
0.62050653
0.61379546
0.58297533
0.61672825
0.61357629
0.5240857
0.57127035
0.61404228
0.54804361
0.53825361
0.54979599
0.58606768
0.62183189
0.67751914
0.57545179
0.51441926
0.52845335
0.53208071
0.67173427
0.52108955
0.54617035
0.68499005
0.64889163
0.6256268
0.55979246
0.64010072
0.64803678
0.65700245
0.57532716
0.63585937
0.62814647
0.56164002
0.63193399
0.58262771
0.66705436
0.60831159
0.59410131
0.62775004
0.58047873
0.6167559
0.6241166
0.67156082
0.58640218
0.55784285
0.50473338
0.55495656
0.59749782
0.68727362
0.54336214
0.59435838
""
0.65369868
0.62786007
0.58132356
0.64386398
0.56228322
0.59295118
0.6450761
0.67313319
0.62308371
0.6741147
0.62897485
0.66065878
0.66073245
0.63261366
0.66053885
0.66789162
0.67433041
0.61660773
0.62771481
0.59909427
0.61240965
0.52666694
""
0.53958541
0.58517522
0.5480637
0.64543742
0.59945261
0.48852879
0.5782274
0.57348263
0.44688308
0.56991768
0.52506435
0.6467492
0.49031755
0.56003082
0.56564397
0.61384499
0.63799584
0.58721447
0.56401879
0.5532307
0.63522041
0.57535809
0.52391458
0.53714746
0.6056121
0.55748516
0.58489734
0.52596968
0.5162034
0.5767675
0.53032726
0.49461424
0.57557988
0.50839639
0.5691449
0.50164866
0.63306731
0.51965672
0.53521717
0.53878134
0.50990158
0.54577029
0.62260628
0.57399774
0.55417448
0.58398402
0.57139039
0.53905451
0.6255973
0.53680158
0.50885242
0.51071525
0.55898237
0.54805791
0.6293565
0.60227913
0.55267823
0.5472191
0.57981884
0.49209124
0.56291658
0.5440948
0.58008784
0.46276504
0.50040781
""
""
""
""
0.64140087
0.49810159
0.63814706
0.51580977
0.53251326
""
""
""
""
0.57160574
0.58165562
0.56883484
0.63409597
0.47228247
0.56670123
""
""
0.49599946
0.57627553
0.52589446
0.52739429
0.58890152
0.58472639
0.54007328
0.64261645
0.65831131
0.59821641
0.54743588
0.64926893
0.64454561
0.58749974
0.65324777
0.67877895
0.66343439
0.63276297
0.62007612
0.63663107
0.64946437
0.65982884
0.68992406
0.65277737
0.60870022
0.62488496
0.60611129
0.51327229
0.51568598
0.55359495
0.59562236
0.52902484
0.57100719
0.56151545
0.58089674
0.55952412
0.64793342
0.60610181
0.66971159
0.66990441
0.67675894
0.66612715
0.65159768
0.64316303
0.53783524
0.66463673
0.66811633
0.64769626
0.65184456
0.53997129
0.5992465
0.62986201
0.56600302
0.56693864
0.66475767
0.60040921
0.54224348
0.53150797
0.56767565
0.64676553
0.61363018
0.5591293
0.64532346
0.55448246
0.55150193
0.55193281
0.55625463
0.55867785
0.59092164
0.58588755
0.60365117
0.58267909
0.54745013
0.63467634
0.5930534
0.49263388
0.60762018
0.5011853
0.6207763
0.52398843
0.57790989
0.54480308
0.59371495
0.55994892
0.45616946
0.50283915
0.43767199
0.50940531
0.51706922
0.63627845
0.61765277
0.55408108
0.5798099
0.56238812
0.5422439
0.63153714
0.62182021
0.63698226
0.60255355
0.57457918
0.62866563
0.60590512
0.57121736
0.54739803
0.54820377
0.54984438
0.56688797
0.569978
0.60466844
0.56883103
0.50271273
0.53755111
0.55885994
0.55952132
0.55954933
0.49714184
0.62380201
0.48634031
0.50417191
0.56320471
0.58138698
0.56420791
0.52337068
0.50994265
0.42944098
0.50485885
0.55478066
0.54764271
0.59219748
0.51555896
0.53405732
0.61882913
0.59858006
0.56100637
0.54929215
0.50137287
0.54084891
0.56193715
0.44708285
0.47063372
0.58447367
""
0.67887563
0.6450305
0.59936696
""
0.55120295
0.55673182
0.60127544
0.53340197
0.70217228
0.53588909
0.42348111
0.53837019
0.50587773
0.56258816
0.53749532
0.50215346
0.67099613
""
0.65954131
0.59666532
0.64793301
0.45184442
0.67175072
0.50169075
0.74995083
0.63836193
0.63760716
0.65866011
0.71044272
0.61063021
0.61297864
0.62726611
0.60482925
0.61256748
0.70205665
0.57423139
0.67937261
0.65339416
0.62129468
0.56021142
""
""
""
""
""
""
""
""
""
""
""
""
""
""
""
""
0.66415739
0.59866017
0.66300964
""
""
""
""
""
""
""
""
""
""
""
""
""
0.69259983
0.71769941
0.54987943
0.72762203
""
0.69699597
""
""
""
""
""
""
""
""
""
""
""
0.47755066
0.59757996
0.56241614
""
0.57595521
""
""
""
0.62842804
0.52833825
0.6452781
""
""
""
""
""
""
""
0.60188532
""
""
""
""
""
""
""
""
""
""
""
""
""
""
""
""
""
""
""
""
""
""
""
""
""
""
""
""
0.52581441
0.62465739
0.73043519
0.75920892
0.6778993
""
""
""
""
""
""
""
""
""
""
""
""
""
""
""
""
""
""
""
""
""
""
""
""
""
""
""
""
""
""
""
""
""
""
""
""
""
""
""
""
""
""
""
""
0.61209667
0.6522209
""
""
""
0.63839895
""
""
0.64014113
""
0.32233754
0.40777531
0.4759025
0.46276966
0.49992052
""
0.49708024
""
0.56577033
0.46153387
0.41058338
""
0.54610628
0.58492869
0.5970118
0.56023264
0.52254099
0.49469656
""
0.45947227
""
0.57694167
""
0.54313689
0.42556307
0.47358251
0.54795784
0.56101906
0.54605895
0.52150637
0.49039555
0.55756813
0.5734601
0.51999331
0.61009103
0.61621624
0.48214605
0.45840633
0.53148043
0.50283623
0.5361352
0.55807751
0.50040829
0.53266591
0.57456708
0.56022835
0.58199036
0.6204266
0.57618672
0.55969924
0.47972691
0.47823098
0.46258855
0.49070269
0.50760251
0.50055695
0.56038153
0.57148027
0.54291499
0.5374074
0.51076877
0.4563731
0.42822242
0.52336496
0.52978826
0.4751913
0.55215359
0.48524398
0.53689295
0.51661789
0.5663296
0.51917124
0.47011918
0.4852708
0.44792581
0.53157765
0.51999581
0.55909032
0.5617727
0.57361883
0.54859406
0.5648191
0.4401637
0.45052195
0.39713854
0.5483228
0.52191514
0.47927436
0.50856686
0.43751287
0.56091827
0.52789778
0.51035947
0.49661511
0.44932526
0.54382837
0.50019634
0.54310554
0.43103147
0.45419124
0.46334782
0.51703513
0.55902731
0.4547196
0.51922911
0.49390808
0.53321779
0.49482152
0.52117938
0.57991177
0.49444133
0.46545088
0.52267975
0.47532034
0.37058353
0.54718941
0.48012537
0.61003792
0.52616066
0.57733005
0.52678841
0.49229613
0.46077773
0.42283463
0.45583609
0.48095605
0.41275921
0.43575031
0.44347122
0.45137185
0.41248101
0.52628797
0.49136418
0.55768234
0.57730687
0.53096092
0.51291358
0.55082953
0.51652348
0.60444349
0.5089826
0.5094921
0.51702517
0.55001163
0.56924397
0.61388534
0.50132102
0.4952386
0.45925698
0.46344948
0.4730868
0.45886332
0.54084736
0.47202843
0.48786685
0.43999058
0.51075161
0.51515579
0.48295262
0.48061234
0.524122
0.48595503
0.49563316
0.52213103
0.44141904
0.5129416
0.46903369
0.49800858
0.52093762
0.42732847
0.50427294
0.60986906
0.57318759
0.50842744
0.52813792
0.5558877
0.56557727
0.56199014
0.53008538
0.5518499
0.57477796
0.54463667
0.55294263
0.54444367
0.54306513
0.45020509
0.5530175
0.51437861
0.53605956
0.54639786
0.48737955
0.42268395
0.40195906
0.54781771
0.49556792
0.49863467
0.49116379
0.58497936
0.58695143
0.52938843
0.5107218
0.54541123
0.51194483
0.4784444
0.50583321
0.52631295
0.4777506
0.50993615
0.51933008
0.5568738
0.45251936
0.50700915
0.49738449
0.48064739
0.49624217
0.47611254
0.54789233
0.48895523
""
0.54043621
0.47605965
0.59688836
0.55763233
""
0.52822345
""
0.46714935
0.52760059
0.561625
0.51976019
""
0.46171114
0.54740006
0.52295154
0.49109465
0.66080785
0.58376789
0.60737437
0.65914696
0.65014982
0.61587429
0.5383426
0.56286258
0.508192
0.46311834
0.68963927
0.6208508
0.52357709
0.4321906
0.46212545
0.63028514
0.6195727
0.56781691
0.56922954
0.49952647
0.50951159
0.61074603
0.53262818
0.51115334
0.60231489
0.44461662
0.52048326
0.52522939
0.54976976
0.55240357
0.53167224
0.60666144
0.55431855
0.58289987
0.56384271
0.59457392
0.6327644
0.57582957
0.62544632
0.64388508
0.62015462
0.61997581
0.63594019
0.64654428
0.46030837
0.51591712
0.55883688
0.5525043
0.51674181
0.43863058
0.49961364
0.52118617
0.48396027
0.5864231
0.48706126
0.5151791
0.61279774
0.52165002
0.47823837
0.49173829
0.5390442
0.44941381
0.50325149
0.49214327
0.41797996
0.45464194
""
""
0.54232484
0.42264506
0.59335661
0.55618382
0.48905858
""
0.43792063
0.50717849
0.61270946
0.49786168
0.58117485
0.5207302
0.54010051
0.64024216
0.53725237
0.55805802
0.6064595
0.59710717
0.54217088
0.42957723
0.62690413
0.61087561
0.57958949
0.55160189
0.63588089
0.55576569
0.62413508
0.62931716
0.53839087
0.49182278
0.59209144
0.53517562
0.57899183
0.54223269
0.55776006
0.51041275
0.50542486
""
""
""
""
""
""
""
""
""
0.53938967
0.52715391
0.6017493
0.55205846
0.60619122
0.50128603
0.56822717
0.52506268
0.5376178
0.6471079
0.55222422
0.52852672
0.4982298
0.40326014
0.5018934
0.53243196
0.45503622
0.48154488
0.5037086
0.43477091
0.49725062
0.53105611
0.45290017
0.58541036
0.50554895
0.47535422
0.54142213
""
0.46448296
""
0.43381429
0.55346477
0.48181987
0.43244562
0.43546656
0.49250513
0.52169633
0.48241013
0.50505459
0.52437019
0.48276338
0.45238471
0.50480217
0.54322755
0.51615566
0.56363016
0.5093841
0.51286
0.57324874
0.62499481
0.54827499
0.56030083
0.53895873
0.54684609
0.54975468
0.47901648
0.54721659
0.53913814
0.54369104
0.57223165
0.56601739
0.46778542
0.54441446
0.52124786
0.51395273
0.51022011
0.55344015
0.47051343
0.4845331
0.49125674
0.52640867
0.4686909
0.58526927
0.54318118
0.48335585
0.54491651
0.37803254
0.40809652
0.42619985
0.55614966
""
0.50883603
""
""
0.56325603
0.57629031
0.65060323
0.57464802
0.57108003
0.55202127
0.51930207
0.61693406
0.63452774
0.60899764
0.54636502
0.55764443
0.47381383
0.58860379
0.59594381
0.60091442
0.51685339
0.45881903
0.48871481
0.50417006
0.5948599
0.65276319
0.62419623
0.59144717
0.59610069
0.56315446
0.59182596
0.54513115
0.60842478
0.57679707
0.62095165
0.64138311
0.60964191
0.61573249
0.62366116
0.5769546
0.54071659
0.68004668
0.53881025
0.65778631
0.53992307
0.60171175
0.58957988
0.63495648
0.57981986
0.61803097
0.64517373
0.61950588
0.48238593
0.47591564
0.50867999
0.45381075
0.52821761
0.51740515
0.59251094
0.56462938
0.54558557
0.52681869
0.48725107
0.44301027
0.58102381
0.53696662
0.56740451
0.47437558
0.5007897
0.4720059
0.45291746
0.45658547
0.64731663
0.6614607
0.5229162
0.53762609
0.49304309
0.52741724
0.59354866
0.52171338
0.57320666
0.58748019
0.42499891
0.46602225
0.4443967
0.5476324
0.52053124
0.51697934
0.57630575
0.58699036
0.58776873
0.49286214
0.43641892
0.57433599
0.46846822
0.59086943
0.49298933
0.5796265
0.53124118
0.43215463
0.50767064
0.46555591
0.54818219
""
""
0.3389428
0.45900393
0.46527746
0.56893057
0.47852507
0.58245254
0.61037552
0.60330033
0.62464839
0.59673619
0.58871782
0.58020794
0.57051462
0.57458192
0.55206639
0.50181514
0.54056352
0.54575181
0.43042836
0.51222193
0.63577354
0.56304508
0.54633588
0.60828203
0.57005078
0.52387691
0.5821898
0.59613407
0.5003643
""
0.57178259
0.53970122
0.47154137
0.54381961
0.60535794
0.54962021
0.4941656
0.56786579
0.57059824
0.50748992
0.56415749
0.53181785
0.50253838
0.48882923
0.51192212
""
0.45527041
0.48571375
0.50408196
0.49592528
0.46559095
0.47181144
0.41826308
0.5381248
0.56636035
0.55999351
0.57236475
0.46466717
0.51784408
0.61450291
0.53424889
0.48238829
0.52431464
0.54624474
0.49468818
0.45883799
0.51764768
0.52729475
0.5204168
0.54942054
0.52838528
0.50683856
0.42505503
0.43201071
0.49503142
0.4830924
0.4745363
0.48337865
0.48627323
0.49384403
0.4825502
0.5281328
0.45063579
0.58490139
0.57052439
0.58830726
0.56036556
0.47815403
0.45797506
0.53361112
0.49484056
0.52228594
0.49870926
0.51049125
0.49558669
0.48379046
0.46340141
0.51554656
0.5855515
0.4761911
0.48757482
0.45664048
0.61499673
0.5057956
0.55120671
0.49024549
0.5096522
0.52260756
0.52484107
0.47239527
0.4451389
0.46669167
0.49351716
0.48229039
0.48242941
0.47644597
0.47993892
0.50640929
0.55392182
0.52709246
0.53288043
0.61153275
0.52350986
0.47271624
0.55807197
0.53987414
0.55159622
0.55887824
0.59039831
0.57916927
0.54529464
0.49466071
0.529239
0.56515425
0.57625306
0.55816048
0.43693683
0.52339989
0.54826283
0.51538217
0.49891114
0.51652294
0.50310916
0.47873691
0.54268581
0.52743989
0.5918107
0.59366125
0.6000396
0.73096144
0.60418969
0.65361905
0.59751141
""
0.53345203
0.54254484
0.58375204
0.59067571
0.58570021
0.57540894
0.51787269
0.56582177
0.66782683
0.44402581
0.55394423
0.63076162
0.59472114
0.61000288
0.75538796
0.55044127
0.53259325
0.59746146
0.55852908
0.52058166
0.56387937
0.53039145
0.53326648
0.51870638
0.5798558
0.54647803
0.62817615
0.58087665
0.47239652
0.5172767
0.55548835
0.55559802
0.56233633
0.55081129
0.48738971
0.53166753
0.42528737
0.52881151
0.5752793
0.54031003
0.59723234
0.4660891
0.51778674
0.52674592
0.52432698
0.52931339
0.51346928
0.59045249
0.56921804
0.62065774
0.6128037
0.59534538
0.53456658
0.53753823
0.49738055
0.53746259
0.59658462
0.521474
""
""
0.40225491
0.32512966
0.43801746
0.51412642
0.49326277
0.42983758
0.44359428
0.53445977
0.49860254
0.53151619
0.49367502
0.49295965
0.50222194
0.44747263
0.51134551
0.44380024
0.51968217
0.50021434
0.43195295
0.40112939
0.5456726
0.47899517
0.47962764
0.4621093
0.53174877
0.46764424
0.53840631
0.38765219
""
0.42623737
0.52255929
0.60656726
0.47027132
0.33455285
0.45211807
0.38307717
0.2962859
0.52088547
""
""
0.5560168
0.6066162
0.53698468
0.55103022
0.60888195
0.40873736
0.43124133
0.39573458
0.43862978
0.40629601
""
""
""
""
0.48386759
0.52372026
0.54382658
0.44444802
0.53145933
0.48379052
0.43359256
0.63388926
0.53382146
0.49518058
0.50578916
0.51271325
0.50721347
0.49076957
0.39946729
0.47701237
0.46416363
""
""
""
""
""
0.45574227
0.44860882
0.48920131
0.52632689
0.56841797
0.51960242
0.42901918
0.46794942
0.50348765
0.53766555
0.49493301
0.50366914
0.51552022
0.43112499
0.47802272
0.52151912
0.483522
0.49871838
0.54626912
0.52831882
0.48427337
0.44892827
0.4640249
0.48037335
0.52758014
0.43597889
0.5213939
0.49945453
0.49783388
0.52462262
0.49932095
0.46708062
0.50013244
0.55285317
0.5341081
0.45829716
0.45440346
0.45179212
0.56317747
0.56368089
0.53940409
0.52965337
0.53429943
0.50979388
0.47142798
0.51944017
0.52517259
0.45597872
0.48579907
0.57349581
0.56557173
0.53760433
0.57151049
0.55835402
0.53779489
0.58352762
0.55262899
0.57619441
0.51145643
0.51204771
0.53029758
0.44394562
0.57131863
0.63607228
0.56243408
0.60945958
0.58409446
0.60508478
0.54232144
0.58309823
0.50067365
0.59514451
0.47340792
0.45275438
0.5658139
0.62353897
0.56320739
0.5326063
0.50145745
0.53938848
0.48366943
0.4817237
0.52315879
0.50251871
0.45092449
0.45791212
0.34765354
0.59041774
0.48540279
0.53121793
0.51469547
0.59057409
0.57033062
0.51363015
0.49208745
0.49604169
0.5051198
0.49665251
0.49737895
0.40881944
0.55047828
0.62417614
0.52428573
0.58652776
0.57484728
0.61552536
0.52473301
0.58501059
0.5901733
0.56557876
0.52706528
0.55920148
0.58517087
0.67724013
0.60230505
0.60919291
0.58268774
0.56953669
0.56220269
0.49752855
0.47173557
0.53590149
0.50589734
0.43478686
0.45065621
0.44569558
""
0.68630451
""
0.55575591
0.47220761
0.60344011
0.52783972
0.58668268
0.59606153
0.52241409
0.4849436
0.4877362
0.47266477
0.47192305
0.51255649
""
""
0.41653806
0.42603746
0.45597079
0.4455024
0.44368684
0.46125495
0.50769669
0.55821383
0.55932671
0.49816987
0.67381197
0.51869273
0.46499902
0.52408683
0.51193684
0.47052452
0.52644038
0.50602603
0.52152818
0.44849241
0.50316983
0.46700507
0.49318153
0.49919838
0.5127691
0.54452044
0.50734979
0.53112096
0.52022225
0.48574272
0.52718586
0.5040772
0.54369861
0.45112833
0.5364731
0.50429553
0.55259615
0.54109603
0.44774246
0.55099005
0.50947571
0.57028407
0.54126853
0.53728431
0.57977313
0.54962087
0.54129487
0.51041293
0.52302831
0.57536089
0.52107197
0.52978718
0.61542857
0.52429605
0.56965631
0.43688902
0.5306958
0.49998817
0.4466944
0.43783176
0.54740161
0.45969668
0.56939751
0.54715973
0.53743798
0.49960503
0.51426637
0.56597006
0.51985812
0.53802413
0.62509423
0.53298622
0.54421473
0.41372681
0.41244623
0.41093391
0.51111311
0.5686146
0.51949549
0.48382202
0.59889656
0.59008521
0.50773561
0.52311724
0.56416279
0.47126317
0.48208079
0.50334507
0.43908399
0.51768482
0.53122753
0.54604924
0.40127295
0.47333223
0.51170683
0.50037116
0.50856042
0.49980906
0.48006961
0.56005388
0.44802004
0.56994617
0.55742186
0.55687982
0.53937769
0.55624384
0.51658374
0.47604632
0.47852975
0.48479709
0.44562402
0.50613046
0.50069273
0.44955891
0.49970585
0.5030551
0.52163845
0.41286319
0.55297184
0.47084439
0.46186194
0.5322926
0.52798259
0.5046128
0.45989066
0.43979704
0.46370131
0.53462344
0.5124678
0.52469504
0.55069864
0.53043294
0.52315879
0.45595053
0.45410031
0.44458771
0.52268392
0.4985441
0.49929559
0.52391446
0.46644288
0.53042573
0.52980959
0.55568141
0.43601045
0.40628642
0.51015395
""
""
""
0.47407678
0.52239341
0.47968215
0.60954833
0.55106765
0.46622548
0.58165789
0.5150193
0.51151597
0.44366813
0.49460766
0.2980161
0.4919894
0.39496759
0.51433069
0.56606835
0.47298881
0.53036982
0.57341951
0.49356717
0.45924091
0.52161688
0.51897025
0.48903489
0.49963599
0.42991015
0.5524615
0.51512372
0.5105356
""
""
0.49778378
0.5028823
0.42005464
0.51809567
0.44185436
0.44529945
0.49489954
0.49797982
0.43909487
0.44314224
0.39646056
0.44779646
0.44447836
0.47739208
0.40602815
0.37346354
0.45719662
0.51102871
0.46260509
0.4613876
0.4379532
0.4205834
0.48823065
""
""
0.42985404
0.45415783
0.51709652
0.46228534
0.54840231
0.47266984
0.50355715
0.46006382
0.4898096
0.32329485
0.41220984
0.45577544
""
""
""
""
0.34713531
0.44140217
""
""
""
""
""
""
""
0.46983236
0.39235198
0.56459683
0.39197391
0.49426487
""
0.50169021
0.68457258
""
0.4310573
0.62382114
0.62037843
0.45872879
0.54110962
0.64739835
0.59098965
0.57653236
0.48067322
0.48839414
0.51768124
0.61973673
0.54502356
0.51281834
0.50560004
0.57513165
0.48478031
0.53710073
0.48871404
0.48547325
0.49213976
0.47149074
0.52633989
0.47140431
0.54656476
0.55032158
0.49381331
0.54397142
0.52098507
0.57244331
0.41879126
0.54487282
0.59072179
0.51238364
0.50129873
0.60649568
0.62063873
0.48159799
0.45031896
0.42406273
0.5270806
0.46221647
0.51166219
0.53713101
0.45487174
0.52004117
0.5654301
0.60335666
0.56550676
0.37568578
0.49232885
0.64389116
0.61003804
0.57823431
0.47471273
0.48580483
0.46788383
0.45005018
0.41163266
0.40868729
0.44801259
""
0.45476589
0.53801638
0.58067507
0.56588125
0.57531154
0.54245949
0.63667721
0.61091244
""
0.59127027
0.62746108
0.59498566
0.5269587
0.5820781
0.60858768
0.56899631
0.60474825
0.53073448
0.5317772
0.50129807
0.59630972
0.59681541
0.55583239
0.64137691
0.60003543
0.61681533
0.57275426
0.5070371
0.49813002
0.55218393
0.477871
0.50270152
0.5441556
0.59392458
0.60818303
0.5965215
0.57836658
0.55537778
0.54578245
0.60306966
0.57250875
0.58481163
0.53556824
0.58525318
0.60400653
0.52374321
0.58249807
0.5723781
0.55803949
0.62734741
0.6391173
0.54808235
0.5234955
0.47992194
0.52145106
0.54186177
0.60045999
0.45612943
0.49652252
0.58777314
0.5142113
0.45551682
0.51932931
0.48388815
0.57134056
0.40328225
0.57035744
0.53812897
0.43528032
0.5109719
0.45217961
0.51013458
0.49747351
0.4259693
0.4480055
0.52983856
0.46725658
0.41485587
0.47313374
0.46437076
0.5991661
0.47850239
0.47039774
0.5515672
0.53954262
0.53406751
0.54756927
0.53018367
0.37153977
0.58508217
0.57076293
0.58372205
0.5153411
0.53261465
0.47584295
0.53192562
0.53139246
0.4751488
0.63851994
0.60480756
0.50785667
0.46323496
0.42940778
0.51823628
0.54080707
0.48704764
0.52439183
0.57198882
0.524001
0.52532089
0.55972517
0.55147916
0.58298206
0.59576893
0.59276515
0.60716593
0.6008752
0.50445908
0.5569551
0.52518451
0.56776905
0.58020025
0.59698462
0.52516419
0.49026236
0.46214071
0.579795
0.58136123
0.51872349
0.50525421
0.55193406
0.44303659
0.59788734
0.56741053
0.53929323
0.48662332
0.49912179
0.56728041
0.61933357
0.59763223
0.43660581
0.35957071
0.48323739
0.38812467
0.4549866
0.43583873
0.57298815
0.51643652
0.54117703
0.4037478
0.42658594
0.39418125
0.41723439
0.45478943
0.47262517
0.53289807
0.48848924
0.54867089
0.43534619
0.4748764
0.53021652
0.61868107
0.55566162
0.53844225
0.41191185
0.5569675
0.55278635
0.65826041
0.56132966
0.56039727
0.57679379
0.491386
""
0.54842281
0.57564759
""
0.65872163
""
0.33907664
""
""
""
0.46005449
0.52655369
0.50224483
0.4254171
0.53477252
0.59331286
0.5173251
0.5375284
0.46846122
""
""
""
""
""
0.52498245
0.51973206
0.50520003
0.48206517
0.45966196
0.52591133
0.51313233
0.39943838
0.47450128
0.42605522
0.53360635
0.59740186
0.57895654
0.4562588
0.49343887
0.51384187
0.5128513
""
0.52688444
0.46660724
0.54714131
0.55622488
0.52105385
0.540896
0.48226312
0.57922804
0.46699569
0.50940907
0.54458994
0.50128216
0.54368103
0.5023334
0.45216072
0.517811
0.5352844
0.5545435
0.46726131
0.54838616
0.49130282
0.55521899
0.48845515
0.44273743
0.53511506
0.47542173
0.5268665
0.53032333
0.55171496
0.51041865
0.58552599
0.47510728
0.5102011
0.4621858
0.43389955
0.45347553
0.49136996
0.55783629
0.51099116
0.42494541
0.49318099
0.53577209
0.45372507
0.5181762
0.49890393
0.49784938
0.46865305
0.50064182
0.51338613
0.50922024
0.4243921
0.46967238
0.52593201
0.50507075
0.48703626
0.50396574
0.48023927
0.45659402
0.51263767
0.47748542
0.47515735
0.54099345
0.52029669
0.43042126
0.50972927
0.50944334
0.54027957
0.50497758
0.50017464
0.56716758
0.52296919
0.57360071
0.5141111
0.59120709
0.47885719
0.51207346
0.50988764
0.49958947
0.48014489
0.50606292
0.52804166
0.51150709
0.54784882
0.5013724
0.52084386
0.54654837
0.49556434
0.41971612
0.38245133
0.48844564
0.52128214
""
0.38521698
0.41940308
""
0.41849118
0.45811996
0.59060293
0.53066641
0.39934278
0.53554893
0.4613553
0.61095226
0.45809075
0.50445378
0.60028011
0.58401585
0.51108575
0.57888454
0.63852
0.55005944
0.53768665
0.50436109
0.46710327
0.54906732
0.56904322
0.58203399
0.67177933
0.51706439
0.56974781
""
0.50830656
0.59474379
0.47796771
0.42660901
0.56780601
0.74754256
0.49618837
0.51404208
0.57212442
0.47176513
0.476679
0.50181162
0.52725857
0.47946444
0.52556396
0.53394181
0.54643089
0.51442719
0.50667644
0.49784279
0.51660085
0.5176993
0.53054392
0.51922542
0.53933108
0.5575729
0.5277878
0.53512263
0.50731438
0.5367018
0.56009966
0.54988956
0.52017605
0.57517618
0.474617
0.52962899
0.5237183
0.45943317
0.44288239
0.52175993
0.41418117
0.59500355
0.48123407
0.44372571
0.46740618
0.48959374
0.42509159
0.5363574
""
0.46400955
0.45646936
0.56045973
0.54774123
0.59394193
0.5172351
""
0.6899569
0.64669335
0.60893518
0.64304662
0.49609566
0.59936684
0.62277859
0.56065881
""
0.58189982
0.5633266
0.45270941
0.51303917
0.51181179
0.49558461
0.44956732
0.55033672
0.47744179
0.59015071
0.54834336
0.48007676
""
0.47830421
0.45642215
0.4355571
0.48284173
0.4372144
0.45485634
0.44243869
""
0.46132365
""
0.43989232
""
0.65263915
""
0.43612811
0.50937843
0.60157573
0.53859681
0.58378232
0.52579629
0.43498099
0.47714937
0.56148237
0.49530363
0.54119354
0.60469484
0.5321824
0.62514764
0.55730426
0.60388201
0.6534043
0.52001351
0.5281285
0.52296531
0.50962776
0.53582627
0.54455119
0.51263487
0.55645502
0.50249612
""
0.58601886
0.59212255
0.72305274
0.49623084
0.49832627
0.50578958
""
0.58392787
0.65669143
0.55404389
0.45608348
""
0.59264392
0.58395988
0.52677912
0.53395385
""
""
0.2887632
0.50524211
0.47104898
0.59493452
0.47587276
0.54095185
0.46178719
0.31260875
""
""
""
""
""
""
0.52619272
0.48926881
0.48464847
0.58828974
0.59809762
0.35278237
0.47442782
0.50647897
0.47716376
""
0.45576778
""
0.45061344
0.56578934
""
0.47535506
0.51341373
0.53045255
0.62258422
0.50445044
0.53194547
0.52979165
0.5173617
0.4821955
0.55866891
0.57578957
0.57495183
0.46998265
0.59056944
0.64250022
0.59263057
0.55313003
0.64503551
0.56495821
0.48862451
0.53097731
0.54448754
0.43809056
0.5429818
0.55772018
0.60979474
0.58404762
0.4772763
0.47946995
0.51608384
0.58968681
0.43762714
0.4954395
0.46493068
0.42173624
0.39625841
0.55014157
0.47124767
0.42825559
0.48633149
0.51327455
0.44232377
0.50004542
0.53656197
0.51147622
0.47825634
0.53968835
0.508771
0.57917982
0.50822359
0.41695637
0.47034067
0.46988586
0.48399508
0.49679512
0.51331419
0.39171278
0.39838299
0.50138211
0.47661406
0.43931469
0.42459008
0.56168067
0.56517363
0.53012627
0.5718503
0.50507677
0.51090324
0.54402661
0.49965796
0.41491878
0.5057264
0.44771799
0.42785066
0.42445135
0.42909536
0.47731513
0.56381124
0.52739811
0.45374727
0.50407982
0.5987711
0.63500261
0.45740375
0.51187104
0.50208861
0.5186975
0.49160746
0.45729554
0.4743605
0.45384201
0.57919329
0.56797332
0.59283388
0.51797986
0.58235341
0.50536734
0.45918605
0.44398245
0.41875255
0.5209592
0.49606511
0.52761614
0.60730916
""
0.6061551
0.48370838
0.51819104
0.56511641
0.59889036
0.50087422
0.47790056
0.55793589
0.59030628
0.51620245
0.55074114
0.5983296
0.55209804
0.62101942
0.55230278
0.54884011
0.57731301
0.57357961
0.56312555
0.63904399
0.61316305
0.60987979
0.51088226
0.44336548
0.50439948
0.4613167
0.4583095
0.40052825
0.48469627
0.57230794
0.45118403
0.421435
0.46160823
0.41836476
0.47416392
0.44221205
0.47744542
0.45904449
0.50796896
0.45565462
0.40603247
0.50948817
0.46215272
0.55772644
0.52295101
0.56415379
0.43045971
0.51490283
0.46343821
0.47430184
0.49192151
0.5386095
0.51839364
0.49998716
0.53663391
0.47812524
0.43575716
0.42600468
0.45548454
0.4914681
0.43314153
""
0.50136012
0.45958012
0.51492494
0.56975639
0.50753903
0.58533931
0.54989898
0.59597635
0.54002959
0.54688352
0.51657242
0.47246993
0.47001722
0.50577402
0.45452875
0.4254975
0.53535098
0.47904959
0.52276516
0.49753904
0.53280902
0.68825185
0.56898463
0.54633009
0.52774113
0.45993331
0.60353076
0.55641598
0.55703276
0.60721022
0.60670799
0.5759204
0.43581107
0.50426447
0.46285942
0.52805912
0.46597108
0.52046365
0.52516925
0.49695626
0.48154476
0.49039778
0.50632077
0.53537726
0.53021389
0.5433526
0.49006322
0.5074836
0.511666
0.56925529
0.56180531
0.50392008
0.57536906
0.54046273
0.53157288
0.70398897
0.57690573
0.66829097
0.57214934
0.53403157
""
0.61918098
0.59939009
""
0.5762409
0.58013034
0.65930235
0.43582639
0.5868957
0.58926386
0.55621761
0.67391998
0.55567777
""
0.40277544
0.53735936
0.58217829
0.44794753
0.53098553
0.48535305
0.43231228
0.40628219
0.45547831
0.48887503
0.5522331
0.41375598
0.55891359
0.51103425
0.54340243
0.47914898
0.50019377
0.4182632
0.48354822
0.5742051
0.53389198
0.43012643
0.43630806
0.56409264
""
""
""
0.56103897
""
""
0.50470859
""
""
0.38066223
0.58179009
0.44106752
0.47897187
0.36390641
0.51512384
0.50603688
0.49953705
0.41406173
0.51925546
0.47793096
""
0.36443996
0.35165802
0.5509882
0.5304116
0.43816349
0.46584275
""
""
""
0.64568377
0.43549871
""
""
""
0.48207632
0.3913011
""
""
""
""
""
""
0.53726816
0.47962251
0.45615029
0.49301672
0.50674641
0.55252504
0.54282743
0.57171279
0.44862702
0.51444852
""
""
""
""
0.44758695
""
""
""
""
""
0.44831702
""
""
""
""
""
""
""
""
""
0.51585484
""
""
""
0.32500008
""
""
""
""
""
""
0.60924363
0.51869184
""
""
""
""
0.45337895
""
""
""
""
""
""
""
""
""
""
""
0.53748649
0.54212546
0.51581413
0.51262671
""
0.50103247
0.59956205
0.45694578
0.53969061
0.53244913
0.59686857
0.56503707
0.36189651
0.48480445
0.60401112
0.49267983
0.55781353
0.55482566
0.40819472
0.548796
0.52541393
0.44916022
0.51816142
0.43186104
0.3531391
0.48532349
0.3415477
0.68177855
""
""
""
0.53957492
0.49206287
0.61430579
0.57298684
0.62852776
0.71027929
0.63623106
0.60200089
0.57338542
""
0.50481892
0.46746358
0.65307826
""
""
""
""
""
""
""
""
""
""
""
""
""
""
0.4365626
0.42360443
0.54363167
0.55316681
0.48452044
0.35607547
""
0.47761577
""
0.55322766
0.47539371
0.60191822
0.42171469
0.46634251
0.58714086
0.61054969
""
0.61846507
0.46940804
0.55003989
0.4621948
0.55322397
""
""
""
""
""
0.35197726
0.39031181
""
0.62089241
0.68989444
0.56049377
0.61082292
""
0.57576513
""
""
0.60668367
0.65227503
0.46064588
0.47868919
0.46342432
""
0.49922857
0.58346617
""
0.58161622
0.63655996
0.68371326
""
0.61668748
0.65524048
0.54257405
0.57290649
0.53456044
0.51550663
0.53271472
0.53427184
0.63840222
0.54581201
0.53055733
0.60463738
0.65222138
0.67600089
0.63885152
0.57271057
0.66368473
0.65767318
0.57118243
0.6350956
0.66070843
0.57109189
0.61100769
0.58582407
0.59638745
""
0.71808052
0.54389066
0.57622474
0.47592941
""
0.58657801
0.54658079
0.63111901
0.62773687
0.41491929
0.6303432
0.65360045
0.63928884
0.57336044
0.48194021
0.549896
0.56443858
0.60889101
0.40723941
0.55196702
0.55264932
0.56392932
0.48079965
0.58197933
0.65808654
0.60886335
0.53166395
0.49944922
""
0.40967885
0.51171046
0.53232121
0.61440164
0.44442108
0.49572691
0.51993227
0.4553647
""
0.48505616
""
0.48878548
""
""
0.30735561
0.4201526
0.38910431
""
0.46101642
0.4951202
0.54018009
0.50759107
0.58512276
0.48403186
""
""
""
0.53637588
0.52684867
0.57371682
0.45097804
0.3997179
0.53449506
0.49911582
0.58934182
0.5341199
0.55553854
0.49307722
""
""
""
""
""
0.51696551
0.62924838
0.58285803
0.53197831
0.58072549
0.46634507
0.48073837
0.31580356
0.52308124
0.51156485
0.56013101
""
""
0.44458175
0.55042779
""
0.42712367
0.4856517
0.53523326
0.46296847
""
""
0.48341474
0.44135168
0.49279395
""
0.49099785
0.49432743
0.39173204
0.40827817
0.42784855
0.37458929
0.45715657
0.40443987
0.54319108
0.45822343
0.43549529
0.51614213
0.53473353
0.49534926
0.50108123
0.5539996
0.59184372
0.53995198
""
""
0.49209234
0.52371281
0.4907386
0.47148204
0.40480295
0.47963506
0.47831598
0.52145916
0.56852955
""
""
0.48010308
0.62143904
0.50246459
0.5755372
0.45257503
0.49171838
0.52624059
""
0.54836231
0.54920769
0.47543707
0.64242244
0.60064656
0.54226041
0.41390631
0.56029135
0.52318162
0.55762404
""
""
0.5769341
0.53483909
0.46731842
""
""
""
""
0.47901371
0.35049504
""
0.50527161
0.48304138
""
""
""
0.41512117
""
0.57521594
0.46476018
0.47715065
0.56184846
0.4836432
0.5020541
0.55470777
""
""
""
0.60771847
0.51007771
0.55682796
0.48171094
0.38136479
0.55040324
0.57973009
0.46368989
0.65161365
0.55549365
""
""
0.52521646
0.59749496
0.62744969
0.52730793
0.52326137
0.62447512
0.52660888
0.5833503
0.5911361
0.56485099
0.52141547
0.54215515
0.48002198
0.59442484
0.56764656
0.55028158
0.56832963
0.57454902
0.60645342
0.58859599
0.50896901
0.56107777
0.61485225
0.60929513
0.66719711
0.60464662
0.5894742
0.60081506
0.4634991
0.55025256
""
0.53170311
0.48413968
0.58024263
0.49853206
""
0.52271688
0.40497229
""
""
""
""
""
""
""
""
0.62036413
0.54660332
0.50511909
0.46451375
0.51396155
0.60791939
0.57120484
0.52058518
0.46739334
0.50291228
0.50437003
0.55001634
0.49012789
0.47820908
0.54675007
0.52113295
0.54032904
0.54474461
0.55418676
0.48413867
0.56854296
0.55858517
0.58250922
0.5009796
0.53686762
0.46529019
0.55369478
0.40638572
""
0.49847654
0.49861062
0.64772898
0.55053592
0.60990739
0.51840568
0.52476531
0.51804775
0.55306244
0.5181635
0.55545378
0.52626693
0.50619608
0.5363391
0.55350113
0.49916402
0.52028531
0.52508146
0.55361074
0.49650699
0.56410021
0.62224126
0.57998961
0.60038042
0.55819088
0.52849245
0.50341392
0.55087113
0.5242793
0.54944587
0.56591195
0.57530743
0.49873522
0.51775295
0.53323066
0.45646095
0.51142412
0.4601762
0.51788884
0.44779903
0.50808764
0.44512397
0.49276289
0.50151426
0.5413267
0.51953346
0.5327934
0.63578463
0.53306216
0.53426093
0.52263671
0.46858624
0.57707983
0.5298577
0.50123703
0.45917723
0.44956082
0.54786873
0.46822396
0.46333802
0.47720003
0.48509815
0.51707244
0.54297179
0.50182909
0.53921616
""
""
0.53297067
0.50102502
0.60194522
0.52950734
0.54686183
0.45408583
""
""
0.49609968
0.46703118
0.50093609
0.43854535
0.55417597
0.51747566
0.48813251
0.46627289
0.50902039
0.50279659
0.43524444
0.50643373
0.53118318
0.56807274
0.50259858
0.57338196
0.5178408
0.45040536
0.46787146
0.51679736
0.44624072
0.50727212
0.48926806
0.49489176
0.50242782
0.47372147
0.50248712
0.52996445
0.49917158
0.43692151
0.45672488
0.4651503
0.53423023
0.555071
0.56478316
0.42865071
0.52970999
0.53351617
0.48466879
0.5047766
0.53041953
0.51805693
0.55604011
0.57646787
0.56496257
0.49537677
0.55054516
0.44512346
0.54271632
0.42869934
0.49208641
0.46577185
0.3887105
""
0.4750675
0.52211452
0.58252537
0.47127038
0.46503884
0.50854057
0.55664676
0.51061362
0.52435565
0.55993927
0.56406045
0.57998186
0.65242165
0.63485521
0.58407605
0.56763577
0.55644947
0.54514515
0.54008973
0.57832152
0.56389672
0.54200321
0.41297588
0.49364749
0.51913762
0.5175525
0.52362585
0.46201354
0.53705198
0.46274272
0.49838626
0.52366751
0.50697494
0.51191443
0.56985974
0.61628205
0.61787665
0.53947806
0.50418854
0.5856694
0.67396104
0.54507405
0.53487051
0.57420862
0.59830552
0.59790456
0.59333527
0.5046342
0.49405575
0.45449686
0.47863588
0.50029641
0.48102599
0.55906641
0.50615495
0.6162892
0.47620952
0.56925094
0.52863675
0.50767648
0.59694475
0.46431652
0.50085884
0.45084426
0.5023976
0.47529361
0.47998872
0.54118079
0.54542458
0.492098
0.47271585
0.47135738
0.50138283
0.54261893
0.55180603
0.5191465
0.55000335
0.47702286
0.50312501
0.61003166
0.52489239
0.58798426
0.45144135
0.58570743
0.46557772
0.49956685
0.56181699
0.53712648
0.45224726
0.47036195
0.53977948
0.49715057
0.46724263
0.43003833
0.53916526
0.45955887
0.45065516
0.4666476
0.58895892
0.53712332
0.54545552
0.56836623
0.55923289
0.56897819
0.60220516
0.55647594
0.57548267
0.5569278
0.56077117
0.58042544
0.59450281
0.63158989
0.6336726
0.55625379
0.45220205
0.52175015
0.47402433
0.50473976
0.487625
0.44346461
0.49586806
0.54213375
0.47065619
0.53948379
0.48566562
0.56389505
0.5421598
0.45507044
0.52544636
0.60328048
0.51507014
0.4591561
0.54559529
0.48909003
0.39680475
0.46570149
0.47103119
0.59978336
0.45660433
0.47710612
""
0.51685935
0.64120573
0.49606985
0.57683283
0.46243259
0.54617721
0.50570077
0.48509112
0.47902349
0.55473489
0.47857961
0.46175197
0.49484125
0.48883069
0.49251035
0.54665589
0.50458533
0.49546245
0.55208707
0.5494858
0.55055845
0.51191264
0.49222291
0.50517976
0.50089943
0.53730726
0.51622277
""
0.54285574
0.53575891
0.53156376
0.50248456
0.49161822
0.59599847
0.50275451
0.4929513
0.5047583
0.48994231
0.4741869
0.4977704
0.54661077
0.51072067
0.53147089
0.50461239
0.49104279
0.58174074
0.61440724
0.51844728
0.55115217
0.66404641
0.49116972
0.55796862
0.54497987
0.59249741
0.58572489
0.52178109
0.55185503
0.55694103
0.55527306
0.57132506
0.57788002
0.51259279
0.71270651
0.6319232
0.56611556
0.42281726
0.55751175
0.53419846
0.52266371
0.51194978
0.53780043
0.57693541
0.51798731
0.60135335
0.5443669
0.50695753
0.66784585
0.53722614
0.461503
0.59300339
0.4549453
""
""
""
""
""
0.42649993
0.49963516
0.55641061
0.59184182
0.67385626
0.44999883
0.62671494
0.54837632
0.45639056
""
""
""
""
0.55312425
0.59108114
0.51358521
0.46230137
0.48581257
0.54179049
""
""
0.50351387
""
0.54417574
0.50212485
0.50351572
0.4207381
0.43182731
0.48949403
0.47139549
0.47705546
0.56528699
0.49510545
0.57665896
0.48300236
0.55477327
0.5801909
""
0.57459521
0.47750416
0.50194567
0.50484258
0.46683082
0.51025903
0.49743295
0.59025437
0.39697853
0.46706721
0.45420521
0.46670902
0.37567577
0.48069125
0.47845542
0.5103628
0.53187776
0.53289568
0.56213105
0.54182106
0.47160441
0.48712364
0.49840158
0.462455
0.49856645
0.41941229
0.43938655
0.54743952
""
0.49292797
0.51138443
0.50037253
0.5649972
0.56635815
0.49061632
0.45163196
0.45671004
0.47043106
0.66890556
0.46323156
0.44289216
0.53116643
0.50775468
0.45690233
0.53627944
0.40844366
0.5372991
0.51968396
0.62148309
""
0.52760524
0.58500797
0.43676734
0.52968401
0.39227372
0.58567005
0.47166649
0.48327264
0.53495258
0.52202183
""
0.58133608
0.54502296
0.56337917
0.465873
0.53346705
0.51794267
0.48634318
0.56248105
0.5211004
0.53693759
0.54293394
0.51846218
0.5358808
0.5604378
0.54953343
0.54664731
0.45056546
0.60010529
""
0.44005126
""
0.61332548
0.72543806
0.56621218
""
""
0.70238864
""
""
0.62296307
0.5508647
0.57921135
0.56286508
0.64009404
0.49388734
""
0.63847679
0.58224958
0.63652229
""
0.53650546
0.69386464
0.54067683
0.61963135
0.49104005
0.53669816
0.61800319
0.5183419
0.52866668
0.47062802
0.49678609
0.41025651
0.55061132
0.5678708
0.57538772
0.44365451
0.57691097
0.56774759
0.59709144
0.5354507
0.56796873
""
0.42523953
""
0.6085121
0.47225451
0.54769981
0.43915805
0.51602703
0.54239869
0.67950571
0.56678551
0.69336069
0.70880955
0.66606188
0.65894157
0.66526002
0.43596217
0.63057435
""
0.56974322
0.56303787
0.49677256
0.54814386
0.54306328
0.65795702
0.63837272
0.59087956
0.66100818
0.57482517
""
0.68661839
0.57634258
0.6006394
0.56794947
0.49187875
0.60349441
0.5764392
0.58524418
0.58151764
0.56388634
0.57774562
0.58835799
0.61547613
0.60809809
0.68493617
0.68458092
0.57317823
0.59767962
0.52347606
0.70314205
0.52671444
0.60666835
0.65165621
0.64050788
0.60443032
0.60293239
0.60529095
0.49915463
0.51759076
0.5979231
0.6180197
0.55990833
0.50547618
0.54929143
0.61098891
0.60210586
0.5659306
0.57853538
0.60124677
""
""
0.60401499
0.5859502
0.51982945
0.56107235
0.62339246
0.5548678
0.59914863
0.59007788
0.59703064
0.57847965
0.67084616
0.66705632
0.54284006
0.54143256
0.55988896
0.57529032
0.49530491
0.58508456
0.56670916
0.54632205
0.51240993
0.52771479
0.52186233
0.65633214
0.56784141
0.65868777
0.53793353
0.56980371
0.57202369
0.56861347
0.56194711
0.63471186
0.59005034
0.52536637
0.4783493
0.6057573
0.56207061
0.64506811
0.61375827
0.59635723
0.54729873
0.53158504
0.60760683
0.52604169
0.55080032
0.48325297
0.42970285
0.52998078
""
""
""
0.59233528
""
""
""
0.53699797
0.42778456
0.46697211
0.46034279
0.44311452
0.47963697
0.52116299
0.57425535
0.53605449
0.54958224
0.46375301
0.41029301
0.53499287
0.46982342
0.46605039
0.40047413
0.4778392
0.45271018
0.44775134
0.46396077
0.54513156
0.4658204
0.4616698
0.42544577
0.49199283
0.48331565
0.46034339
0.51614153
0.43409786
0.41137636
0.41268605
0.45777667
0.50523239
0.43853489
0.47435462
0.57100737
0.43445307
0.41911262
0.50904638
0.47166094
0.48322946
0.48779541
0.56109565
0.4571344
0.46919751
0.47150767
0.50042754
0.52767313
0.51809132
0.43031442
0.44022554
0.46801159
0.41428587
0.47122267
0.50376332
0.50820976
0.48427293
0.49552077
0.44654781
0.44911653
0.58782578
0.62703675
0.56759822
0.54800951
""
0.48743469
0.50301391
0.55413622
0.38676971
0.52570826
0.52565491
0.52768135
0.59807998
0.58914322
0.4983255
0.46856984
0.44788954
0.40151399
0.39653787
0.46922845
0.46672419
0.4759123
0.46634966
0.54243362
0.51660049
0.48804894
0.54682416
0.51453716
0.55901635
0.57547706
0.60404521
0.54772842
0.53434545
0.60604566
0.44598833
0.51450044
0.65398973
0.62502068
0.52081239
0.5319348
0.54748988
0.54263449
0.42577979
0.5406512
0.57146472
0.56470358
0.56540936
0.55142474
0.48665637
0.507774
0.41972145
0.49691528
0.46907902
0.54981583
0.53247976
0.45220131
0.54627275
0.50004697
0.59929794
0.51575583
0.3985059
0.49474949
0.43475261
0.46812242
0.39629909
0.51511604
0.49806052
0.42429522
0.41590616
0.43173566
0.53983492
0.54676449
0.50375044
0.50086153
0.51709783
0.6064921
0.64843369
0.60615265
0.45199716
0.49987826
0.52045137
0.55184072
0.57839829
0.55779541
0.44560444
0.46936038
0.42357814
0.36672372
""
""
0.4243302
""
0.52580804
""
0.43278521
0.5272615
0.49763459
0.50483412
0.42083243
0.46934122
0.53979522
0.53041601
0.54866409
0.47633213
0.46438316
0.51982147
0.50000817
0.55240667
0.48874825
0.49275497
0.46222305
0.42713115
0.47827363
0.4533444
0.44798094
0.52657801
0.46893451
0.42622918
0.43897703
0.53819031
0.63644731
0.65279031
0.48610589
0.60304874
0.55333859
0.56685185
0.50941658
0.50351006
0.48361328
0.47115883
0.51470959
0.44374162
0.49821708
0.52947932
0.59298396
0.53199226
0.55029804
0.55015057
0.60172606
0.49459714
0.55719352
0.52510524
0.57133603
0.41096956
0.49830225
0.57871771
0.47988477
0.40484983
0.43904176
0.41970965
0.40562332
0.4698987
0.42251402
0.53536332
0.46371934
0.51548594
0.41651419
0.47483864
0.44863671
0.50020689
0.45062995
0.42778897
0.48322248
0.55394924
0.51065499
0.50068671
0.59520775
0.52105594
0.51729399
0.47730872
0.57278574
0.62854868
0.40359554
0.43845236
0.47126797
0.48944175
0.5405525
0.49879658
0.50052547
0.56996739
0.56208223
0.53116852
0.53135496
0.48273531
0.51135039
0.50289083
0.53729218
0.63974589
0.58171022
0.58634984
0.60663533
0.58003265
0.44753334
0.58755141
0.49088365
0.56303865
0.4614937
0.49595344
0.4932774
0.46826422
0.52394319
0.45197126
0.53202629
0.51921183
0.54311031
0.55796462
0.44536597
0.48853213
0.53511822
0.51904374
0.53079909
0.50184768
0.43772262
0.39072576
0.57087463
0.5204069
0.43649676
0.53452969
0.42592958
0.50614953
0.42659861
0.55000925
0.46978801
0.47198635
0.59868205
0.50340217
0.47968879
0.5569303
""
0.47951141
0.5019806
0.50377399
0.55134785
0.49549833
0.47751489
0.49711964
0.50703901
0.49218717
0.59318292
0.59848613
0.5951007
0.63860518
0.55645126
0.59157062
0.51915687
0.59689784
0.47954649
0.55978948
0.48805177
0.57359874
0.5146746
0.53665757
0.59722447
0.53949577
0.47792706
0.48637041
0.44481698
0.55116534
0.47148344
0.50438327
0.50342
0.54552573
0.56075972
0.56166399
0.53348249
0.55111247
0.53183156
0.60754633
0.56820208
0.52671772
0.54237378
0.67437452
0.61312675
0.55514669
0.55136752
0.59315217
0.53933221
0.56926197
0.51430464
0.50737518
0.54022783
0.59826356
0.55292243
0.59948558
0.63707733
0.56579739
0.53014183
0.45056269
0.49994802
0.47544175
0.53504831
0.50742143
0.48942798
0.5163992
0.54422963
0.53401023
0.58813745
0.61099744
0.47202104
0.45834601
0.47030839
0.52183747
0.51107854
0.56325215
0.57965928
0.56173742
0.45468837
0.56720626
0.647071
0.58882076
0.45590192
0.42370039
0.35829026
0.49224928
0.38323852
0.39584583
""
0.53042203
0.47212818
0.46383235
0.63934618
0.61642557
0.55029118
0.60874707
0.54599249
0.56467921
0.563254
0.47217003
0.41580117
0.55126923
0.39670068
""
0.36678097
""
0.45863339
0.42515862
0.45187694
0.48458934
0.55990088
0.47631907
0.48915347
0.46840262
0.43425184
0.44275624
0.44614112
0.48247439
0.49002558
0.61421913
0.61507791
0.59047061
0.58360755
0.57942027
0.58901924
0.5169276
0.5301131
0.53507215
0.58701026
0.55862862
0.48612195
0.59910905
0.60673833
0.48866475
0.56349552
0.40464672
0.43564478
0.49432075
0.4974522
0.52169788
0.49090645
0.47620666
0.52754194
0.55422533
0.47831807
0.5481742
0.50815141
0.5231722
0.48885837
0.552405
0.52037299
0.56341898
0.49459183
0.44901749
0.45619875
0.46686023
0.52568281
0.49755609
0.49133101
0.59486717
0.48091689
0.62165189
0.49110758
0.4103936
0.47039008
0.49640614
0.50214714
0.47696465
0.46790192
0.50968397
0.45783827
0.49498138
0.48071796
0.52165318
0.57005173
0.48601177
0.52244759
0.54140127
0.4436942
0.60731232
0.48178768
0.38735974
0.43779552
0.40552288
0.43419024
0.60754889
0.40984988
0.45375758
0.53056568
0.45419571
0.49580818
0.50937355
0.55619746
0.60292768
0.60771477
0.53964621
0.5104239
0.43275106
""
0.54159492
0.533705
0.55199778
0.60194045
0.51039582
0.47013378
0.55039668
0.43033865
0.40676251
0.55713499
0.55009449
0.46973622
0.38814017
0.49131817
0.54132813
0.56200558
0.4975391
0.55896682
0.57363236
0.52734452
0.48630184
0.54545921
0.51928294
0.5895198
0.50310874
0.48314336
0.49166018
0.49661177
0.50953543
0.63521832
0.47404483
0.52700853
0.52131867
0.54307294
0.54012322
0.45008078
0.4768928
0.53071469
0.57675695
0.52330542
0.50495344
0.50405574
0.44162831
0.50247163
0.44729707
0.49539825
0.47137317
0.47540405
0.45991072
0.55582577
0.47645912
0.53605765
0.49205643
0.53585672
0.49516028
0.49048799
0.47576258
0.51388383
0.40823922
0.48783824
0.41098434
0.50012261
0.5366745
0.55134612
0.49512097
0.59003556
0.60794097
0.58111125
0.54449385
0.60619217
0.61269695
0.59188873
0.58895266
0.619344
0.57569033
0.62364244
0.61289597
0.5663991
0.66225183
0.4242934
0.57928425
0.45063522
0.47294536
0.48571694
0.41463041
0.49334598
0.45464817
0.5547694
0.60806823
0.48555821
0.47994345
0.53172803
0.55519646
0.50749624
0.50578409
0.56354135
0.55829006
0.49127516
0.51887566
""
0.45163926
0.45180267
0.46455616
0.49489176
0.48916182
0.49724647
0.42337528
0.46020541
0.45104817
0.50106782
0.54332328
0.61294037
0.4597362
0.50785929
0.52361971
0.50673133
0.51039344
0.50461572
0.45697981
0.52707571
0.53862095
0.49088404
0.47247377
0.52944535
0.51251554
0.55231708
0.50557137
0.51647449
0.53577602
0.46347556
0.48068884
0.49324924
0.43524215
0.49197668
0.54254365
0.61598158
0.48719102
0.47385642
0.51950002
0.49990392
0.57447344
""
0.51668358
0.52107871
0.56821722
0.54672176
0.53492486
0.55492514
0.52718461
0.44439763
0.49563536
0.49632415
0.4909637
0.50635892
0.59224695
0.53526449
0.44811964
0.48814869
0.46406227
0.51031804
0.5647977
0.55417138
0.59004706
0.51103216
0.4870947
0.50851882
0.5884499
0.57289082
0.40542123
0.43677425
""
0.49275225
0.61775666
0.49972844
0.47485077
0.50804907
0.54335099
0.45560226
0.46652862
0.50578111
0.48877683
0.58289379
0.64240116
0.58426726
0.52781326
0.48054069
0.48322481
0.42929214
0.55961543
0.48754722
0.56542486
0.49552774
0.535079
0.49677554
0.58421046
0.63546151
0.59186083
0.55194682
0.59608543
0.49970993
0.49637166
0.50354314
0.56766367
0.55443186
0.52307147
0.50016624
0.57170308
0.50084609
0.49945492
0.61966556
0.49430302
0.54197586
0.54204416
0.56447089
0.51774788
0.59003431
0.5124594
0.61344427
0.50406128
0.55816716
0.55243558
0.56742668
0.60117686
0.53827071
0.59610367
0.5262745
0.59420967
0.59451234
0.48116398
0.55526322
0.53742915
0.5743624
0.58247685
0.61953759
0.40947568
0.53378743
0.47197631
0.52915788
0.5271126
0.48953268
0.50900859
0.52794659
0.54377532
0.59878594
0.51118129
0.45997375
0.44088861
0.47432843
0.47272003
0.47680545
0.59146905
0.59586823
0.61899346
0.5458414
0.53907841
0.57587403
0.55129337
0.41989326
0.47392294
0.46475548
0.60943598
0.44252694
0.52073431
0.5012812
0.4424085
0.52646559
0.43118912
0.32941931
0.5570941
0.45239294
0.52542055
0.59088546
0.67247552
0.62463677
0.64161062
0.59011441
0.58322179
0.53960246
0.56839889
0.59382439
0.60433865
0.59889895
0.57790214
0.47546744
0.44798315
0.48101583
0.49778295
""
0.54378879
0.5532853
0.54010099
0.6367479
0.55828291
0.52757663
0.60577708
0.64648217
0.55774051
0.54706126
0.59956348
0.64032239
0.59712827
0.66382396
0.55072588
0.50392497
0.5130794
0.59125596
0.52570289
0.49423382
0.61705083
0.60090894
0.58808845
0.5368048
0.65598881
0.53565347
0.53403538
0.6482482
0.56145912
0.55218393
0.50877881
0.56066871
0.64679325
0.63355315
0.5629856
0.55211455
0.58548027
0.53857082
0.57881683
0.50905252
0.55258554
0.64497328
0.53910726
0.55926156
0.61091727
0.45278582
0.54842049
0.55491537
0.54455274
0.48171091
0.53494442
0.54943037
0.55215836
0.51375788
0.58892846
0.56587994
0.59711862
0.49568474
0.54150218
0.52814382
0.45827529
0.4784694
0.4759354
0.53661543
0.49552983
0.45684132
0.50886703
0.56922168
""
0.55062652
0.41586658
""
0.49012983
0.51568884
0.56509769
0.49071085
0.47081017
0.49645719
0.47200695
0.50206649
0.56035012
0.51300138
0.52276725
0.56061143
0.52174658
0.54807073
0.55090129
0.52684814
0.52100462
0.50110525
0.61113125
0.51715237
0.51924515
0.49131054
0.52323914
0.48750547
0.46561623
0.52771503
0.49211124
0.45574144
0.46029827
0.58050406
0.59173077
0.45959774
0.46390718
0.44696751
0.46656933
0.53871661
0.47306189
0.51746505
0.47316894
0.41445121
0.40964422
0.49901408
""
0.3846575
0.33557093
0.47116157
0.5423578
0.48627523
0.4553591
0.48202115
0.49536639
0.4800086
0.52081776
0.6004383
0.5668143
0.53427476
0.46232069
0.4308821
0.49612173
0.46797818
0.49424762
0.55678648
0.55290276
0.4378925
0.47837839
0.40258479
0.51725608
0.50410765
0.49642581
0.50671124
0.50747067
0.50082785
0.53275222
0.48680228
0.52801961
0.49464014
0.40664923
0.59274048
0.48861513
0.57183921
0.46321642
0.47038859
0.4644376
0.47310835
0.60180426
0.46633524
0.45011315
0.49125519
0.57552546
0.46495408
0.48032734
0.4578276
0.54236293
0.51033682
0.55190313
0.47335142
0.50552785
0.4834353
0.61235666
0.50745022
0.48352778
0.50567067
0.4500401
0.51590139
0.49985263
0.44519842
0.46206179
0.50429279
0.43228337
0.5254485
0.58777612
0.4856289
0.52137405
0.52889687
0.49106094
0.45834899
0.45907214
0.51498443
0.4794158
0.50829548
0.47219026
0.50178182
0.52464068
0.49546379
0.48199233
0.50814635
0.52897406
0.54603696
0.54022646
0.49145937
0.49441111
0.47386378
0.51745558
0.54547191
0.49423701
0.49040541
0.49786976
0.43024573
0.48784685
0.47328225
0.35834679
0.42489684
0.47915581
0.49803153
0.49203128
0.60668147
0.51054949
0.51493615
0.50199825
0.44211194
0.49725065
0.50331241
0.46438572
0.56623805
0.51842433
0.51917326
0.46344978
0.50321579
0.40630913
0.49990222
0.47946796
0.50676507
0.44699284
0.54069817
0.4315064
0.45639706
""
0.48729414
0.56555796
0.57935691
0.55347997
0.45842153
0.55091482
0.31051895
0.45245135
0.48342931
0.47224051
0.50544471
0.51186645
0.51337314
0.57822841
0.47851327
0.53796953
0.53791398
0.48873216
0.50121105
0.44336793
0.46670863
0.47773585
0.55487883
0.54249048
0.52564722
0.53877401
0.50998592
0.51124722
0.52191019
0.45608178
0.52844226
0.48371762
0.52525884
0.46942961
0.49912971
0.50298613
0.52190793
0.46753505
0.5637508
0.50464767
0.46410435
0.44546407
0.50894928
0.52700752
0.55237758
0.47232831
0.52600265
0.51525724
0.53269196
0.45278072
0.5570097
0.47191355
0.52402639
0.47536719
0.47923431
0.49923018
0.4175083
""
0.52854186
""
""
""
0.59994072
0.54870409
""
""
0.51307023
0.44605601
0.63910216
0.54421902
0.58566749
0.61461562
0.57752043
0.45622692
0.41517136
0.46823293
0.319444
0.48368582
0.42974573
0.50387967
0.3561416
0.4994064
0.50704968
0.4846648
0.44909129
0.47598094
0.5884313
0.59989774
0.53239906
0.61832398
0.548953
0.5211879
0.56449771
0.56227463
0.53452218
0.56981695
0.57479489
0.54380566
0.52990687
""
0.395982
""
0.53797263
0.51780266
0.52128744
0.46560094
0.49221182
0.49918899
0.57410592
0.4795405
0.51392657
0.46138474
0.50418878
0.51411521
0.50077885
0.49058998
0.49680829
0.55580568
0.60792112
0.50018185
0.56511647
0.55309922
0.67241496
0.61988646
""
0.59610516
0.5589022
0.46169806
0.56996405
0.51243246
0.49723485
0.47755343
0.48778981
0.59327793
0.5465436
0.53050238
""
0.52003795
0.52514148
0.53874123
""
0.60206813
0.5323348
0.55529845
0.54123479
0.46816325
0.52582836
0.56831789
0.55187458
0.51245958
0.49183953
0.52446759
0.5085547
0.55247188
0.60096467
0.51634383
0.554851
0.47508323
0.50103182
0.51998752
0.56907123
0.53977954
0.44701731
0.51933861
0.55276346
0.50602341
0.52293491
0.47576168
0.52411598
0.57470471
0.61096865
0.56303668
0.49802285
0.51527303
0.49368009
0.52133316
0.503833
0.52193606
0.55471724
0.54209375
0.49607971
0.44333032
0.56056261
0.55502152
0.49304309
""
0.58778286
""
0.60968089
""
""
0.42118996
""
""
0.52513289
""
""
""
""
0.64199114
0.49914426
""
""
0.52018416
0.49324784
0.45091334
0.45660836
0.49524406
0.50709164
0.36596009
0.50152194
0.58109421
0.55170625
0.54218066
0.55547106
0.52320045
0.53210831
0.50149667
0.54164988
0.54127437
0.49259242
""
""
0.50425529
0.51672411
0.51766312
0.47898057
0.46546146
0.50069863
0.49657306
0.54236937
0.55565572
0.49098402
0.54586565
0.58825177
0.56198305
0.45009944
0.52956468
0.4913736
0.52888703
0.58961612
0.62188184
0.6228258
0.58686715
0.50938171
0.57531005
0.5841164
0.59085804
0.57186347
0.56139743
0.41893521
""
0.60606372
""
""
0.52583778
0.57931834
0.4964515
0.54122967
""
0.54860133
0.50094604
0.47760084
0.4489491
0.4864307
0.48419204
0.51928765
0.52038246
0.51149094
0.51019531
0.52016044
0.55274385
0.50005668
0.54410076
0.58013701
0.53422934
0.59674531
0.57589263
0.57520914
0.59222633
0.56217825
0.5596475
0.57646024
0.47794917
0.52059275
0.55311882
0.59618932
0.59352291
0.62304348
0.5295831
0.50877398
0.54140079
""
""
""
0.48000038
""
0.58836341
0.47357053
0.53667533
0.38286614
0.59350145
0.58542049
0.55440336
0.39174917
0.30061716
0.52743858
0.53596294
0.49996483
0.5877834
0.54821676
0.48489338
0.51418877
0.36001882
0.53798503
0.59152496
0.44249797
0.5196889
0.55442256
0.60064697
0.57217038
0.51766187
0.52946454
0.36362058
""
""
0.48064187
0.44205004
0.59399563
0.5709635
0.44575033
0.47789776
0.57670891
0.49830067
0.50379324
0.57001919
0.50105238
0.49041116
0.4468075
0.52796483
0.4878591
0.54940629
0.50044394
0.44640452
0.53139263
0.49175304
0.60106784
0.53822207
0.45379528
0.46913859
0.43692034
""
0.46278751
0.49802214
0.5361703
0.50539857
0.58449304
0.54072595
0.5349803
0.58882904
0.53359216
0.54933667
0.49522337
0.58230174
0.62580252
0.53319156
0.55621034
0.42014757
0.50278717
0.5731529
0.54541266
0.55187285
""
0.41218203
0.48236659
0.54199135
0.54666072
0.56785905
0.48041233
0.54073417
0.590101
0.56889778
0.54984951
0.60627753
0.54363084
0.61356926
0.62390423
0.58930171
0.57723856
0.5291779
0.56782705
0.53211975
0.61420149
0.5618397
0.59798008
0.62919921
0.58924508
0.57969713
0.60567075
0.63804394
0.59922302
0.64400274
0.61037731
0.56432211
0.59407866
0.54756379
0.56012785
0.60967028
0.64576906
0.66028106
0.60984516
0.63168508
0.61570644
0.62973017
0.63132626
0.63655066
0.59352314
0.58315659
0.62957811
0.64545745
0.63218379
0.62029445
0.63909703
0.65750498
0.69531202
0.43914452
0.64050895
0.65837598
0.63121897
0.66255599
0.53950506
0.68713284
0.56371665
0.64693105
0.55483258
0.68709123
0.60978937
0.49117762
0.45996118
0.58515084
""
0.57667059
0.49246481
0.57832885
0.49457636
0.60419822
0.49832356
0.57260978
0.43093652
0.47477388
0.59008956
0.55632138
0.50523496
0.4794665
0.4474318
0.46171147
0.50254822
0.52882642
0.46126023
0.61529362
0.49670139
0.53311837
0.51384199
0.54615396
""
0.5360356
0.53833693
0.54126662
0.56571203
0.60457993
0.60771739
0.53839487
0.58959085
0.41604653
0.64476132
0.59802878
0.62584299
0.47025624
0.56767279
0.49457926
0.467769
0.4620654
0.37763822
0.49910718
0.55969816
0.50216323
0.5623787
0.54098278
0.48230493
0.53101146
0.55932784
0.59477264
0.5842219
0.53927165
0.58905071
0.56935704
0.44850445
0.52759403
0.46496066
0.53780967
0.55394948
0.51012796
0.4445852
0.48294663
0.5004319
0.48034129
0.5457297
0.50256836
0.47175935
0.4758873
0.52467471
0.54153693
0.51664197
0.48247671
0.5115912
0.61040759
0.64075541
0.57749319
0.53304839
0.56385028
0.56893033
0.60283184
0.54834825
0.53921103
0.51026332
0.56987011
0.58032793
0.60945433
0.51677912
0.48795113
0.48741305
0.54677337
0.4891904
0.47011897
0.51502579
0.46124458
0.44983813
0.47908929
0.49449977
0.5448606
0.55972761
0.5168432
0.59915268
0.50725991
0.58582258
0.56063652
0.51875782
0.58865434
0.54156858
0.62453288
0.57738042
0.49679512
0.52702701
0.52160323
0.55323255
0.55122203
0.59908098
0.50028282
0.52467275
0.54895848
0.46762744
0.46165755
0.44444919
0.49935105
0.54958391
0.4753868
0.55147171
0.40150943
0.46797055
0.56315202
0.47997952
0.52649814
0.51296127
0.52426183
0.49732518
0.50471717
0.46673772
0.51963758
0.49942428
0.58467025
0.58883846
0.58112186
0.69638413
0.71469927
0.4900507
""
""
""
""
""
""
0.44993645
0.60079521
0.62354577
0.62987298
0.33666897
0.47159484
0.55609304
0.66682047
0.68062258
0.7031514
0.63376582
0.63105279
0.58600491
0.5626117
0.51027495
0.55050272
0.47035795
0.64831597
0.53136367
0.47774258
0.46262658
0.59429449
0.4761512
0.48870704
0.56927264
0.43646079
""
""
0.64560753
""
0.5492202
0.52928042
0.51653457
0.57291317
0.62218934
0.48154539
0.58988851
0.56227434
0.66912287
0.58533067
0.58143044
0.62273657
0.56486726
0.61589134
0.6375283
0.57478648
0.59674287
0.53972393
""
0.47516042
0.54490322
0.53428477
0.54137707
0.5165574
0.62192738
0.44936904
0.63547438
0.38533625
0.52096963
0.56113529
0.49815223
0.53141117
0.48666134
0.50074798
0.46914858
0.47631389
0.57654941
0.52784777
0.54398137
0.49703854
0.55491221
0.34813702
0.56421024
0.60937405
0.58409619
0.54771763
0.54355448
0.45185566
0.52028477
""
0.48656356
0.51228726
0.43261185
""
""
0.4704375
0.4999513
""
0.56195796
0.54500628
0.570535
0.55430162
0.59672898
0.55015993
0.60900116
""
""
0.51653463
0.66308385
0.54437268
0.52618396
0.55377263
0.61905402
0.51209229
0.49416572
0.54596972
0.59649652
""
""
""
""
0.44156507
0.63237703
0.50761044
""
""
""
""
""
""
""
""
0.38585392
""
""
""
0.28239664
0.57201582
""
""
""
""
""
0.37261847
""
0.56185585
0.53676891
0.54884094
0.50181746
0.52530915
0.53321636
0.49771318
""
0.51588804
0.45938754
""
0.49753734
0.53956211
0.55515003
0.53662747
0.45485279
0.48754117
0.4935835
0.5228557
0.46533382
""
""
0.51125318
0.61026794
0.51156664
0.57017708
0.6031217
""
0.59489799
0.44988871
0.47537637
0.51496822
0.45255435
0.42178452
""
0.48820099
0.52797192
0.53898466
0.52292132
0.51944876
0.49298516
0.47880417
0.5471167
0.60274023
0.54132694
0.52392793
0.56246507
0.50007337
0.53065425
0.55200487
0.57832032
0.53623307
0.52881289
0.47190082
0.60568899
0.54325396
0.50503343
0.52873188
0.53839916
0.48310962
0.50262427
0.47083741
0.53144842
0.56330198
0.60183519
0.55961651
0.53337878
0.60600859
0.57129097
0.54455978
0.57734931
0.49529821
0.56323004
0.44178423
0.49823761
0.45295152
0.48952091
0.49695507
0.54272562
0.51485157
0.52743304
0.57004273
0.43912727
0.53981811
0.50855434
0.51488215
0.53774011
0.43143883
0.47210264
0.43399784
0.42972648
0.40663505
0.59310973
0.61685801
0.6032784
0.59185439
0.63583177
0.66028935
0.6289748
0.58976007
0.62339097
0.60809928
0.65444994
0.66706926
0.64206296
0.58671618
0.64500713
0.59833944
0.60398495
0.58310729
0.61033255
0.56105715
0.49440184
0.52552187
0.54314923
0.55492032
0.49980363
0.44731122
0.45939186
0.50214076
0.53216535
0.53085703
0.55580658
0.49316001
0.49384388
0.55189312
0.44679573
0.51430047
0.53225338
0.52269936
0.46339402
0.42451572
0.52507514
0.53530127
0.49748054
0.56907499
0.48822466
0.49417821
0.58931732
0.51974064
0.54014802
0.45834526
0.53459722
0.59972614
0.57839948
0.61638731
0.61317211
0.62217534
0.54892254
0.58962893
0.65334177
0.57341361
0.50847298
0.5207141
0.5923968
0.58436227
0.59902531
0.51914102
0.53197825
0.52323705
0.56342202
0.56630659
0.5745368
0.59277856
0.58897775
0.52022994
0.48503724
0.56179595
0.60853183
0.63946944
0.61824095
0.62968493
0.52762276
0.63358849
0.6157344
0.68531579
0.49856943
0.51373249
0.47448045
0.49631485
0.51312697
0.4846701
0.61359817
0.54922783
0.72079569
0.65776372
""
""
""
""
0.63648331
0.44377381
""
0.61934984
""
0.45939839
""
""
""
0.58234161
""
""
""
""
""
""
""
0.47633189
""
""
""
""
""
""
""
""
""
""
""
""
""
""
0.4003467
0.49707484
0.46318033
""
""
""
""
""
""
""
""
""
""
""
""
""
""
""
0.42929885
0.50228858
""
""
""
""
""
""
""
0.62512499
""
""
""
""
""
""
""
""
""
""
""
""
""
""
""
""
""
""
""
""
""
""
""
0.48594418
0.59511608
""
0.56691444
0.59844965
0.62910551
0.70735133
0.52665871
0.63291436
""
""
0.56983805
0.71758217
0.64243197
0.44019297
0.60420227
0.63073677
0.69834411
0.69392812
0.6673755
0.62690032
0.61933386
0.66266984
0.66756165
0.66243869
0.72399783
0.66023827
0.68831116
0.57567888
0.69800317
0.56594068
0.6190123
0.55427384
0.5651015
0.59004736
0.62555194
0.59952486
0.68977082
0.62759042
0.67817712
0.64077544
0.55623531
0.56742877
0.63514692
0.60060078
0.57260287
""
0.4505147
0.50692397
0.38111451
""
0.48103979
0.48345369
0.38274086
0.46661627
0.60846388
0.56723583
""
0.57066905
""
""
0.41633397
0.48308173
0.46210894
0.55254859
0.46952415
0.48364043
0.41864988
""
""
0.58841574
0.66682327
0.60546994
0.61973494
0.64250332
0.60291582
0.61192113
0.60324305
0.61502028
0.55798298
0.58952355
0.623209
0.63350344
0.61807144
0.67138112
0.66708726
0.65248513
0.63458127
0.63457131
0.67046815
0.67263544
0.58859044
0.56142479
0.68796974
0.61413324
0.58764112
0.64964354
0.58804601
0.64816165
0.66357946
0.67261052
0.60753828
0.70297384
0.69295228
0.62502068
0.65024459
0.69594836
0.65533829
""
""
""
0.51341426
0.53160435
0.49957088
0.48306563
0.49991441
0.46444243
0.5393244
0.54489917
0.62005609
0.53761697
0.57055295
0.49988186
0.52391338
0.51169807
0.5062561
0.49621069
0.5528596
0.49564832
0.45615831
0.45696986
0.50517535
0.50171953
0.47906575
0.51043069
0.47681013
0.53641903
0.50998837
0.47798309
0.50535417
0.54164672
0.48650697
0.49407485
0.45972666
0.60106969
0.5023939
0.52762777
0.56262624
0.53290778
0.4746848
0.62536442
0.56912249
0.49920177
""
0.58601046
0.51883858
0.48362821
0.55269808
0.60037535
0.56379461
0.52418649
0.5662927
0.61569911
0.54490334
0.54602307
0.53722805
0.62810892
0.58357042
0.62019122
0.50440931
0.65494251
0.64031821
0.56664294
0.57825035
0.59429723
0.51311004
0.47830307
0.70771903
0.61177522
0.58766276
0.58542717
0.57394713
0.53911251
0.54123074
0.56708813
0.53572428
0.53000593
0.5423075
0.66280454
0.66224718
0.49100572
0.62387663
0.61460644
0.51005656
0.4899101
0.57802981
0.52664524
0.5287962
0.58128792
0.56981093
0.62259167
0.58142602
0.61779088
0.60615969
0.60917026
0.54838037
0.57854217
0.567895
0.56008959
0.56438863
0.57895261
0.50335652
0.53125805
0.53458256
0.5835492
0.51323479
0.57847893
0.52940559
0.57885897
0.5354175
0.60201192
0.61755276
0.56729019
0.58015114
0.58021158
0.57843983
0.50157803
0.58623928
0.53934932
0.51915288
0.51773369
0.61415195
0.48223525
0.53984946
0.48139772
0.53902298
0.50346786
0.60518336
0.52725798
0.55276328
0.5342356
0.59426516
0.53071171
0.56673664
0.53436881
0.57741076
0.58096874
0.56632239
0.60340345
0.55491567
0.60443783
0.62929004
0.61136758
0.56637216
0.64435232
0.53216022
0.59635615
0.59482044
0.59866327
0.58992308
0.61750078
0.5469681
0.59175873
0.59682536
0.58462864
0.57416821
0.55082244
0.55753356
0.52681786
0.46890128
0.50266796
0.528018
0.49406743
0.52191222
0.53142768
0.53091782
0.49354875
0.58541054
0.51152915
0.49345168
0.56811845
0.55998218
0.50601798
0.53635311
0.48926702
0.54406488
0.57831174
0.53429139
0.49904442
0.51915348
0.37172103
0.58667231
0.5212419
0.51435959
0.50672024
0.46051726
0.49267501
0.47032616
0.49783427
0.57521963
0.54970223
0.5784899
0.54268372
0.4892557
0.55712646
0.55664241
0.51656705
0.51831698
0.53443587
0.51141673
0.54817611
0.53810877
0.48393604
0.54807287
0.49112555
0.48045343
0.51394171
0.50956202
0.48968816
0.56415933
0.49220949
0.54550874
0.52486014
0.52820784
0.50689137
0.47517294
0.51135594
0.50139236
0.5389064
0.45432481
0.50584191
0.49525377
0.55034047
0.57072222
0.56614101
0.50218922
0.56007767
0.58177662
0.53150457
0.51934099
0.57528269
0.60256952
0.55669796
0.59394288
0.56947213
0.50686198
0.56233203
0.59269613
0.55841488
0.54376042
0.57057434
0.50690144
0.57736027
0.50854135
0.5352596
0.49747238
0.56964576
0.54762024
0.50664729
0.55298775
0.51424235
0.49680713
0.42164165
0.47769079
0.59942621
0.53175783
0.56732678
0.50448006
0.53929722
0.60206479
0.56186008
0.48367789
0.55010402
0.55989724
0.59721363
0.56795889
0.55783927
0.50920492
0.54752201
0.53623658
0.4939523
0.49652177
0.5160417
0.52694017
0.49754199
0.43326113
0.51724094
0.49817702
0.47483048
0.46538392
0.56154227
0.51145941
0.53872615
0.45687139
0.51108259
0.51185876
0.49322307
0.49956092
0.4911927
0.58041441
0.59093165
0.58117104
0.52343404
0.46632165
0.433294
0.56300133
0.53176445
0.51713163
0.57087708
0.53935158
0.48403487
0.49424586
0.53722352
0.5135752
0.48614237
0.56431699
0.46284664
0.47322533
0.47580597
0.48129123
0.54584092
0.56259918
0.55853289
0.55376083
0.58728296
0.59867823
0.55898535
0.49382618
""
0.45505366
0.5083884
0.49988192
0.53421283
0.47029513
0.57255495
0.56945109
0.61524332
0.48080575
0.53100491
0.44084901
0.48614514
0.61135596
0.50874168
0.54210585
0.49675086
0.51317811
0.56998938
0.52402925
0.50362742
0.50893849
""
0.556256
0.51608402
0.46018308
0.48729378
0.51436418
0.55637163
0.54485905
0.48720205
0.56689936
0.53051132
0.60225022
0.52882284
0.51091963
0.42438832
0.50324786
0.49544379
0.50812244
0.36283204
0.44087303
0.47124457
0.55223632
0.58088797
0.53720528
0.61952984
0.48841405
0.45439413
0.50892699
0.51980633
0.51401132
0.44893104
0.47919261
0.49465337
0.47408852
0.53927583
0.53913945
0.52454722
0.52972263
0.49957511
0.46612611
0.39155489
0.35161087
""
0.5670324
0.49776626
0.55340314
0.51529163
0.51884645
0.46344638
0.48717427
0.49857908
0.42500836
0.49523488
0.50107986
0.51108676
0.47296479
0.5538584
0.51890659
0.52501333
0.5663538
0.44414464
0.46063647
0.52430069
""
0.5435456
0.5277887
""
0.4797008
0.55703437
0.51992583
0.55610228
0.55272299
0.54053795
0.5320614
0.51693749
0.54529142
0.58545041
0.54088533
0.51955807
0.51854807
0.46544233
0.44210818
0.48530325
0.47597179
0.46906054
0.50661784
0.520818
0.44933727
0.50633693
0.35117349
0.4508689
0.45888332
0.51219398
0.56177521
0.59579867
0.59823817
0.324063
0.3703903
0.42446145
""
0.50795799
""
0.60258663
""
""
""
""
0.43472362
0.35801437
""
""
0.45956621
0.40573689
0.45817447
0.55918741
0.50556296
0.59747869
0.5725016
0.51294953
0.54085839
0.52939808
0.62714094
0.57760262
0.52763438
0.49877569
0.5776307
0.47748363
0.46554404
""
""
0.46819472
0.52410722
0.41386414
0.40978536
0.50488728
0.50657344
0.47671139
0.51256448
0.44965196
0.34247485
0.47149763
0.4742302
0.54377878
0.54574889
0.5383628
0.54115701
0.49382964
0.53962702
0.50133592
0.44970578
0.51782721
0.47878939
0.4902975
0.51772618
0.54951751
0.58834082
0.53620803
0.5837065
0.52956778
0.48826355
0.47482654
0.51234657
0.45804822
0.58170593
0.56199926
0.50447702
0.51490819
0.57280439
0.47512934
0.55020857
0.53753984
0.50308949
0.49259877
0.55539042
0.52322024
0.50806296
0.55034602
0.51948833
0.512537
0.55993068
0.52379519
0.53118604
0.51918256
0.52108818
0.48818022
0.53539467
0.60153145
0.64696723
0.55962133
0.5531317
0.49063319
0.42346755
0.46766368
0.48305467
0.48356003
0.5145998
0.53842098
0.51976269
0.51494521
0.51243711
0.5162487
0.47894534
0.48777896
0.46603313
0.5437814
0.50969404
0.41161805
0.48343828
0.52855527
0.43857938
0.49349836
0.56315696
0.67915761
0.49743509
0.53773934
0.43596056
0.46113127
0.47768125
0.42826575
0.4718605
0.52301949
0.50447333
0.51862681
0.48407516
""
0.53310347
0.5408867
0.45619377
0.34081951
0.50361925
""
""
0.48994198
0.52979416
0.49820998
0.43323293
""
""
0.6132977
0.60864896
0.49670407
0.56238389
0.57652265
0.5760625
0.53299999
0.58963507
0.55183977
0.47376895
0.36284974
0.3456423
0.48824221
0.52444047
0.46937528
0.48310265
0.50204706
0.45328191
0.423843
0.41275963
0.44919512
0.33827478
0.45178348
0.39852896
0.45667422
0.47987419
0.48203099
0.33794215
0.53866839
0.52616787
0.49784428
0.49731457
0.49154028
0.49882871
0.51594138
0.51976573
0.55936241
0.50592709
0.57251102
0.5415265
0.48482659
0.54083073
0.579454
0.54770142
0.55336761
0.61365157
0.56842679
0.59131283
0.58501571
0.56948781
0.63008738
0.56373554
0.56490326
0.57744694
0.51732552
0.53698301
0.48882231
0.44845453
0.49831635
0.4668864
0.50721568
0.45027995
0.46214968
0.43987417
0.5265696
0.50106424
0.51852864
0.42589122
0.41589475
0.54382437
0.6107353
0.54896599
0.51225245
0.52842164
0.48810419
0.52209407
0.49690276
0.49808347
0.55212474
0.43941551
0.55690414
0.56748557
0.51281053
0.61081612
0.56074113
0.48662347
0.50638551
0.45160925
0.63589662
0.50552177
0.57902795
0.48527926
0.46666184
0.39643824
0.4786202
0.50538868
0.58362657
0.6158129
0.52914482
0.51083058
0.48204535
0.48716879
0.45522082
0.46716034
0.59591734
0.64320505
0.57970124
0.47097388
0.4627887
0.56290185
0.48787919
0.55327898
0.49304363
0.57763231
0.5603646
0.56553549
0.52102977
0.57553983
0.53130513
0.55247635
0.51165456
0.57824004
0.39893103
0.48505759
0.43896458
0.50728285
0.48571727
0.52447271
0.56693548
0.53648627
0.55326831
0.45378971
0.5235877
0.45420232
0.47316757
0.47424856
0.58456057
0.51787442
0.60158098
0.48960495
0.60207856
0.61099046
0.51171231
0.4931069
0.50936908
0.48108664
0.44266599
0.46713167
0.56860012
0.52827048
0.54723072
0.50529683
0.54636717
0.50160575
0.57571942
0.45521292
0.4830457
0.50631922
0.49146795
0.43443519
0.46698973
0.46015739
0.53938591
0.46571308
0.51761532
0.50575382
0.42132801
0.38023657
0.46379557
0.42169666
0.52067965
0.49980551
0.48120803
0.53984565
0.49391222
0.5310747
0.49509013
0.4287582
0.50658947
0.45628798
0.50996649
0.55957985
0.50240111
0.49777338
0.47825673
0.53143531
0.54830009
0.5506379
0.56008446
0.54969025
0.55480081
0.58745515
0.50918657
0.47132528
0.47601131
0.51027638
0.60981363
0.51591516
0.44503859
0.45933384
0.51811242
0.61693239
0.3546221
0.49745339
0.53587472
0.49735332
0.50564158
0.59792137
0.55111426
0.57068068
0.52548856
0.52400076
0.56658453
0.50913066
0.54733157
0.50791115
0.60232973
0.54417342
0.64296293
0.56323367
0.56026477
0.50644839
0.51187605
0.50400913
0.49046221
0.52923101
0.47512627
0.48998603
0.50112671
0.51122057
0.54308856
0.52911121
0.48338133
0.54693222
0.43549678
0.46642613
0.51423234
0.54152292
0.60784739
0.40169787
0.47168687
0.47994947
0.41332164
0.55014729
0.51764029
0.47768736
0.53666919
0.52904856
0.4760409
0.51469058
0.39740771
0.5246734
0.51817763
0.53129464
0.44294769
0.4838433
0.50161439
0.54051596
0.50559402
0.47713244
0.49431163
""
0.48630878
0.43656734
0.50566941
0.4197697
0.45685443
0.53724951
0.53308696
0.47667044
0.52029049
0.60265028
0.42149961
0.43427303
""
""
""
0.5629428
0.35169452
""
0.54805982
""
0.49449745
0.58528781
0.48475796
0.55498838
0.5071305
0.5357421
0.5749805
0.5516957
0.60377389
""
""
""
0.5870074
0.62557268
0.60460109
0.50331807
0.58239013
0.54963624
0.67406499
0.56086367
0.58044046
0.5405187
0.56370676
0.67423981
0.6490944
""
""
""
0.501019
0.57450789
""
0.68258482
""
""
""
""
""
""
""
0.62158942
""
0.44923866
0.34807682
""
0.52807295
0.48921126
0.4436928
""
0.63845235
0.42821229
""
0.57105839
0.48707259
0.56172436
""
""
""
0.55532539
""
0.58946782
0.61043411
0.44436228
0.5368529
0.67153537
""
""
""
0.60842633
0.62287134
0.46965843
0.47987688
""
""
""
""
""
""
0.55784827
0.58123374
""
0.54471499
0.6822173
""
0.49199465
""
0.56490177
""
""
""
""
""
""
""
""
""
""
""
""
""
""
""
""
""
""
""
""
""
""
""
0.57887882
0.45908102
0.68051279
0.52988648
0.536075
0.62486804
""
0.62223727
0.43196496
0.54741234
0.54919654
0.56304687
0.5931533
0.68359196
0.62968439
0.67381269
0.48286504
""
0.55765927
0.56263047
0.57295024
0.55449975
""
0.47174138
0.45120528
""
""
0.59111011
0.58466679
""
""
0.54699063
0.53101754
""
""
0.58738077
0.55857718
0.5011403
""
""
0.5102312
""
""
""
0.57515609
0.55618405
0.53789711
0.5887624
""
""
0.57920253
0.58517581
0.50400317
0.48557088
0.5753547
""
""
0.56062412
""
0.54278332
0.60079676
0.62983727
0.60653746
""
""
""
0.4685744
0.54775661
0.52279192
0.54078549
""
0.57022113
0.55743206
0.52404094
0.61977041
""
""
""
0.54640126
""
""
0.55326402
0.56207967
0.48270994
0.51275396
0.54096228
0.55289137
0.5592972
""
0.65110487
0.50955701
0.62386316
0.49788678
0.58216661
""
""
0.45176786
0.54829711
0.57664526
0.49731371
0.54790813
0.54160672
0.44074398
0.61434466
0.62576103
0.51067883
0.57169861
""
""
0.53596824
0.47846833
0.61880559
0.63682556
""
0.63272494
0.5311994
0.5291732
0.5959748
0.52658004
0.55774552
0.6179558
0.61023402
0.545542
0.579229
0.56802869
0.53518134
0.51584882
0.5877431
0.551175
0.53531307
0.67072642
0.58062536
""
""
0.44377863
""
""
""
""
""
""
0.54395753
""
0.58206958
0.49011621
0.53952849
0.5662083
0.53244764
0.54997367
0.49823543
0.49084786
""
""
""
""
0.53141862
0.44399658
0.53928298
0.5361833
0.51942223
0.53987157
0.56106919
0.49099937
0.51873326
0.54172796
0.55224413
0.49924475
0.5627166
0.52320415
0.55501282
0.53559572
0.59508878
0.44773155
0.63887167
0.46567568
""
""
0.53694004
0.42590645
""
0.551557
0.50791365
0.49256018
""
""
""
0.5284726
""
0.51471907
0.53789908
0.56527919
0.51747662
0.54059082
0.50868559
0.47897196
0.5306707
0.53222567
0.51129657
0.53109586
0.60618728
0.54524505
0.55193692
0.61085385
0.50462329
0.47794002
0.4655534
0.53562737
0.49507284
0.47407255
0.51356846
0.47185847
0.48774469
0.51976758
0.5337953
0.51933169
0.54971737
0.55741078
0.53593016
0.57161784
0.5411312
0.55410981
0.51822507
0.48151487
0.52666712
0.55612475
0.58809656
0.5228436
0.58035451
0.55977541
0.53858244
0.58133495
0.56681174
0.55260241
0.58670515
0.57143164
0.51987076
0.50097883
0.57535803
0.48283136
0.52707303
0.55276775
0.57396799
0.57259756
0.5198456
0.57916677
0.49184373
0.54458797
0.57609665
0.57427722
0.58441502
0.57167673
0.57388908
0.53701395
0.4996216
0.55408227
0.50511479
0.44376898
0.5114941
0.6007489
0.57579035
0.54255247
0.5049836
0.50917673
0.50852275
0.48692238
0.52202094
0.50435394
0.56747514
0.58685064
0.54240966
0.54145181
0.60793215
0.63914305
0.52877134
0.58620423
0.38930929
0.5819872
0.5860548
0.63964725
0.56109905
0.53905368
0.60348225
0.60159218
0.54286963
0.52633625
""
""
0.51291639
0.56917977
0.557643
0.51470852
0.5590235
0.55945271
0.54420042
0.50611115
0.53177994
0.54177248
0.58863527
0.56751633
0.62173772
0.60208231
0.55177021
0.55819833
0.56951886
0.55207098
0.56450093
0.56219262
0.57562977
0.510584
0.53262269
0.59830225
0.5684222
0.50567722
0.49762553
0.58243078
0.59582281
0.56374067
0.63491291
0.58303428
0.52463871
0.61096954
0.57548034
0.52625138
0.46454519
0.47329959
0.49920979
0.52604342
0.57426387
0.51460052
0.48326346
0.56781143
0.50460047
0.54325432
0.55593407
0.57093602
0.53292954
0.53612101
0.5678615
0.50177801
0.39676848
0.45337558
0.51193291
0.54556811
0.5660544
0.52082413
0.56242841
0.53201473
0.54016095
0.55441087
0.57787269
0.5651471
0.64788604
0.62997776
0.64351869
0.61317813
0.60345596
0.50816053
0.59332079
0.58904672
0.47020385
0.57991201
0.6161775
0.62410653
0.55753535
0.52374971
0.56002349
0.51532751
0.55253065
0.59435362
0.60121161
0.55402714
0.60909569
0.53493404
0.60302496
0.5201453
0.5297271
0.5708825
0.53691506
0.60410506
0.53285342
0.56844616
0.58710545
""
0.62739712
0.57928753
0.56010169
0.55342698
0.61467004
0.55884981
0.54878008
0.49803501
0.57232994
0.55361378
0.55861747
0.53080881
0.57015353
0.57818818
0.52831936
0.53669184
0.55474895
0.54744124
0.5461089
0.58318394
0.5169521
0.55736768
0.55064487
0.55330604
0.5219841
0.48483494
0.53929961
0.50679761
0.52787048
0.56286389
0.57290459
0.56755894
0.62681782
0.52529246
0.54809266
0.58290923
0.57253486
0.56590855
0.56708223
0.60149622
0.57740408
0.57176012
0.54493225
0.55533367
0.54808044
0.60942614
""
0.60532022
0.60682809
0.60012072
0.59935457
0.56896782
0.57531387
0.58355719
0.68375182
0.60330969
0.64424658
0.55511731
0.58394718
0.56875765
0.51940078
0.52875817
0.54772389
0.54999322
0.51574367
0.54796141
0.56651485
0.53404975
0.57003808
0.63160414
0.48107892
0.5988915
0.55454689
0.55575728
0.51409125
0.54923838
0.53711909
0.54130489
0.5833053
0.56110203
0.53073114
0.59779751
0.60440081
0.52031356
0.5361464
0.51783466
0.5815869
0.56173992
0.55287743
0.50506264
0.57329154
0.51822305
0.4843207
0.50625151
0.57816458
0.61146384
0.55589634
0.48854557
0.4743866
0.59328151
0.63134009
0.54805928
0.57935262
0.55899078
0.56764609
0.55837822
0.44472241
0.53445643
0.5936982
0.4657352
0.42951137
0.50584006
0.54915756
0.57724434
0.65764642
0.59886354
0.60282946
0.57124788
0.61650741
0.65248817
0.60875601
0.50515175
0.41971359
0.40070996
0.44425508
0.53603762
0.56157798
0.55433422
0.61479712
0.55253822
0.56082463
0.53606009
0.60235244
0.6648519
0.56793815
0.54338795
0.62337643
0.59587586
0.64897037
0.66823846
0.57925588
0.59512752
0.63919234
0.61631203
0.58863944
0.62593365
0.64289814
0.60089141
0.63156503
0.6948517
0.60220218
0.57740724
0.51648861
0.55333441
0.55314565
0.62610251
0.59386057
0.58598536
0.57006341
0.55035758
0.52992207
""
""
""
""
""
0.57212889
0.46530065
0.59583765
0.56133431
0.58725107
0.55201912
0.5907023
0.57472652
0.60508972
0.62876499
0.66113198
0.62847912
0.61333787
0.6108042
0.62703812
0.39715192
0.4977535
0.54242378
0.51707929
0.55663812
0.57072002
0.64698148
0.56236649
""
""
0.5605675
0.53124577
0.52296895
0.61949909
0.55849522
0.61438322
0.56585276
0.60449642
0.61719525
0.60095114
0.63221127
0.56885225
0.58197981
0.60242546
0.60598385
0.57510644
0.57176489
0.52681875
0.63813257
0.59583014
0.5374139
0.50865114
0.60752565
0.56719673
0.57541752
0.6137898
0.61787379
0.56626886
0.56539083
0.52546692
0.56402647
0.65272683
0.67486614
0.6498909
0.62458235
0.59536761
0.56936222
0.71748912
0.64291424
0.5386495
0.56683469
0.51500112
0.45964128
0.51609421
0.59340096
0.51879871
0.58740789
0.60737216
0.5377807
0.50904799
0.51328897
0.50940585
0.51931447
""
0.50360388
0.56077027
0.52779317
0.5500015
0.53071558
0.58497393
0.62145913
0.59212923
0.55312705
0.58185768
0.58419615
0.58724266
0.58489048
0.50701863
0.49065599
0.60291898
0.46960872
0.52889562
0.59045011
0.56958193
0.50403696
0.54414558
0.53512943
0.5892362
""
""
0.49420336
0.48150995
0.46889913
0.60764474
0.68993771
0.5286653
0.6047501
0.52705854
""
0.50970978
0.51953036
0.50126594
0.57822359
0.54200196
0.44201922
0.39933503
0.49566162
0.64253134
0.46203843
""
0.59825003
0.43102181
0.46979704
0.55288601
0.48898733
0.48377678
0.48454407
0.59747547
0.58221114
0.54618561
0.63910604
0.48708057
0.66335899
0.52166283
0.58467484
0.57687688
0.5000006
0.60198992
0.4989641
0.49847662
0.550982
""
""
""
""
0.52494746
0.47871909
0.40408802
0.60808092
0.46328869
0.54017085
""
0.5722968
0.67619079
""
""
""
0.59883481
0.59314674
0.53655756
0.4263151
""
0.44901508
""
""
""
""
""
0.57607299
0.70299309
0.62145323
0.62400985
0.49165836
0.64834076
0.70703179
0.70578212
""
""
0.64947259
""
0.70913696
0.63817114
0.60798424
0.54645544
0.57753634
0.58082879
0.38239747
0.73409957
0.53720319
0.64353865
0.61314774
0.65638041
0.59181327
0.62591112
0.62450004
0.64288968
0.65000153
0.62816781
0.70103091
0.42035067
0.57983929
0.60516846
0.59940183
0.61583453
0.70930547
0.61837745
0.58243513
0.6150015
0.55398321
0.67018294
0.63865495
0.63648331
0.65659791
""
0.65886188
0.67138278
0.6334753
0.59710878
0.65790975
0.66109765
0.65046811
0.63313788
0.59712428
0.66777974
0.62532151
0.68523806
0.5795927
0.62180895
0.63479924
0.54120988
0.66208261
0.61185551
0.63075352
0.63040376
0.52747226
0.49233067
0.51547092
0.50535095
0.47825545
0.6576398
0.53167313
0.63499016
0.52820742
0.51270711
0.46650988
0.48697758
0.49889812
0.56854069
0.56374091
0.62451708
0.65021437
0.57554877
0.62012845
0.59714729
0.60600203
0.5946219
0.56623101
0.61698383
0.55437261
0.572258
0.51475763
0.55014658
0.60326654
0.48972103
0.63168675
0.45642292
0.43615961
0.60968286
0.54865921
0.51994598
0.54621488
0.64297837
0.67058849
0.55630922
0.52143764
0.51783389
0.53045219
0.61423069
0.59977782
0.52962989
0.65109783
0.6535731
0.66973215
0.56935108
0.53598374
0.59588969
0.58883339
0.58863455
0.55281711
0.54355168
0.58863187
0.58534777
0.52922231
0.49159971
0.57190877
0.47487965
0.58316928
0.54105955
0.59813911
0.5025633
0.46786651
0.50472611
0.48725918
0.52249372
0.56310469
0.47560513
0.46066192
0.40905437
0.56315726
0.5508284
0.47995216
0.54049748
0.45693016
0.60854566
0.50008398
0.5079608
""
0.56129676
0.35588071
0.606978
0.49786997
""
0.54068857
0.41248664
0.4705084
""
0.593817
""
0.44710135
""
0.49136418
""
""
0.53732598
""
""
""
""
""
""
""
""
""
""
""
0.5559563
0.52160704
""
""
""
""
""
""
""
""
""
""
""
""
""
""
""
""
0.62496907
""
0.45968023
""
0.5843541
0.59935504
0.56730449
0.57564944
0.49798903
0.51836646
""
0.53481078
0.44536147
0.38902399
0.60819077
""
""
""
""
""
""
0.4554216
0.66325873
""
""
""
""
""
""
""
""
""
""
""
""
""
""
""
""
""
""
""
""
""
""
""
""
""
""
""
""
""
""
""
""
""
""
0.71783608
""
""
""
0.57686442
""
""
""
""
""
""
""
""
""
""
""
""
""
""
""
""
""
""
""
""
""
""
""
""
""
""
""
""
""
""
""
0.41898677
0.61738211
0.6869458
0.60535401
0.58965075
0.67766488
""
""
0.60509187
""
""
""
""
""
""
""
""
""
""
""
""
""
""
""
""
""
""
""
""
""
""
""
0.58765846
0.71736425
""
""
""
""
""
""
""
0.56827301
0.50984579
0.69687855
0.65363091
0.56711769
0.62580353
0.65159369
""
""
""
""
""
""
""
""
""
""
""
""
""
""
""
""
""
""
""
""
""
""
""
""
""
""
""
""
""
""
""
""
""
""
""
""
""
""
""
""
""
""
""
""
""
""
""
""
""
""
""
""
""
""
""
""
""
""
""
""
""
""
""
""
0.54263747
0.65161687
""
""
""
0.46313649
0.57784832
0.64980006
0.64397842
""
""
""
""
""
""
""
""
""
""
0.55622035
0.6416297
0.4258028
""
0.58575398
0.57427919
0.59651935
0.65216589
0.64061362
0.66089666
0.66847497
0.55845529
0.61534941
0.55816758
0.5114758
0.54344976
0.61930197
0.48155126
""
0.51435065
0.50018853
0.52718693
0.47031501
0.49719965
0.52204758
0.56050384
0.54169273
0.62419289
0.61368096
0.54531664
0.5252502
0.4994944
0.41303
""
0.61200833
""
""
""
""
0.50867748
0.36115366
""
""
""
""
""
""
0.61209738
0.65892828
0.65380096
0.57647824
""
0.5511294
0.56372815
0.5334214
0.53562146
0.61013526
0.62236375
0.63078362
0.63749182
0.64271885
0.63772225
0.61365867
0.55542392
0.61508644
0.54941285
0.61631137
0.64415234
0.58032686
0.61004436
0.70824367
0.66974825
0.55365443
0.53194851
0.54896855
0.47908217
""
0.52103245
0.57444227
0.43728763
0.59625381
""
""
""
""
""
""
""
""
""
""
""
""
""
""
""
""
""
""
""
""
""
""
""
""
""
""
""
""
""
""
""
""
""
""
""
""
0.5895375
0.62393647
0.65832543
0.67712563
0.63867944
0.61578131
0.60716617
0.67800879
""
""
""
""
""
""
""
""
""
""
""
""
""
""
""
0.69486588
0.62774247
0.66265184
0.66899312
0.69601732
0.65713024
0.5928908
""
""
""
""
""
""
""
""
0.62307066
0.72147834
0.70435584
0.62213409
""
0.66962481
0.74506152
0.61374468
0.61707413
""
0.57498914
0.60487086
0.62791544
0.65516198
0.685691
0.61676592
0.62985414
0.52787244
0.67446697
0.58353728
0.666152
0.52205813
0.60692167
0.5879252
0.66729861
0.70664746
0.65612197
0.65966094
0.6743297
0.65832114
0.705428
0.64874274
0.62815732
0.66012907
0.64934808
0.64456612
0.65788609
0.66789484
0.65421879
0.69488853
0.60529679
0.68908
0.6632334
0.71014321
0.67673337
0.68955356
0.64408499
0.6595301
0.65145123
0.6545645
0.66034162
0.69688869
0.65733325
0.64857751
0.67163748
0.63076544
0.55726123
0.68331587
0.56432712
0.65045518
0.65422189
0.62419772
0.65207046
0.66153353
0.62883508
0.66352159
0.53885204
0.65041745
0.6531527
0.69678873
0.676916
0.64783382
0.70259982
0.67724085
0.71531308
0.69007277
0.69188696
0.62464619
0.67408836
0.6275683
0.71690446
0.69952399
0.68054521
0.64729738
0.63857257
0.61769336
0.67761755
0.67051548
0.67378098
0.63574398
0.66036773
0.57081425
0.63200927
0.65657717
0.63083112
0.61246514
0.56401742
0.56719643
0.63234001
0.642088
0.59948993
0.64492714
0.60806507
0.70724899
0.67494994
0.68048364
0.6982941
0.59775275
0.68647456
0.66787964
0.62379193
0.60631669
0.5757609
0.61086833
0.59878439
0.64134181
0.67523652
0.6108638
0.61497486
0.6580863
0.56845188
0.64975858
0.63007849
0.67000026
0.50923884
0.58284861
0.50525534
0.52793527
0.54673105
0.69630545
0.68669891
0.63471991
0.67266887
0.59490591
0.68758786
0.60561895
0.61392975
0.62709695
0.60200667
0.67450851
0.61668825
0.65359658
0.61563605
0.65126818
0.60975295
0.66816944
0.63782382
0.58527923
0.63125998
0.55930346
0.62676036
0.64094657
0.68851012
0.65709263
0.66093922
0.66274881
0.64538199
0.5740518
0.58952552
0.721026
0.50783253
0.5609386
0.69508213
0.65689707
0.56369853
0.64983177
0.63327473
0.61401409
0.63486296
0.62181747
0.64772105
0.65058368
0.67241156
0.74866766
0.64715034
0.63878471
0.65813255
0.63729018
0.62264264
0.57720059
0.65550458
0.57518142
0.62437952
0.56814486
0.57362533
0.690777
0.64987522
0.63274246
0.63088977
0.60546428
0.65731639
0.67516601
0.59160054
0.57606101
0.64007741
0.60657728
0.64953053
0.60855711
0.61920267
0.60377669
0.60476846
0.53997701
0.63137847
0.58689076
0.60894078
0.57080251
0.58847141
0.54738027
0.61516148
0.58491009
0.64998907
0.64139873
0.62015188
0.63006997
0.5905844
0.6184727
0.59987241
0.72155041
""
0.61250961
0.63208127
0.64325798
0.63181478
""
0.60615909
0.60962099
0.63328844
0.60257888
0.54167759
0.5222494
0.58112878
0.5359413
0.54705465
0.50239921
0.61603099
0.53632092
0.61828202
0.64212185
0.63610315
0.65373904
0.57125121
0.60728955
0.5841924
0.58976787
0.6926102
0.59617221
0.59430695
0.59707093
0.52485418
0.62259823
0.66808861
0.58929181
0.58885884
0.59020036
0.54510504
0.53380883
0.69091904
0.64466798
0.64704287
0.65584791
0.61784434
0.64229673
0.66876292
0.62653792
0.58937734
0.53779149
0.54585987
0.5990597
0.60386348
0.59204447
0.53872496
0.61658263
""
""
0.52137113
0.54106927
0.51019108
""
""
""
0.53931707
0.53263277
0.59412795
0.49097517
0.42355356
0.46902296
0.60571897
0.63591731
0.55849415
0.60988224
0.55340916
0.5580101
0.62839776
0.57838595
0.55793142
0.6491971
0.60874069
0.60659444
0.63055938
0.67222905
0.64256823
0.63801181
0.49445942
0.56088835
0.63244766
0.63213682
0.54790407
0.60400057
0.46441379
0.55418718
0.53514111
0.52806598
0.54105538
0.57664406
0.4547078
0.54568321
""
""
""
0.62100369
""
""
""
0.58696818
0.64546788
0.69571275
0.62288749
0.66121829
0.6975674
0.67065734
0.62494224
0.67410094
0.65473324
0.62347859
0.64594615
0.6312784
0.58006597
0.58351827
0.60882485
0.59648651
0.56858408
0.71581584
0.687015
0.6590308
0.722251
0.66439039
0.72703516
0.70651305
0.61888391
0.57356948
0.66801023
0.59779561
0.53297186
0.5643785
0.59195638
0.64591205
0.54698235
0.55460972
0.65037531
0.64406538
0.60539103
0.54947728
0.62743658
0.6131537
0.61857188
0.63727379
0.60553348
0.63482934
0.55706692
0.54836321
""
""
""
0.62300354
0.68675911
0.63105154
0.65769953
0.59528935
0.63095903
0.59077495
0.60553491
0.59461582
0.60016453
0.61972648
0.64774424
0.66642231
0.68138212
0.6166715
0.6596995
0.6697309
0.67928427
0.62630779
0.59739125
0.6187914
0.67229271
0.63888216
0.6776315
0.5942114
0.63032466
0.65779597
0.62224269
0.59317732
0.67445207
""
0.64257127
0.74016988
0.61102784
0.57476968
0.6094861
0.62518525
0.70152473
0.61507314
0.57493985
0.61133975
0.64882582
0.70441353
0.69874513
0.65085638
0.66233647
0.64769167
0.67196721
0.69146228
0.69568849
0.72786462
0.64586449
0.68788218
0.70723909
0.67628139
0.61159462
0.71503878
0.65391576
0.73417383
0.695669
0.73030621
0.63904423
""
0.60489339
0.69639021
0.67074805
0.68156666
0.66810715
0.66473889
0.6586253
0.61114752
0.58682048
0.57668531
0.47737834
0.63687229
0.61092538
0.69062233
0.62675881
0.66178095
0.66258144
0.55040944
0.60725814
0.54587841
0.49520615
0.53233981
0.6420188
0.53390568
0.6077311
0.65665263
0.59601271
0.48901963
0.55495948
0.6695109
0.62877607
0.65413332
0.63666958
0.51601285
0.64983815
0.68024564
0.51725084
0.57442188
""
0.5430994
""
""
0.51875561
""
0.53914458
""
""
0.47300801
""
0.55533051
0.64315075
0.60564238
0.7316221
0.73531443
0.70446593
0.61227554
0.64725125
0.65364891
0.6674363
0.67315108
0.61817074
0.64649123
0.64468277
0.57477927
0.57548219
0.68549293
0.61932749
0.63070971
0.67901361
0.60399908
0.57941186
0.65112627
0.64748329
0.56666762
""
0.5464499
0.58463877
0.63077039
0.51986355
""
0.5364809
0.57396203
0.51360029
0.52142155
0.65146971
0.59518659
0.64025497
0.56515092
0.57839555
0.64027858
0.5903815
0.61315912
0.56449831
0.63560271
0.65955883
0.59702325
0.60994864
0.56162512
0.54615456
""
0.59822983
""
0.53565496
0.53472751
0.45489931
0.54296499
""
""
0.60137367
0.54946452
0.5816586
0.55978787
0.51525265
0.5398953
""
""
0.60682607
0.48329002
""
0.61464471
0.62139541
0.61993659
0.48250422
0.69761485
0.67206639
""
""
""
""
""
""
""
""
""
""
0.52805519
0.55260664
0.60431254
""
""
""
""
""
""
""
0.54026479
""
""
""
""
""
""
""
""
""
""
""
""
""
""
""
""
""
""
""
0.57201225
0.65947706
""
""
""
0.46238664
0.64615148
0.59845847
0.66544724
0.6487847
""
0.58541095
0.54416049
""
""
""
""
""
0.52897537
""
""
""
""
""
""
""
0.426543
""
0.53450012
""
""
0.56275988
0.54816967
""
""
""
""
""
""
""
""
0.53355718
0.61145139
""
""
""
0.57888442
0.56222939
0.55596715
0.57591671
0.57745469
0.5943265
0.54558319
0.57308894
0.60314095
0.56196302
0.62187606
0.60929823
0.63749146
0.59351319
0.59452206
0.61543071
0.55159104
0.60473895
0.54546893
0.56118536
0.51447332
0.59868729
0.55304205
0.55188084
0.63775992
0.61814797
0.62677962
0.59338951
0.55159777
""
0.5526154
0.59612727
0.59464598
0.56021178
0.54289281
0.62825346
0.57114404
0.57950586
0.56562942
0.63849145
0.56995595
0.61798668
0.65572822
0.58816779
0.5713408
0.60852993
0.67952448
0.61963332
0.60249102
0.64227664
0.6222403
0.71444678
0.6378274
0.6560871
0.58721757
0.59628344
0.63141686
0.57457709
0.55996865
0.64475995
0.62290657
0.59692192
0.60369325
0.65606862
0.59876215
0.61119294
0.6657809
0.69460297
0.64320254
0.57096034
0.64315027
0.62877148
0.68417859
0.62710768
0.67416489
0.61549973
0.65602219
0.67841029
0.64858824
0.65125734
0.62293476
0.69404554
0.61069232
0.64396042
0.70388478
0.69040895
0.50917047
0.61637056
0.67894304
0.62383813
0.62764984
0.61101031
0.63844609
0.60037208
0.60661453
0.60680789
0.64828068
0.67091435
0.67403054
0.61639667
0.63534182
0.59636468
0.66572112
0.60515678
0.55877548
0.59311622
0.69978935
0.60197061
0.67833263
0.59935737
0.60419244
0.54632866
0.63846517
0.60608608
0.59864777
0.63460451
0.65555501
0.62439406
0.67566001
0.68691319
0.63497031
0.64944196
0.66396463
0.59111762
0.66187239
0.73031354
0.7151652
0.63772833
0.62048024
0.63485265
0.62740916
0.66549468
0.66495484
0.66038239
0.70999783
0.65368629
0.61590093
0.69705755
0.64954263
0.64067495
0.66786081
0.58586097
0.59529978
0.66376406
0.60996574
0.6061452
0.60777766
0.60939342
0.64490348
0.65810114
0.60577101
0.62279224
0.6479215
0.68437064
0.67107534
0.62300831
0.6847738
0.60377645
0.60936439
0.66080356
0.53218484
0.6600973
0.65662652
0.66608793
0.6894269
0.70900226
0.6254009
0.65203273
0.59793264
0.66276991
0.62968242
0.64915854
0.60798746
0.65279448
0.64445251
0.68689597
0.65549552
0.72251928
0.65468198
0.63190526
0.65430915
0.64722538
0.61369151
0.70645869
0.58155537
0.5962342
0.60157847
0.63496745
0.67548072
0.61144352
0.66169167
0.65990937
0.61483794
0.6703999
0.6382373
0.62125748
0.65048569
0.71272916
0.65996414
0.66872126
0.62103605
0.72312421
0.66999322
0.67008978
0.59830713
0.55108815
0.63137996
0.65397787
0.66862792
0.63383102
0.66698664
0.68177062
0.69009376
0.7054444
0.66958541
0.66381574
0.68856084
0.68723017
0.61905283
0.67935109
0.63217729
0.63010514
0.64281559
0.58211333
0.65130317
0.66555691
0.68734443
0.60163015
0.65668207
0.61532205
0.67048734
0.64931953
0.58329773
0.53892452
0.55347121
0.67807925
0.65890145
0.65224719
0.57373613
0.54297453
0.60243326
0.60534984
0.71925461
0.55541766
0.6125741
0.59958893
0.68704796
0.63089502
0.69047123
0.57163405
0.69990444
0.6617986
0.63920492
0.64191991
0.59022588
0.63240606
0.5914591
0.55571532
0.53572345
0.54271358
0.54898787
0.5851053
0.60956866
0.53528327
0.67282784
0.61515898
0.541839
0.582416
0.6396445
0.63254237
0.58507198
0.54011357
0.54203236
0.53375393
0.59975421
0.54714334
0.54148072
0.59776217
0.54626828
0.57438731
0.55343056
0.56766546
0.6555295
0.61492336
0.53996998
0.56298739
0.52192426
0.44912449
0.61546642
0.55009812
0.52677387
0.56076598
0.49437693
0.49865162
0.52853698
0.58506566
0.61516464
0.61029381
0.62483734
0.6324482
0.57354438
0.58649045
0.49566764
0.53075308
0.55239213
0.62448096
0.55547798
0.57425183
0.60810226
0.59107339
0.57456118
0.4822745
0.55706429
0.51122463
0.60163695
0.66021401
0.5711903
0.64532626
0.56887072
0.6351105
0.67371666
0.73652542
0.65585697
0.61487991
0.62574023
0.57687724
0.63012385
0.59569544
0.65144038
0.62253618
0.58903003
0.6493755
0.6014359
0.59719139
0.60354608
0.5354389
0.54311323
0.55818945
0.54417658
0.55637419
0.5899291
0.63952613
0.6379813
0.63359284
0.66032714
0.66054791
0.64139169
0.53233117
0.54431719
0.57230574
0.56979334
0.59451371
0.61187994
0.58388054
0.64702129
0.62231988
0.52601218
0.56550783
0.5995959
0.61083329
0.62284064
0.55886358
0.58106953
0.54273045
0.52032989
0.56944138
0.5016976
0.50262368
0.50932997
0.55039978
0.55170882
0.55254447
0.50548011
0.50035137
0.54496336
0.5348838
0.62572002
0.57516313
0.61098236
0.57390326
0.53579545
0.55870509
0.52914262
0.60779786
0.58740038
0.53615671
0.56018674
0.44189397
0.41527188
0.44064817
0.57078838
0.62153471
0.52448082
0.5914551
0.58909178
0.61518639
0.57617217
0.61549968
0.58136266
0.63041735
0.55543834
0.59467047
0.53914845
0.56608909
0.52606308
""
0.53581315
0.68451917
0.62682831
0.63524348
0.53921461
0.5143947
0.59672189
0.56840229
0.64860535
0.60929376
0.66263413
0.6445604
0.69122428
0.71197528
0.60628337
0.59882063
0.58675808
0.58002627
0.55398762
0.44989347
0.57238644
0.45474693
0.56352979
0.59027022
0.64119226
0.64172828
0.61555463
0.58046168
0.63923573
0.6540572
0.57676142
0.61493087
0.71899635
0.68473595
0.68998128
0.61877894
0.62902808
0.62096208
0.6667555
0.64609534
0.62298703
0.61787808
0.65684265
0.6431843
0.57972181
0.62052673
0.6160996
0.6635142
0.67157084
0.64351469
0.56389761
0.49851409
0.52808082
0.68259925
0.56683385
0.56566381
0.58844876
0.6409449
0.59940535
0.51885927
0.51579762
0.52712613
0.52887005
0.5318898
0.56113398
0.53144294
0.48013124
0.61948276
0.66878343
0.59754544
0.54560626
0.58500981
0.5951547
0.5134694
0.53392541
0.6428898
0.66947585
0.64370525
0.54122794
0.50208056
0.66880161
0.55428451
""
0.65699524
0.67523396
0.64907628
0.63842601
0.61621302
0.6598646
0.66695523
0.61570185
0.67827666
0.57280493
0.58260518
0.58806312
""
0.54365635
0.60260153
0.60387772
0.49623236
0.47592872
""
0.53267837
0.56206137
0.55382353
0.62593794
0.59572089
0.63153374
0.44707885
0.59819806
0.52687389
0.63071734
0.62386537
0.64290202
0.62346417
0.55219269
0.62336355
0.64286178
0.62379992
0.61102265
0.65083706
0.63761681
0.57749683
0.56907028
0.58356255
0.59721792
0.6050716
0.56369919
0.52368194
0.53641683
0.42746523
0.49656954
0.49128845
0.6231972
0.61433965
0.55014062
0.58073622
0.53622192
0.58560652
0.55510962
0.51410139
0.55413669
0.56759024
0.52618575
0.56386948
0.50229001
0.58282834
0.60625005
0.5856995
0.5259465
0.60058409
0.68471628
0.64097553
0.57235181
0.53053927
0.57372612
0.54613692
0.59909755
0.61159122
0.65094811
0.59807348
0.54917532
0.64319319
0.56923091
0.5990687
0.61486161
0.61987591
0.62686044
0.64325041
0.62324685
0.53733736
0.57250625
0.5045985
0.49582049
0.54452026
0.50380546
0.51679224
0.49539891
0.52268529
0.66129875
0.63469154
0.63997877
0.58220476
0.66785038
0.62198979
0.62124294
0.62402928
0.60873163
0.64342916
0.64416808
0.59026682
0.61216682
0.63723785
0.55918944
0.58097428
0.56338632
0.60553098
0.54542369
0.54724485
0.51469678
0.58499444
""
0.5857293
0.48910984
0.49596322
""
0.59548235
0.47002137
0.55867732
0.48686466
""
0.66827977
""
""
0.53730184
""
""
0.50392431
0.64693046
0.64858723
0.66227537
0.67415142
0.6553672
0.67732966
0.67466354
0.65417159
0.66702282
0.6684764
0.60970867
0.65922379
0.72732061
0.62876344
0.56325966
0.71570957
0.62822652
0.67173314
0.67274237
0.6365518
0.6077556
0.56457901
0.62186939
0.63137531
0.65629375
0.65842628
0.65047491
0.64703321
0.64475113
0.64292604
0.69898778
0.7034483
0.65550613
0.62319428
0.7120958
0.66488016
0.71961051
0.65576619
0.58033645
0.60541999
0.72274441
0.69206804
0.66148794
0.69241226
0.6527862
0.659639
0.68445903
0.66884911
0.63868147
0.51656419
0.67229474
0.75486416
0.66811007
0.68942696
0.66293216
0.71703219
0.66017938
0.70951426
0.67136997
0.7000773
0.63508469
0.63809091
0.63741499
0.61976856
0.64078945
0.64818174
0.69463074
0.66809362
0.69750261
0.64669627
0.45845747
0.66297495
0.61631703
0.63346684
0.62036294
0.63898224
0.5714255
0.62408406
0.62133747
0.61210412
0.59365112
0.56773669
0.56464541
0.51835984
0.5694176
0.6096313
0.6276353
0.63780427
0.56505954
0.45320442
0.58227205
0.63175887
0.59038383
0.593907
0.62202233
0.58335894
0.64277321
0.60762978
0.55863827
0.55210686
0.61162281
0.54821837
0.53169727
0.56744909
0.53648102
0.64368159
0.62882078
0.56864995
0.60916114
0.60473871
0.46807712
0.56792092
0.59146911
0.63479328
0.6391924
0.61877578
0.59933597
0.6309399
0.48911282
0.58055246
0.5702548
0.63886422
0.69676548
0.64295185
0.60682029
0.58189535
0.57627344
0.56653267
0.52442414
0.53950173
0.63499427
0.64472103
0.54531491
0.59696597
0.57562518
0.60078555
""
0.51697648
0.58260989
0.53044361
0.58799958
0.52887553
""
""
""
""
0.62722224
0.61513919
0.61180139
0.58955252
0.61874419
0.59399891
0.55213153
0.570149
0.57578486
0.62252265
0.62145114
0.62336111
0.57919717
0.65512639
0.60534799
0.64749026
0.62580734
0.64961129
0.61705732
0.58856922
0.57163644
0.5600118
0.62265515
0.54707778
0.59267426
0.58035177
0.63963681
0.63861114
0.61652374
0.64121586
0.60266399
0.70760942
0.65592009
0.59543461
0.64057362
0.58592921
0.59085613
0.62899321
0.6342147
0.65244973
0.6121456
0.62448698
0.6496886
0.64626753
0.62865174
0.62869924
0.65027845
0.63102669
0.61043215
0.65972364
0.6112743
0.64489859
0.62129277
0.56674057
0.59886169
0.52634448
0.6006918
0.58204293
0.64083302
0.5683887
0.61143917
0.69047004
0.61541128
0.61730015
0.5782299
0.58780956
0.60701114
0.52469361
0.58170807
0.49380654
0.67340696
0.48875827
0.53261882
0.40415066
0.49143326
0.49638823
0.57574278
0.5736624
0.69764346
0.63686526
0.63840413
0.66861552
0.60724461
0.63247371
0.65308803
0.64900035
0.63338
0.57745963
0.58146602
0.50883573
0.52762997
0.6524179
0.44462502
0.49507865
0.63137811
0.50876594
0.4348194
0.4680419
0.4857496
0.5168758
0.53714561
0.63473284
0.62204212
0.59339845
0.63481629
0.57903802
0.56287497
0.51986384
0.54194826
0.48226476
0.45109415
0.60469061
0.64455694
0.65735614
0.61079514
0.62844998
0.56268585
0.59019428
0.67025113
0.6460852
0.64876473
0.64540845
0.49281719
0.62600243
0.61358911
0.46023214
0.55181515
0.5849126
0.66417491
0.57812876
0.58182973
0.6222899
0.55179095
0.58748722
0.57131296
0.56370765
0.53384477
0.60625273
0.60664809
0.57064223
0.5365302
0.48775235
0.53538704
""
0.63186032
0.52942735
0.52545643
0.57561505
0.57705808
0.51556754
0.53810078
0.51003659
0.57322305
0.51818883
0.52585012
0.51187104
0.48162732
0.60175741
0.59538251
0.60046756
0.5606547
0.5549472
0.576868
0.55218381
0.51463264
0.5537861
0.53355092
0.49264786
0.46452004
0.46700752
0.56252223
0.60323137
0.59376472
0.6207009
0.60115963
0.63782072
0.54917896
0.6205883
0.59432739
0.59106648
0.58959097
0.62646091
0.55756497
0.48088226
0.54010284
0.56176251
0.59713918
0.57286179
0.65382791
0.61378086
0.58229154
0.64342374
0.65423679
0.59490603
0.63288707
0.66953588
0.60139179
0.58165371
0.45093077
0.54156554
0.54777175
0.57621062
0.49219939
0.53339326
0.55689245
0.5259825
0.61622536
0.55544138
0.63342744
0.44708115
0.48758021
0.42181265
0.58530134
0.61707044
0.62894994
0.60048431
0.61204743
0.57383096
0.55863154
0.54480767
0.56940615
0.5842275
0.55301267
0.62327445
0.56963617
0.55259252
0.47660938
0.57953238
0.57640922
0.61626035
0.57618618
0.60494548
0.62282687
0.64201307
0.62969154
0.62625873
0.62055302
0.6449995
0.65347064
0.66518193
0.57654053
0.60825062
0.65839767
0.6076948
0.58211768
0.51639271
0.58362609
0.61704248
0.52944446
0.5687167
0.50644946
0.46466389
0.57788092
0.60311127
0.48794889
0.60982543
0.62324888
0.5759508
0.62253881
0.60797048
0.60736424
0.54716986
0.64577979
0.61640733
0.56071007
0.60787386
0.57212561
0.58700538
0.6026237
0.56081522
0.56324303
0.53302366
0.59949702
0.35026434
0.47137341
0.40492302
0.45513576
0.50478685
0.52898812
0.6736778
0.43682444
0.3970536
0.53654945
0.42160022
0.58325756
0.57036132
0.49517193
0.58203512
0.63666224
0.60180712
0.52032048
0.49313176
0.58534902
0.59772593
0.59994632
0.61102927
0.64422858
0.61814201
0.62020761
0.62846124
0.64540941
0.62158686
0.66941953
0.64718103
0.58395535
0.63328111
0.61919397
0.63291299
0.62740803
0.62064528
0.54818928
0.552966
0.51566583
0.57090515
0.57849783
0.64019161
0.61921883
0.55972761
0.62475377
0.63730139
0.30669737
0.5728634
0.5623647
0.55455965
0.50765848
0.5737294
0.52950644
0.61307907
0.60831499
0.56654042
0.58698988
0.57479531
0.54331404
0.59658158
0.60025758
0.54746968
0.58437437
0.48940253
0.55637747
0.50348437
0.60242093
0.62992001
0.58472079
0.55405891
0.58662379
0.6515435
0.63982868
0.61177468
0.60285234
0.66707796
0.59012222
0.59961718
0.5297544
0.54130405
0.51149756
0.58422863
0.60955638
0.58923703
0.56110942
0.58182305
0.46826982
0.53563708
0.62402189
0.64508986
0.65512711
0.62717193
0.6129638
0.60495913
0.53098798
0.57086068
0.57482469
0.529284
0.62813717
0.55437791
0.59239209
0.62149584
0.54318964
0.5063656
0.38847482
0.55004203
0.62516075
0.65353578
0.6092183
0.62810218
0.51741028
0.53102165
0.37342954
0.45224616
0.61417902
0.66477168
0.63045073
0.6448186
0.62884706
0.56955129
0.52308154
0.54295057
""
""
""
""
""
""
""
0.51441693
0.55452985
0.58875608
0.55859292
0.55678374
0.63131833
0.51247174
0.5667066
0.57913876
0.57927388
""
0.51934975
""
0.44041905
""
0.54075736
0.51167899
""
""
""
0.58397424
0.62651503
0.63137341
0.6319536
0.57275629
0.57140905
0.64459342
0.65815574
0.58558297
0.60434884
0.60296524
0.58142054
0.58441764
0.54615027
0.54937422
0.5742678
0.5763405
0.58322674
0.65302217
0.59727454
0.63459724
0.63889635
0.63589889
0.58062184
0.5879072
0.57978237
0.66104841
0.60012025
0.62616765
0.62075472
0.66976416
""
""
0.50173742
0.58956826
0.59161144
0.60538018
0.53249902
0.53645808
0.55770993
0.58001077
0.60021144
0.519476
0.57384378
0.47061309
0.48433298
0.54050928
0.62949145
0.51475757
0.54940742
0.44277808
0.47554499
0.390569
0.40843531
0.60530686
0.6093592
0.58189404
0.53501463
0.55541146
0.51732069
0.48506796
""
0.37756553
0.30823132
0.47316688
0.44526109
0.63851196
0.59011531
0.57636553
0.43336371
0.44178951
0.54184949
0.48946232
0.51176041
0.57650608
0.4783366
0.6090728
0.58169383
0.62943012
0.64775193
0.58751911
0.62861609
0.57582146
0.57999539
0.57329625
0.57565349
0.64169019
0.63181794
0.66383332
0.60922742
0.54466081
0.56226629
0.63581681
0.58379686
0.55523968
0.54361284
0.54074413
0.65763348
0.62624997
0.5674178
0.58819205
0.59823686
0.59335715
0.61264193
0.6027571
0.60560387
0.52299184
0.57913542
0.61883986
0.59481943
0.58652455
0.61024332
0.60778779
0.61870372
0.44660509
0.505876
0.59916741
0.65922982
0.56586361
0.46922442
0.5104692
0.48606339
0.54516256
0.53725672
0.51251954
0.54838574
0.60637587
0.53971398
0.50120902
0.47613725
0.54201037
0.55455571
0.62683266
0.53745925
0.61468697
0.59947562
0.62588155
0.67592907
0.61032903
0.63522184
0.67278981
0.63643181
0.65822107
0.55330241
0.55379093
0.6318813
0.63909721
0.61339098
0.6231091
0.61994797
0.57328969
0.55874777
0.52847177
0.56757343
0.5370748
0.55409783
0.40414378
0.53515702
0.43113214
0.48845926
0.59729576
0.4368144
0.60066402
0.52377009
0.46976823
0.61544746
0.64623713
0.56757545
0.53571838
0.59771961
0.63021421
0.54202747
0.55616677
0.54110307
0.63603449
0.59687442
0.56748885
0.52252954
0.60361481
0.50540739
0.58420318
0.62333441
0.5409748
0.56504428
0.61195314
0.5960474
0.58261776
0.58554286
0.50807065
0.5494681
0.6315707
0.60115641
0.63082409
0.60605103
0.59921926
0.57254434
0.56297618
0.56457645
0.50041974
0.55172676
0.62286192
0.62590468
0.60297751
0.62162822
0.60894161
0.63682872
0.63507396
0.66245824
0.64493573
0.61592251
0.53847164
0.63397825
0.5291782
0.55175668
0.5865106
0.54962605
0.56783128
0.51316398
0.5590899
0.45556962
0.59009713
0.59770036
0.58324432
0.6258328
0.61938602
0.58293945
0.62801749
0.5552603
0.63266391
0.58364969
0.6151402
0.5693664
0.71437448
0.67772126
0.59680635
0.61278939
0.59367812
0.56031018
0.60010111
0.67957973
0.66108692
0.70506579
0.68224102
0.64862907
0.70574933
0.65597957
0.57605112
0.67578626
0.60322684
0.63767231
0.64899284
0.56562775
0.57510233
0.64526808
0.60281694
0.6090613
0.57137465
0.62554717
0.57958519
0.57319701
0.64821965
0.56646049
0.65309221
0.57744104
0.54807878
0.55266982
0.59817886
0.64080983
0.60328907
0.54088354
0.48249832
0.62986553
0.60073662
0.58159393
0.64260525
0.67726892
0.72493756
0.7090261
0.71873564
0.67722553
0.66934878
0.72912782
0.66947675
0.66604918
0.62660462
0.64743757
0.67699802
0.65327942
0.6313532
0.62183487
0.64926064
0.64805698
0.566935
0.56651151
""
0.57087183
0.60978639
0.63141233
0.67668945
0.5586642
0.65606767
0.66424102
0.55712628
0.47919106
0.48637605
0.5153659
0.52163166
0.50991267
0.55906367
""
0.62367809
0.53906047
0.66236991
0.57216126
0.58346933
0.58903235
0.51078224
0.49538457
0.51747143
0.6254968
0.60099298
0.5909211
0.66350591
0.61762202
0.64859688
0.67894876
0.65066105
0.60963714
0.71617836
0.68421948
0.63410497
0.6637423
0.61298335
0.67537892
0.57843792
0.62435126
0.65958935
0.65856451
0.68801975
0.66979867
0.68842077
0.64704591
0.60710102
0.66951537
0.67186695
0.69413209
0.67181456
0.66458917
0.66649008
0.64881641
0.6805982
0.59425676
""
0.52921671
0.612243
0.56474
0.62713754
0.64566612
0.52232349
0.59489644
0.67094159
0.60947478
0.65028399
0.61213297
0.65631074
0.60793763
0.67527443
0.6656177
0.65227807
0.51856321
0.68504065
""
0.52445328
0.56311309
0.53130955
0.54218471
0.45645875
0.47279954
0.50390458
0.49582356
0.55082154
0.56658387
0.46561176
0.49016964
0.53432137
0.55090761
0.55091506
0.5259555
0.45939022
0.5192098
0.51314861
0.52370894
0.54123765
0.55234444
0.58640295
0.56467158
0.61804706
0.55441308
0.63542265
0.58199364
0.59148586
0.60156828
0.68220967
0.62417018
0.58936268
0.59746784
0.60903168
0.56596911
0.48639917
0.40714961
0.48479697
0.45995253
0.4792937
0.53136182
0.54413718
0.53761309
0.53501034
0.41781825
0.44578776
0.4227455
0.38880906
0.47837171
0.45619419
0.4786045
0.39763215
0.42832726
0.36320508
0.5514878
0.43197489
0.48655957
0.61698079
0.49861053
0.4930898
0.48151314
0.52837259
0.50901514
0.5876736
0.53014475
0.50144994
0.48211172
0.50863266
0.62786758
0.59954453
0.55913758
0.51679879
0.53257883
0.61260605
0.54848027
0.58088684
0.57115883
0.61202943
0.61180323
0.60190111
0.55713141
0.58025491
0.65520805
0.59051478
0.5504145
0.58677608
0.44424728
0.6003809
0.58646035
0.59421587
""
0.61976886
0.63145
0.65946931
0.65939927
0.65901947
0.53121036
0.65221065
0.66990244
0.63612181
0.60947031
0.59815073
0.60240316
0.63425553
0.55961281
0.57282877
0.56334567
0.55859315
0.56409347
0.52058953
0.47093546
0.45089203
0.48199639
0.52899849
0.57338428
0.53710335
0.43402302
0.34746724
0.44571742
0.51292467
0.38323298
0.48213932
0.40368518
0.39517117
0.55597717
0.49419591
0.57145303
0.4625259
0.47646761
0.48784307
0.44729432
0.4930546
0.57258224
0.54809952
0.53932363
0.56679469
0.5484134
0.51131243
0.54592377
0.50209957
0.54941797
0.57786226
0.52001673
0.53087991
0.55793506
0.31566864
0.43870035
0.55544466
0.64422452
0.60227585
0.62935919
0.61673683
0.61535144
0.58191198
0.66107321
0.64784938
0.61536032
0.62404495
0.57857156
0.55912733
0.45732775
0.61115748
0.55636621
0.59712219
0.58746684
0.57313645
0.60220873
0.63715017
0.57292897
0.60217607
0.59438235
0.53624964
0.65109921
0.62898988
0.59984004
0.56023192
0.569085
0.57186395
0.65528196
0.57960933
0.5247485
0.53743327
0.65372175
0.63272554
0.53916323
0.44290423
0.53805399
0.58595079
0.54926938
0.63286865
0.6071313
0.63773489
0.62258589
0.61998856
0.70215642
0.66120303
0.61122012
0.58839208
0.64071566
0.60252196
0.56368881
""
""
0.45380077
0.53851151
0.63453323
0.52373219
0.56037182
0.56857741
0.48473549
0.43671817
0.64213824
0.60857975
0.53696978
0.56360203
0.59264332
0.5095697
0.56590194
0.62153041
0.63894147
0.58044207
0.52932471
0.48837087
0.51278108
0.58935034
0.5872522
0.57544595
0.55854249
0.51897305
0.55591959
0.57950908
0.65027559
0.66105676
0.65353268
0.58586895
0.50726444
0.5502407
0.52864188
0.49352032
0.54071093
0.6282199
0.50857884
0.58798158
0.61180937
0.57098311
0.57141399
0.59067488
0.5498364
0.61864007
0.49761388
0.47212684
0.54214627
0.49566108
0.6006521
0.61591357
0.56633544
0.58830523
0.48406485
0.43703526
0.42843643
0.5047527
0.53602052
0.48400036
0.49839869
0.53673166
0.53181595
0.5673303
0.47789398
0.48482019
0.52619308
0.57399458
0.59031707
0.60017347
0.53039438
0.54233283
0.58542138
0.61544091
0.58539271
0.53535664
0.50117946
0.50666529
0.53766882
0.57154351
""
0.51834756
0.51432842
0.56640285
0.55888987
0.59357935
0.56914771
0.55554223
0.58580941
0.61191636
0.5612458
0.46090278
0.5390864
0.58574468
0.52634132
0.50668836
0.51212686
0.53442723
0.58784097
0.59128928
0.56381601
0.61762708
0.50580412
0.58152235
0.59508699
0.62171459
0.55433941
0.60533476
0.64588273
0.60293365
0.50370878
0.56270665
0.49383089
0.59221375
0.57036781
0.59077162
0.51963812
0.53659773
0.57556248
0.59230685
0.55752468
0.58471948
0.53629923
0.55013001
0.60022777
0.53598523
0.5079574
0.50862455
0.61440152
0.5715661
0.33907425
0.41652322
0.4023869
0.37153396
0.52181393
0.57963151
""
0.60538948
0.61461931
0.49519518
0.47197229
0.48076317
0.46707368
0.40001374
0.50272799
0.40187311
0.54837286
0.47459927
0.46256059
0.55180866
0.57804281
0.50158054
0.57041836
0.59905529
0.56272608
0.57113582
0.54519182
0.56043434
0.40332976
0.57932156
0.67922801
0.63593858
0.65618479
0.68286377
0.61194497
0.65656543
0.61207819
0.59465599
0.54086798
0.59174579
0.56968373
0.56637293
0.57474822
0.57904226
0.58922601
0.58349818
0.61066324
0.61478138
0.65636975
0.66263753
0.61115736
0.59956336
0.59702891
0.56498408
0.53554285
0.57110929
0.49793619
0.60100085
0.58903193
0.50947046
0.5279876
0.61502367
0.5091629
0.5951494
0.59463787
0.59418041
0.46419138
0.53395939
0.46650305
0.5435763
0.45355326
0.41353217
0.55762726
0.52572984
0.44270599
0.53810471
0.50698793
0.46313077
0.50791621
0.46485221
0.48001882
0.58282208
0.52896637
0.45291752
0.43667904
0.54226577
0.47604433
0.47755986
0.54415977
0.56906569
0.45896772
0.60211945
0.61284232
0.59698814
0.5442766
0.58068597
0.56819922
0.63906497
0.54939461
0.54553515
0.58374578
0.51784801
0.57714754
0.56951016
0.55752844
0.62483907
0.57810229
0.56667817
0.58534014
0.50799721
0.57508159
0.56616926
0.57401985
0.5706585
0.59065801
0.57850206
0.63876128
0.65212476
0.58156592
0.59445351
0.59635842
0.54205483
0.52633274
0.44525075
0.39191008
0.46071824
0.59394956
0.42313975
0.49200413
0.47150239
0.43943
0.57645696
0.53164512
0.53657597
0.46398136
0.51172346
0.56261504
0.58371192
0.52971363
0.50070673
0.49454531
0.57989955
0.61267596
0.52855468
0.5224452
0.59068084
0.54652506
0.55109441
0.56863576
0.57211202
0.58160251
0.55155522
0.56649572
0.60556805
0.68429321
0.60368592
0.60809511
0.59178585
0.56138122
0.58373231
0.60191053
0.63427389
0.5073902
0.47373918
0.63745272
0.67110854
0.64662093
0.63731706
0.6635766
0.64202684
0.58137101
0.59461123
0.61123449
0.62473172
0.64560193
0.50976115
0.65612054
0.70602727
0.66706574
0.66936576
0.65714222
0.64580017
0.61049807
0.57507235
0.60262984
0.65330732
0.59339821
0.61416346
0.58520496
0.62413079
0.57368302
0.52919817
0.57893127
0.59020072
0.62824124
0.61236441
0.60068959
0.54320651
0.56965125
0.53446549
0.53243828
0.59207129
0.55378652
0.59037662
0.65337044
0.62181932
0.60821062
0.60719335
0.62740529
0.59393334
0.59848678
0.60389268
0.62212408
0.53117454
0.61959773
0.57210976
0.58601952
0.61822599
0.62468731
0.61397105
0.60754758
0.58245331
0.56001621
0.56176424
0.55162179
0.58108652
0.57861716
0.6024918
0.56590182
0.53361589
0.43826994
0.44391841
0.52385283
0.44134644
0.48181283
0.55567938
0.55522811
0.38770065
0.43600941
0.41064948
0.47641909
0.49062321
0.54246455
0.54689181
0.42722026
0.53561431
0.57676023
0.45315796
0.51394641
0.59021217
0.48262709
0.55647033
0.56060046
0.57577044
0.57668978
0.57647949
0.59555471
0.6362949
0.58006173
0.57086027
0.49924126
0.60428125
0.51469809
0.49250135
0.54517227
0.56035584
0.59199208
0.49603429
0.58220822
0.48400843
0.49661577
0.56339073
0.53425944
0.55625939
0.58176094
0.53337032
0.60432833
0.61460775
0.63789296
0.66398627
0.60582948
0.59384501
0.57332712
0.60946876
0.55232465
0.58347589
0.57409054
0.47375551
0.50621772
0.50436985
0.54223931
0.5764975
0.54070693
0.5285868
0.50964481
0.55542374
0.58339208
0.48613724
0.53320664
0.51749617
0.45674169
0.53236026
0.51907259
0.52778476
0.59777409
0.56368631
0.57472926
0.52891684
0.57871461
0.50088209
0.62013686
0.57639545
0.62587237
0.62574339
0.56704819
0.62126601
0.66276556
0.57800335
0.56660479
0.53050643
0.51619047
0.45256963
0.61192375
0.54691601
0.48166877
0.54844749
0.54149324
0.61080194
0.62248993
0.46316808
0.52352822
0.50067449
0.54503864
0.60813683
0.63605034
0.62043154
0.54649287
0.58519691
0.62380695
0.58161741
0.5845834
0.55299664
0.61796892
0.6321032
0.55884254
0.56961399
0.5318433
0.56522775
0.60617983
0.51475495
0.60099673
0.5814606
0.57662386
0.57517153
0.5865339
0.59140915
0.59165758
0.61686474
0.65598023
0.69188797
0.60516989
0.55320692
0.57260334
0.59831053
0.49321416
""
""
""
""
""
""
""
""
""
""
""
""
""
0.46178925
""
""
""
""
""
""
""
0.38821894
0.51176155
0.52489954
""
0.55980235
""
0.58843112
0.55049074
0.53795046
0.4955706
0.41694275
0.42918852
0.48371542
0.47191307
0.57824808
0.52469677
0.5696696
0.62736887
0.5363301
0.63141984
0.52658218
0.56642658
0.54361427
0.55961424
0.59109724
""
""
""
0.42091632
0.59608597
0.50326085
""
0.58302778
0.43612146
""
0.58210653
0.58808929
0.66320908
0.67500126
0.66763842
0.67111182
0.68383658
0.65100861
0.57983422
0.63047284
0.6318121
0.68197483
0.63014603
0.62017512
0.64122045
0.46726227
0.5702731
0.58960044
0.56826043
0.47820297
0.50091577
0.52537078
0.5721516
0.59661585
0.64985394
0.57972485
0.58577645
0.62779588
0.57610285
0.59765083
0.62192005
0.60018241
0.61250871
0.61070031
0.61592293
0.61545968
0.67541724
0.57718241
0.66161811
0.66439414
0.68141955
0.67992103
0.64124268
0.63428444
0.64066219
0.65755481
0.61515915
0.62055802
0.62428826
0.60750854
0.56322289
0.649423
0.55304909
0.65587747
0.64807373
0.61544383
0.63444555
0.64031297
0.65542859
0.40075874
0.49191481
0.53982872
0.54579276
0.55097967
0.50333476
0.50103086
0.48121107
0.72261447
0.55098981
0.52804428
0.51678604
0.59620231
0.56476295
0.55554438
0.55260903
0.56658667
0.55021548
0.52119547
0.60136837
0.50248861
0.55818266
0.58626503
0.58367658
0.61596358
0.59987569
0.67517167
0.47681862
0.55081624
0.54350209
0.55324095
0.54424614
0.55373603
0.50917399
0.45624763
0.50144792
0.54159749
0.50305551
0.41623902
0.47809178
0.40698197
0.41815349
0.41598248
0.42936587
0.44501156
0.49585587
0.58388036
0.47384733
0.5474723
0.58742291
0.50130624
0.52933449
0.52893478
0.51447177
0.53141433
0.48091254
0.45923153
0.61766511
0.55134732
0.52377242
0.56635928
0.53374767
0.56975323
0.52368397
0.56098825
0.60027206
0.46622214
0.56907082
0.57230467
0.59200215
""
0.50864679
0.54849386
0.47137174
0.41689202
0.62946111
0.51630849
0.62903255
0.57305962
0.61512107
0.59956264
0.61092305
0.53533
0.58266008
0.55103821
0.50927794
0.52396286
0.63149279
0.47159043
0.57274455
0.61921877
0.6062485
0.63324326
0.6658079
0.57280409
0.54025459
0.60703063
0.6132502
0.5908854
0.55765063
0.63213772
0.57970279
0.64068782
0.60081238
0.58300847
0.53777426
0.59536773
0.68343812
0.58940232
0.55971134
0.49192348
0.4986611
0.57973856
0.66205895
0.61148483
0.66021734
0.54404312
0.55264157
0.55721915
0.5717569
0.5870716
0.52426296
0.46917802
0.56400758
0.60286981
0.44905061
0.46195626
0.53317988
""
0.63320142
0.66165841
0.52826506
0.67464137
0.64861608
0.63186437
0.5260756
0.65185887
0.59048826
0.59768999
0.58435911
0.55054134
0.64201295
0.55237979
0.52700347
0.45241681
0.51900971
0.50011784
0.47295851
0.46609807
0.45690602
0.41607177
0.56237471
0.55329275
0.549537
0.59550172
0.56032175
0.57034916
0.541695
0.53670406
0.54517823
0.58611268
0.63534886
0.49675816
0.44739681
0.56430417
0.480093
0.45190218
0.58216399
0.55780351
0.608657
0.62663889
0.40177938
""
0.32179418
0.44946724
0.59290779
0.50429326
0.5113607
0.56028038
0.50992459
0.48302042
0.43060234
0.46612814
0.46943229
0.39381695
""
0.39316669
""
""
""
""
""
""
0.44357377
""
0.55891222
""
""
""
""
0.41258278
0.45571908
0.45436373
0.44764137
0.42767993
""
0.52082163
""
""
0.58989781
0.39006996
0.35580152
0.3754876
0.40561277
0.40157446
0.40870494
0.42812875
0.45151904
0.43455723
0.45761818
0.41285577
0.3437154
0.41001481
0.46400851
0.36350346
0.37837458
0.38690537
0.35665044
0.37805533
0.47160932
0.43666971
0.50593901
0.40946156
0.40304264
0.44492117
0.43218035
0.50070763
0.42064491
0.37842691
0.48846757
0.51957989
0.48708808
0.52661437
0.51301587
0.4593696
0.48549467
0.54851574
0.54263645
0.54966873
0.61986548
0.54835337
0.55501425
0.488199
0.48898509
0.60721779
0.50123292
0.44839528
0.45899332
0.49965262
0.60887051
0.52109015
0.48684344
0.54211491
0.54638785
0.59767544
0.50054163
0.41066149
0.54258364
0.56558639
0.57388109
0.5564115
0.49448049
0.51948702
0.54272634
0.51904726
0.63613832
0.61141258
0.54717183
0.5533734
0.62175471
0.5965066
0.6161235
0.5186733
0.54235095
0.54294872
0.54457223
0.55642587
0.58403373
0.60511959
0.59338683
0.61443293
0.60211605
0.56394434
""
0.56075317
0.4164536
0.51252025
0.52530342
0.62611747
0.60553545
0.6222977
0.53529525
0.60388094
0.55446172
0.55957437
0.59842253
0.49152499
0.58935082
0.59061557
0.61521506
0.58076566
0.54136151
0.5869782
0.56248373
0.57380593
0.53772646
0.48239017
0.52103782
0.49680394
0.52649957
0.61227369
0.54863173
0.50944757
0.48979276
0.54765809
""
""
0.54301596
0.59080714
0.47893274
0.4758679
0.4416185
0.51013005
0.37226343
0.43038568
0.5407027
0.54811764
0.55004072
0.55217397
0.57715207
0.57925725
0.57917523
0.45894077
0.52277738
0.57153749
0.48785627
0.53938746
0.56544155
0.53895968
0.56624466
0.57026464
0.56408769
0.55769378
0.53148073
0.42656928
0.58636004
0.5605588
0.56549907
0.51771688
0.51612663
0.55908817
0.60452628
0.6021021
0.58177078
0.57022494
0.55402821
0.52678621
0.54298902
0.56450284
0.6169759
0.54544026
0.5570972
0.56932682
0.59674978
0.48441261
0.48459646
0.55362064
0.573645
0.58211571
0.57989424
0.54940683
0.5713923
0.53327888
0.55929065
0.56963348
0.61195713
0.54942715
0.54382306
0.57713401
0.61245573
0.55126673
0.56720287
0.58094037
0.5627647
0.55657899
0.48963574
0.52195954
0.50861681
0.6057083
0.52216387
0.48472413
0.52212018
0.49845585
0.53327024
0.54412246
0.54000455
0.55405939
0.56747979
0.61350602
0.66679281
0.59953493
0.57603323
0.57539099
0.58633369
0.5989725
0.58286732
0.61444956
0.56806415
0.59637028
0.59263784
0.58801502
0.56338364
0.60271019
0.67482334
0.53604293
0.56388235
0.54621786
0.60646617
0.60766304
0.57866412
0.60036129
0.60344756
0.6189816
0.6466164
0.65608728
0.62155461
0.64412063
0.59341669
0.57558805
0.55584145
0.6285404
0.67692506
0.55346173
0.64301425
0.61289304
0.64122748
0.66871238
""
0.64798802
0.60528404
0.60579783
0.64588559
0.63444453
0.56429493
0.54139364
0.54129356
0.54550266
0.5750165
0.62551165
0.52050513
0.54108185
0.55556095
0.55305815
0.57163012
0.5557251
0.57342273
0.56039435
0.5431394
0.56879401
0.52049589
0.486747
0.55392224
0.56520295
0.50210929
0.58138323
0.62333822
0.56667018
0.52865505
0.56243765
0.5850361
0.57958317
0.56410682
0.53081238
0.472812
0.57524377
0.55468959
0.51683176
0.52906084
0.59231842
0.39628187
0.44869477
0.36665106
0.54582053
0.56372601
0.43254131
0.47936338
0.56732827
0.64969718
0.61323279
0.50058615
0.49630755
0.60055149
0.41395298
0.49962252
0.45105967
""
0.45865276
0.4567169
0.4625853
0.49662048
0.55563068
0.54282659
0.50250536
""
0.47755426
0.48330927
0.58613622
0.48955309
0.48572364
0.4821527
0.47378153
0.49345624
0.5425247
0.56270856
0.56101328
0.5493089
0.51506555
0.62482798
0.61822343
0.60731524
0.53242451
0.46762648
""
0.55417562
0.59636664
0.55510271
0.65848702
0.66053683
0.64568573
0.7072199
0.62764394
0.65578765
0.64770502
0.48688227
0.59170502
0.6286869
0.62042701
0.50380522
0.59722799
0.58387339
0.53709334
0.6210348
0.65328771
0.61296052
0.58784425
0.59851277
0.56647581
0.59017599
0.57966626
0.65900648
0.50666541
0.41942585
0.52843499
0.49759156
0.52220643
0.58440828
0.58627355
0.59592891
0.53428864
0.49845266
0.47914231
0.46665278
0.54844511
0.59138536
0.56610447
0.66616976
0.60027355
0.59318167
0.62552285
0.54722387
0.56437713
0.54357243
0.50056469
0.53964108
0.51234961
0.54144657
0.59754056
0.60072762
0.60475022
0.54062873
0.6141395
0.56955892
0.53995711
0.51891083
0.53420722
0.60092908
0.5535562
0.6285935
0.60868931
0.55941004
0.63253492
0.4919987
0.54578435
0.54022205
0.47287312
0.46216685
0.55652988
0.45216826
0.49901286
0.49859828
0.57758307
0.53135091
0.502029
0.57125396
0.44374207
0.54208827
0.58800817
0.58986622
0.54670799
0.51443386
0.63688421
0.5916661
0.67168075
0.61737996
0.54953104
""
""
0.58009881
0.56928349
0.60260105
0.55110151
""
0.51133966
0.57123464
0.58634812
0.63717365
0.61222434
0.63704544
0.55289572
0.49026081
0.57010835
0.60501349
0.58087462
0.5848549
0.54621691
0.52305239
0.46468177
0.56641465
0.5285213
0.49024212
0.61188167
0.62383503
0.58438897
0.50476289
0.53959727
0.46448427
0.39390066
0.42276621
0.39900628
0.477045
0.42151198
0.51492363
""
0.41985705
0.42076543
0.47529539
0.44428414
0.48772374
0.47177792
0.45084304
0.52641928
0.58533716
0.57433915
0.52768725
0.54872584
0.50119692
0.53784984
0.56199902
0.46461108
0.62086225
0.48440883
0.64878535
0.62540537
0.55986005
0.60939932
0.55398941
0.63530731
0.66483331
0.57813555
0.56782711
0.64485908
0.64296597
0.62263179
0.65098774
""
0.62112135
0.53537428
0.55840826
0.57396972
0.50950843
0.43488562
0.4650183
0.33932516
0.42124704
0.45100948
0.55296415
0.52238572
0.50821763
0.45177025
0.50464654
0.57505918
0.53154141
0.59431142
0.53198934
0.47072896
0.49457869
0.5653345
0.61707979
0.54017311
0.58996904
0.58053106
0.43909493
0.53981912
0.60742295
0.58180982
0.58078504
0.46622735
0.54000145
0.55969578
0.55738115
0.60885662
0.59692389
0.51012188
0.57535005
0.55515277
0.55503941
0.59205633
0.57368839
0.57712716
0.5916726
0.63634175
0.4922412
0.61276394
0.55522764
0.60787487
0.61859155
0.57530612
0.63562602
0.57543248
0.54176241
0.50152713
0.51779753
0.52006322
0.5647077
0.51990604
0.37250656
0.5544011
0.40235987
0.46886188
0.54574221
0.47043887
0.42817846
0.48857769
0.54129249
0.54543185
0.55663252
0.57174617
0.55378342
0.55219942
0.49765757
0.53012758
0.53336084
0.62053466
0.60777372
0.60182685
0.58435827
0.59009993
0.53780854
0.58537215
0.51675552
0.48081449
0.60822123
0.63530171
0.57225734
0.55150384
0.55115867
0.66203433
0.57165569
0.55989355
0.56656599
0.59297454
0.58892244
0.62242758
0.62461835
0.60100669
0.5578565
0.61203319
0.5390833
0.62391347
0.55338377
0.6286329
0.59775585
0.63181716
0.6015445
0.57026148
0.57685745
0.51711386
0.55081618
0.59233505
0.66372037
0.6653434
0.61281025
0.61079049
0.65981209
0.60765135
0.60941535
0.64297408
0.6333552
0.64732599
0.48574811
0.47809997
0.48617479
0.48412997
0.49246055
0.44565421
0.48770404
0.47262883
0.56634754
0.55646116
0.63173145
0.62151873
0.65328753
0.62169343
0.64669603
0.57555407
0.60452539
0.49798909
0.55254215
0.52716362
""
0.57110459
0.5608995
0.56832916
0.58441585
0.64031458
0.62553996
0.61142689
0.64884377
0.64495784
0.65884489
0.6052016
0.63336045
0.6188463
0.58396775
0.65602863
0.64750612
0.66516751
0.59565991
0.60075998
0.61177552
0.57060897
0.60579723
0.63980514
0.63302952
0.61158758
0.64690179
0.59812307
0.69499069
0.65365642
0.64743203
0.64904487
0.64153886
0.62693053
0.59081239
0.64735413
0.60263038
0.63627887
0.63808227
0.62629873
0.5854519
0.61685044
0.61784893
0.64488399
0.63471007
0.65021503
0.57657802
0.63276631
0.63587904
0.62166333
0.60430235
0.61409456
0.57423294
0.59114856
0.67226559
0.68786067
0.6619668
0.61178535
0.66065627
0.67122942
0.57718152
0.60536605
0.57250977
0.60748386
0.61089498
0.61915779
0.6345787
0.63911384
0.64872289
0.58001667
0.53504038
0.54841387
0.54165518
0.58915216
0.5520153
0.59047014
0.59825438
0.65584952
0.5870322
0.62483644
0.59147269
0.62498558
0.6250242
0.63074064
0.57856709
0.63913941
0.63660306
0.6293202
0.65678239
0.58207721
0.58922279
0.57427138
0.63474166
0.55672127
0.62245852
0.61242694
0.61454511
0.619223
0.62472916
0.59911722
0.57341003
0.67576116
0.48007748
0.53270501
0.56135827
0.63611794
0.61241758
0.60726869
0.63485652
0.62551081
0.64727229
0.61145633
0.61538106
0.63815147
0.60889173
0.60978258
0.59893674
0.60161263
0.64740264
0.63128465
0.62644374
0.60835057
0.56171125
0.63684422
0.58730632
0.64314067
0.69364357
0.64547199
0.63089734
0.64810544
0.61721718
0.66147846
0.62611932
0.63046682
0.62327963
0.57790375
0.50809139
0.54177052
0.59703183
0.59913832
0.64180499
0.60109919
0.61991698
0.56881195
0.51519132
0.49938774
0.54358906
0.53193289
0.65649736
0.63624626
0.61450845
0.6234538
0.6225239
0.58398253
0.59336358
0.59091663
0.59419841
0.63580132
0.62825567
0.46890321
0.56081879
0.59836912
0.50448757
0.60922003
0.57541502
0.56799698
0.61666018
0.6270169
0.57146049
0.63203835
0.62743688
0.60102534
0.67440706
0.64324158
0.64678574
0.53036171
0.58459872
0.62694436
0.60756719
0.64510012
0.66774571
0.61329192
0.68091607
0.67745054
0.64963388
0.60563207
0.61856377
0.61314082
0.60647023
0.61016423
0.60784638
0.63965672
0.5984996
0.63731921
0.55083966
0.62107807
0.61105925
0.63297498
0.59007531
0.55458415
0.63238019
0.60105288
0.60724479
0.58568054
0.56981653
0.60155088
0.59392589
0.57919753
0.60661161
0.59482384
0.57451576
0.66620201
0.634368
0.62795228
0.56110322
0.56977165
0.63212454
0.59936202
0.64032143
0.64689893
0.55940467
0.60029191
0.63262594
0.62127882
0.64730811
0.63267165
0.60071743
0.59320229
0.6002515
0.63881481
0.63899416
0.60045958
0.5832665
0.5292989
0.59971392
0.60141158
0.61257905
0.60171902
0.60249043
0.61145961
0.59631127
0.57296008
0.57166106
0.5946086
0.58414602
0.58918196
0.68320626
0.67034352
0.63400286
0.63249308
0.61762196
0.60318857
0.5913713
0.55477095
0.65785605
0.65328747
0.64864337
0.59753507
0.65405715
0.63210702
0.63555193
0.57350612
0.53781962
0.61287159
0.55324686
0.55980366
0.59396046
0.56812245
0.57359093
0.60988182
0.63906395
0.71343654
0.59906858
0.59000647
0.46325433
0.56741959
0.62864035
0.44834954
0.6261726
0.53820741
0.5997439
0.58588779
0.53681046
0.52272177
0.59063172
0.61707401
0.58848321
0.52765042
0.51302207
0.56405199
0.58872426
0.58806998
""
0.5209552
0.62226963
0.6471402
0.60903502
0.59911007
0.53960925
0.5941239
0.64201164
0.60228425
0.63473725
0.57953799
0.63566667
0.63615304
0.62228221
0.57700175
0.51051807
0.59620476
0.63545525
0.6569069
0.60053068
0.65851349
0.62088048
0.58352816
0.5231427
0.6397438
0.63031214
0.59998733
0.56432647
0.62287521
0.46467939
0.50766504
0.46204308
0.57559073
0.62049657
0.59944087
0.67227852
0.67465305
0.61766768
0.57160902
0.59081692
0.63576746
0.61759865
0.56042683
0.51948005
0.5750497
0.63697422
0.6416806
0.60816514
0.59549248
0.61585909
0.60540766
0.59851497
0.51505965
0.56033456
0.58788538
0.58003241
0.59948212
0.56658691
0.52163333
0.54197907
0.46125457
0.58323872
0.57013786
0.52732438
0.5272187
0.43470573
0.59785396
0.58832574
0.60970849
0.56197041
0.62452829
0.66216135
0.64082545
0.5988726
0.6325838
0.65318495
0.62631321
0.64784265
0.58007771
0.57784355
0.62773812
0.60321486
0.62175316
0.55562055
0.61584878
0.6496377
0.60360408
0.67330301
0.63001847
0.57367659
0.59112215
0.58010483
0.61647123
0.57535172
0.60882545
0.62420171
0.58714128
0.55484688
0.64877772
0.67138511
0.60431927
0.59213448
0.57505387
0.54771852
0.62136346
0.53910398
0.61845803
0.61357534
0.64692599
0.5921213
0.49883807
0.55950713
0.58240324
0.63590819
0.54877603
0.63364202
0.61242187
0.56229681
0.56140584
0.61052537
0.60588336
0.63288414
0.631796
0.64164662
0.59862864
0.64341873
0.61386877
0.55551237
0.59389973
0.62940907
0.59468579
0.64877856
0.6296218
0.51124036
0.63410264
0.6378569
0.60316551
0.61120993
0.61726916
0.60088152
0.67059469
0.53812152
0.55721664
0.57963949
0.4802359
0.61576432
0.63204056
0.66475588
0.61010337
0.61786002
0.62703556
0.59583884
0.56326997
0.57963896
0.61169571
0.57933253
0.60586721
0.64361137
0.65373635
0.59597075
0.61594629
0.64093733
0.63159508
0.64169365
0.688842
0.60224056
0.5863139
0.61057121
0.65219104
0.64385384
0.54848164
0.58233637
0.57092232
0.58404833
0.55070549
0.52953607
0.52775347
0.47312173
0.53400737
0.55059403
0.58989304
0.61598647
0.60054857
0.57579941
0.59879661
0.55227017
0.62664235
0.5624913
0.4902848
0.51510382
0.41186166
0.52200937
0.50597864
0.51428437
0.55374891
0.47198364
0.51486212
0.44917488
0.58750129
0.57019633
0.58395165
0.60943276
0.67496926
0.63557351
0.53239673
0.61277026
0.55847007
0.60718608
0.60586011
0.53113925
0.53921783
0.52524179
0.55273354
0.61347902
0.51736939
0.5685854
0.53342706
0.53660691
0.45610085
0.42584708
0.42233655
0.53455001
0.42409214
0.50955528
0.64416736
0.62074387
0.67177713
0.60898137
0.65877336
0.61910313
0.66013485
0.63205576
0.66374111
0.68461275
0.62739784
0.64098793
0.65863883
0.64192319
0.66439652
0.59132373
0.56878811
0.64583021
0.60030681
0.63836282
0.60447621
0.55054617
0.62737679
0.6363802
0.56282943
0.64139414
0.65433896
0.72146899
0.65873235
0.62803411
0.57485235
0.6447534
0.65467513
0.61831182
0.58710909
0.66223758
0.60685712
0.67017603
0.60604191
0.62240255
0.64358723
""
0.64059883
0.68984824
0.51074678
0.64332378
0.59661204
0.61318302
0.66141528
0.65743107
0.60828739
0.61516553
0.55228204
0.52402157
0.54042095
0.54272413
0.50844294
0.53691477
0.52991343
0.50489092
0.47273302
0.46059346
0.52909434
0.49275705
0.50223905
0.53799933
0.59322542
0.4650552
0.52470988
0.64780849
0.61333501
0.58006632
0.5946272
0.59095722
0.64694095
0.65360129
0.61217016
0.57175112
0.608145
0.59227252
0.53593069
0.63764244
0.65793157
0.64020503
0.57833695
0.62571114
0.6423955
0.68410158
0.63452458
0.68191957
0.64610142
0.59513265
0.49246743
0.50513101
0.42135626
0.45106906
0.45338967
0.61284643
0.52485043
0.50801957
0.46430072
0.53228801
0.62203193
0.586142
0.62790346
0.59320515
0.60620153
0.57482111
0.54707366
0.52406734
0.54408032
0.59785509
0.55302531
0.55539811
0.57995844
0.56881642
0.5977751
0.6076054
0.57328266
0.6010468
0.69894385
0.63011467
0.66007787
0.62077802
0.58170092
0.55891716
0.60219288
0.61918926
0.65754318
0.70182014
0.64959872
0.7032817
0.62186831
0.61008102
0.62918448
0.58839488
0.65836537
0.67935479
0.66633779
0.60017383
0.62458825
0.64864045
0.66836756
0.65555477
0.58031517
0.61601764
0.63254303
""
0.59668076
0.65261424
""
0.54268026
0.54635274
0.63017994
""
0.6035856
0.61829793
0.62788939
0.6288895
0.59622532
0.55941963
0.63000011
0.67257237
0.63278222
0.64831108
0.6248709
0.60359728
0.61987758
0.63577873
0.60940832
0.59115714
0.55029631
0.5836581
0.55923772
0.58598268
0.59306562
0.58142155
0.58440113
0.59502864
0.51026845
0.66748828
0.5694043
0.42145738
0.57315725
0.58170503
0.58335084
0.50288445
0.53207672
0.5838052
0.61228961
0.63500524
0.65273929
0.6046499
0.60360879
0.63512146
0.62885571
0.63386279
0.56983548
0.55956441
0.60006118
0.59233934
0.58288497
0.53910565
0.58961576
0.60285985
0.56842774
0.5335471
0.57296222
0.49856535
0.61671937
0.61756176
0.52082837
0.5978958
0.54192495
0.55442643
0.56150174
0.55618668
0.60569674
0.59376472
0.59754926
0.59224629
0.64479142
0.63282347
0.61396104
0.5609048
0.62143201
0.61672002
0.58168858
0.6480732
0.50775445
0.58598399
0.610093
0.6287061
0.58754671
0.4834851
0.530173
0.50797689
0.62183136
0.51600158
0.52339131
0.49428514
0.4484129
0.52994925
0.47558823
0.56594861
0.5506947
0.55716038
0.65819824
0.63194048
0.59980977
0.63507575
0.62282681
0.63982755
0.55832613
""
0.53644347
0.53758651
0.60875911
0.64153707
0.56411302
0.60251737
0.56152314
0.57845163
0.55667508
0.53834963
0.57201928
0.4720107
0.54596615
0.60745925
0.54742211
0.616925
0.57990211
0.56198215
0.54832488
0.59705102
0.58340091
0.64208591
0.62649786
0.60435218
0.55785501
0.61170983
0.63211894
0.55566388
0.61439168
0.48653501
0.55876368
0.60448861
0.51969177
0.53113699
0.5983364
0.59892404
0.55815363
0.58464265
0.5761565
0.5947547
0.59402215
0.57754123
0.5363664
0.53988743
0.60456407
0.5920074
0.5614748
0.61384428
0.59997845
0.57924485
0.61067915
0.57710594
0.48340902
0.54473233
0.51186925
0.55433315
0.4955903
0.51959306
0.56770563
0.58402348
0.57599616
0.56741858
0.60808825
0.59725565
0.55251652
0.6483174
0.5812996
0.59604609
0.62802088
0.67519879
0.57766241
0.60078979
0.60709476
0.58914119
0.55501789
0.57993817
0.56335485
0.56989664
0.63377351
0.5186941
0.43314368
0.52712047
0.56340671
0.52265024
0.56325674
0.54016912
0.47836763
0.50656921
0.5330478
0.5534423
0.48124021
0.54868144
0.65811241
0.58875507
0.56625628
0.61976558
0.54387039
0.59145868
0.60395181
0.54869664
0.57051057
0.65554249
0.53944355
0.46597907
0.44282725
0.47367615
""
0.47557148
0.50567776
0.60824978
0.56542605
0.56165683
0.6052748
0.57848704
0.5468151
0.5514425
0.52588588
0.57301515
0.53358018
0.61909986
0.57657009
0.5921768
0.58395529
0.54098105
0.59104514
0.60874194
0.60578012
0.54070413
0.62140191
0.60871166
0.61023003
0.61303347
0.56523854
0.60507828
0.55899042
0.65702313
0.6109547
0.55129302
0.62759882
0.64064765
0.63936925
0.66105491
0.57167619
0.6641711
0.56786895
0.52519006
0.54571098
0.58040106
0.62800616
0.64660615
0.60236198
0.59671211
0.56091678
0.49938062
0.55596787
0.6169185
0.53009105
0.55577159
0.55850983
0.58311683
0.44476995
0.45420974
0.49766672
0.56900382
0.52581179
0.60938913
0.51896787
0.60309029
0.65008199
0.72186118
0.64572334
0.60332584
0.58360237
0.65736222
0.70021653
0.61363405
0.70483285
0.57314092
0.5640744
0.63543773
0.69324166
0.59136075
0.57279509
0.58966243
0.57619131
0.57397693
0.58310914
0.59769362
0.59895378
0.61265129
0.52790123
0.62862819
0.59239411
0.59638685
0.62041491
0.60670835
0.54515105
0.61543787
0.57654589
0.58672768
0.58991098
0.58008945
0.55852407
0.58777213
0.60414344
0.53769314
0.53772914
0.55880868
0.53459948
0.6150701
0.64417267
0.61903226
0.60358208
0.53806996
0.59464824
0.56437433
0.588875
0.57881749
0.62370569
0.67584813
0.62466657
0.59824425
0.57344496
0.58828098
0.56618357
0.62953079
0.63845181
0.60755217
0.65574795
0.55496138
0.55167848
0.59825456
0.58145618
0.59978122
0.59391207
0.57931316
0.57168603
0.52954257
0.55267817
0.60269642
0.58953416
0.58799511
0.62867719
0.6316703
0.58295137
0.63738644
0.6476025
0.6746403
0.61011362
0.63763368
0.53773934
0.51971543
0.60724664
0.64202207
0.6299085
0.63990349
0.64874947
0.59767324
0.56346375
0.56948358
0.67523658
0.61602885
0.65515608
0.60265344
0.52202553
0.55152923
0.48908979
0.56844765
0.62711143
0.55964506
0.64458388
0.65287763
0.65908968
0.61527008
0.63264364
0.57035029
0.65373051
0.67185009
0.70589131
0.59476566
0.67219305
0.65328264
0.60462183
0.6371662
0.62973058
0.63975865
0.67741668
0.64300454
0.69924754
0.68182343
0.69048095
0.64500904
0.61744243
0.6453951
0.66523296
0.61300755
0.60153085
0.72938931
0.6793105
0.645087
0.608881
0.69480717
0.66774178
0.67230242
0.66725296
0.59804451
0.58541572
0.58227998
0.65088212
0.64376605
0.61558497
0.6168893
0.61727685
0.48295727
0.60024375
0.50638813
0.53785568
0.60015726
0.5220831
0.44761929
0.49434587
0.57015365
0.59371817
0.61519766
0.63189733
0.60315025
0.63628131
0.62978905
""
""
""
0.59452128
0.6338203
0.57328355
0.60824025
0.56477737
0.56152487
0.49456182
0.5795331
0.5421319
0.58469814
0.5589745
0.53995389
0.56978452
0.5980193
0.46962887
0.46635568
0.55986029
0.49907932
0.54296392
0.56024861
0.60010821
0.60135609
0.62163311
0.54245889
0.61671698
0.63647103
0.56468529
0.60977578
0.57520336
0.62817156
0.56086928
0.5678184
0.57852131
0.5895918
0.54878402
0.63131833
0.56479788
0.55511671
0.51237315
0.58865583
0.60550094
0.60860175
0.65889341
0.6113022
0.64588928
0.65183455
0.55387098
0.58955497
0.65362179
0.59170544
0.60912758
0.55967647
0.56042141
0.65117884
0.64182216
0.60619843
0.6259675
0.61949641
0.60939747
0.58616793
0.64629394
0.65385944
0.57448477
0.6039145
0.55705798
0.57463425
0.54335183
0.61256415
0.64637935
0.55858421
0.51349694
0.5895896
0.53161764
0.47065818
0.55340427
0.57752907
0.61579978
0.51333326
0.59075242
0.56473488
0.50818127
0.53119218
0.54012811
0.55543315
0.56849283
0.67057532
0.67709744
0.66979343
0.59801149
0.50051045
0.57052189
0.52801424
0.53720313
0.67437696
0.68874305
0.59036547
0.61782765
0.55478257
0.61744553
0.5389725
0.57021034
0.60818672
0.6189338
0.60056418
0.58846325
0.58838236
0.62938184
0.58846098
0.62443513
0.60414094
0.61377037
0.63704008
0.61157054
0.57712901
0.61058521
0.62704557
0.6218937
0.63049871
0.62413359
0.62806535
0.53393304
0.54023975
0.51593596
0.52429426
0.45740128
0.48085764
0.62706691
0.58269221
0.55962175
0.58453816
0.5961647
0.51749331
0.57249451
0.62059891
0.61371052
0.59743613
0.59729379
0.58413869
0.57805657
0.5799824
0.58614135
0.41965264
0.56561255
0.53041732
0.63254189
0.54566711
0.5459488
0.54931116
0.58638716
0.52548164
0.59953254
0.63567621
0.62155527
0.59002972
0.61422902
0.56577903
0.63229936
0.62206322
0.6447531
0.49852979
0.4640187
0.51469553
0.5783875
0.53023094
0.54641706
0.62963045
0.58520073
0.57870263
0.65833277
0.62294799
0.5901776
0.63470727
0.40624264
0.51856941
0.48230875
0.50228977
""
""
""
0.3998988
0.54333878
0.52826893
0.55195808
0.52991217
0.36492386
0.52816635
0.56470674
0.56320679
0.61140794
0.50568932
0.4576872
0.42371681
0.47061145
0.5417605
0.49699527
0.5100379
0.48849693
0.49226215
0.44442338
0.50288337
0.52341342
0.387685
0.51887542
0.51607531
0.49777201
0.56718302
0.50541067
0.51431268
0.54569733
0.51546454
0.57678473
0.52597439
0.53062868
0.51573336
0.49807167
0.48679554
0.47628468
0.49010602
0.50040251
0.52435356
0.5399676
0.32174912
0.45242387
0.51733559
0.52021682
0.51396269
0.51825595
0.52530462
0.60500497
0.55552411
0.59522182
0.56370491
0.62271857
0.62720829
0.61869371
0.53593993
0.53218472
0.51741505
""
0.52470857
0.61165684
0.55675119
0.57763124
0.62533313
0.58974642
0.61208797
0.47546455
0.51206899
0.52858299
0.48508555
0.53653789
0.58481807
0.58549172
0.60152411
0.63804889
0.59662646
0.62298661
0.63100493
0.5707438
0.6072219
0.6471138
0.62081939
0.54835248
0.65511262
0.56814021
0.63796115
0.59893221
0.60637987
0.64614987
0.59977973
0.5443269
0.5680238
0.6057629
0.60322016
0.63285816
0.63940519
0.63418531
0.59939152
0.58477288
0.64553607
0.61455357
0.68045413
0.62564051
0.66622061
0.62167895
0.59840739
0.65882331
0.5930472
0.60456246
0.61491817
0.55995089
0.66466039
0.62584114
0.58970141
0.63389754
0.62737811
0.64691472
0.65083945
0.6014756
0.56124437
0.55881566
0.43297172
0.43790817
0.4705309
0.52315944
0.48806775
0.52294558
0.52906567
0.35980374
0.4718242
0.5032441
0.52995336
0.57105571
0.52938205
0.59806561
0.53380352
0.61592585
0.54296941
0.47454917
0.56475085
0.56229186
0.56294513
0.61947572
0.53939503
0.62095368
0.49538192
0.52120864
0.49242297
0.60107768
0.56795335
0.5617165
0.63377178
0.61196035
0.60307193
0.60751742
0.6218245
0.59341574
0.628838
0.58654833
0.53721684
0.59513134
0.61270356
0.44170958
0.55817169
0.62217361
0.58761311
0.63746911
0.61139154
0.61970842
0.6386407
0.55023712
0.61365372
0.65899837
0.69727355
0.58896041
0.58141476
0.58607382
0.60302627
0.58388811
0.5574823
0.61747503
0.62562126
0.6300379
0.60681671
0.61593908
0.60172093
0.67542022
0.61131245
0.62835068
0.59973735
0.62082899
0.54228467
0.54540569
0.5191198
0.58279407
0.60910344
""
""
""
""
""
0.53487229
0.50981408
""
""
""
""
""
""
0.58244729
0.5268634
0.57366365
0.56760538
""
0.50015831
0.41144228
0.44417411
0.49843362
0.49069473
0.50838864
0.45374525
""
""
0.4164204
0.44670001
0.45300451
""
0.54877627
0.53330386
0.55804688
0.5037806
0.54305398
0.56770009
0.57512039
""
0.50776464
0.51442349
0.5203442
0.506208
0.49699157
0.39083889
0.45210332
0.52488226
0.61937487
0.47923657
0.57803667
0.56251401
0.51811552
0.52744025
0.49796733
0.57082635
0.46720442
0.54593211
0.56303519
0.62565666
0.58339244
0.63678581
0.64709777
0.59933019
0.52711666
0.55870295
0.46016297
0.49701747
0.50750113
0.50292259
0.40167239
0.43844986
0.46625769
0.51495516
0.46421513
0.45017421
0.49062809
0.50208759
0.48598427
0.46047741
0.48499155
0.42700267
0.50998092
0.51733631
0.57523483
0.48913157
0.512128
0.57137483
0.58319622
0.5305934
0.52882928
0.52182055
0.44153878
0.52353793
0.52689952
0.50270712
0.56635863
0.53613728
0.45681775
0.50682402
0.45394033
0.45853996
0.49674678
0.58679044
0.44805187
0.46609825
0.52632976
0.44482625
0.44011989
0.48142672
0.47429517
0.486608
0.4953281
0.5456484
0.46253973
0.58102208
0.63810909
0.57613814
0.61241031
0.50497329
0.53022355
0.60779536
0.5948084
0.59906369
0.56987011
0.55790526
0.57966775
0.58580536
0.59926921
0.55099636
0.64925557
0.54687965
0.60889971
""
0.44807839
0.47499338
0.51334691
0.55342948
0.5050199
0.4579716
0.4474639
0.40353173
0.46460855
0.50619853
0.5371061
0.47341976
0.43104842
0.44655511
0.55755472
0.55241477
0.53282994
0.54470855
0.44942588
""
0.53598601
0.50852865
0.48737907
0.47252747
0.56036639
0.50399601
0.4558095
0.4904801
0.51808834
0.4727127
0.39729756
0.47730067
0.43976963
0.54225093
0.48218778
0.38494307
0.45039085
0.5652957
0.51956242
0.60030609
0.52956861
0.54506606
0.51640671
0.54918987
0.52784127
0.50552756
0.57014036
0.54453373
0.57239777
0.54262304
0.51012355
0.51710129
0.62790591
0.46318629
0.54457277
0.50909203
0.48699024
0.51566738
0.57671112
0.51548862
0.4850916
0.49483868
0.50427967
0.51319987
0.55645519
0.54688531
0.55213225
0.56970817
0.5033524
0.52066517
0.40272051
0.46599096
0.50064784
0.5057264
0.55727929
0.50186741
0.49274009
0.40176407
0.4940404
0.3952688
0.40768
0.48820928
0.54516077
0.45247659
0.61875021
0.58378023
0.62255937
0.62155932
0.60410017
0.58974707
0.50354767
0.58408439
0.60818321
0.59785545
0.58992279
0.54702497
0.60854435
0.62346905
0.60077578
0.44826543
0.61368877
0.58027488
0.60829437
0.50704908
0.58931184
0.52630889
0.56453526
0.52329916
0.48582369
0.48211786
0.49319866
0.4798786
0.48537904
0.5071165
0.50681984
0.45790851
0.51554197
0.43502751
0.44641414
0.44569653
0.44912514
0.52463555
0.44298896
0.479561
0.61103195
0.56569713
0.56242085
0.50125772
0.5447588
0.53239167
0.55180675
0.47549346
0.54842764
0.46378705
0.55060369
0.51521808
0.47752288
""
0.49318182
0.58535361
0.52054769
0.43402669
0.44423708
0.42108715
0.47095376
0.49399221
0.5660097
0.49826425
0.39998966
0.44620636
0.46208379
0.42756751
0.36610317
0.43875831
0.45106179
0.42240608
0.42251012
0.60150629
0.50541604
0.54377133
0.53298658
0.45910469
0.45165479
0.46882826
0.45024642
0.43732697
0.49279112
0.44765493
0.5698694
0.61123616
0.52089506
0.57547861
0.49710637
0.59250885
0.58398098
0.57073265
0.6148091
0.59248793
0.54104823
0.622172
0.63132828
0.59958684
0.55093646
0.64034963
0.5632143
0.58390045
0.50015843
0.47766903
0.48727846
0.48876452
0.53957695
0.50337845
0.45481288
0.48802426
0.38915792
0.50845826
0.53111464
0.44699469
0.33811975
0.49785477
0.46840495
0.54281491
0.61048269
""
0.46738952
0.38922492
0.36113417
0.32424226
0.37293288
0.36398554
0.40562627
0.382173
0.60430187
0.37763456
0.47206074
0.45874786
0.46493217
0.49298707
0.5527398
0.58057028
0.66231257
0.57249159
0.45027432
0.48069942
0.59098327
0.4970386
0.53504437
0.52085429
0.48017785
0.47627416
0.49777901
0.50214666
0.47947767
0.52809387
0.46747026
0.54594648
0.53520173
0.52609122
0.49958876
0.54507601
0.47480783
0.59222102
0.54483485
0.55745864
0.51002926
0.46660376
0.55242687
0.52312404
0.34840715
0.54528618
0.48360625
0.4242321
0.40993592
0.46437907
0.59236383
0.56110263
""
0.64131671
0.7407676
0.47974667
0.51336348
0.4547568
0.55341083
0.65410477
0.70643681
0.56852412
0.47347873
0.508367
0.56453598
0.59799707
0.6091013
0.54128498
0.59497041
0.62714297
0.61406493
0.56571978
0.56684124
0.45175225
0.51963001
0.4925124
0.425612
0.51180595
0.45006368
0.52320296
0.45558587
0.42927113
0.4270463
0.50236481
0.58081025
0.48841077
0.54505002
0.53248245
0.50127518
0.52314645
0.47652617
0.48099571
0.56363028
0.5894562
0.52218062
0.51537806
0.47911912
0.45775279
0.52740812
0.54942805
0.58954293
0.45517311
0.48569584
0.49428964
0.466539
0.47164324
0.48848841
0.48679593
0.49054495
0.44700572
0.48281062
0.55784315
0.54910392
0.47942734
0.53460675
0.58498418
0.5249356
0.55325621
0.5353021
0.50395364
0.50275755
0.48243845
0.47733814
0.47911671
0.46240664
0.50915277
0.4566558
0.4721424
0.52992463
0.51607454
0.55842429
0.52265471
0.494629
0.49543503
0.48824003
0.54537243
0.49953648
0.52721024
0.49266106
0.59506464
0.58941591
0.5603565
0.50152993
0.62827641
0.52169925
0.53781056
0.49744421
0.50250989
0.48942301
0.46969542
0.52597779
0.54168707
0.52065033
0.53510922
0.53740406
0.58954662
0.60940033
0.54864031
0.57052338
0.51564091
0.4289484
0.53798354
0.55026394
""
0.49850571
0.50183243
0.64614749
0.50374103
0.48999184
0.46335974
0.46107179
0.54416722
0.51990807
0.48021147
0.56191081
0.50713551
0.48322278
0.47630602
0.46557474
0.47938544
0.48125514
0.52286226
0.43599489
0.48127627
0.50028819
0.5000543
0.43568194
0.48191136
0.49719748
0.4935059
0.52113801
0.52645755
0.54085815
0.56493253
0.55946171
0.53462762
0.53443372
0.55463809
0.56675178
0.48246428
0.4807952
0.55047184
0.58275551
0.55335915
0.54454231
0.49656534
0.52923882
0.48938325
0.52839929
0.54328907
0.57036662
0.61775607
0.54615837
0.56187701
0.48575482
0.42546403
0.45970246
0.4003084
0.39953923
0.42169797
0.24735355
""
""
""
""
""
""
""
""
""
""
""
0.41603529
0.37061974
0.32295552
0.32916531
0.30538809
""
0.43550402
0.45668361
0.39268172
0.49576071
0.44064802
0.49516401
0.44367018
0.45769665
0.39225394
0.54248834
0.47017902
0.54400349
0.54169577
""
0.47782311
0.42986163
0.45812318
0.46765533
0.36391413
0.31842977
0.40257877
0.45680678
0.41227093
0.44012997
0.47972095
0.46653387
0.57484716
0.51542723
0.42431974
0.61949879
0.64890301
0.50805962
0.4685277
0.49744987
0.60223633
0.6046865
0.51875126
0.47140059
0.54897022
0.53428739
0.55749434
0.57512486
0.61934268
0.62235576
0.58825731
0.47746423
0.47715023
0.53445947
0.55659986
0.55455387
0.56553704
0.5772748
0.58565903
0.56879967
0.60509336
0.56840563
0.59282047
0.55888814
0.58511364
0.61793995
0.62007749
0.63226706
0.58307648
0.494028
0.59516132
0.61251205
0.52243441
0.6161989
0.61691523
0.6149196
0.57438976
0.66381079
0.61515272
0.65145606
0.53823227
0.54867703
0.57317626
0.65873379
0.57359844
0.61786234
0.58139199
0.60234904
0.60658121
0.659275
0.62209862
0.63654947
0.61776614
0.59290731
0.52755237
0.52610695
0.523664
0.55461043
0.61125356
0.54372358
0.55965191
0.57443035
0.55534637
0.59158641
0.57890654
0.55985534
0.58886182
0.59027773
0.49289736
0.47462678
0.4267658
0.49405199
0.48858243
0.46067944
0.56480783
0.54170221
0.54456317
0.58353382
0.53795308
0.53734666
0.58163649
0.57347828
0.57738096
0.59036338
0.51235211
0.56112295
0.63919479
0.6214245
0.60152966
0.59980285
0.54580456
0.5116654
0.5216884
0.57133913
0.54391474
0.51443648
0.51098472
0.5015462
0.50861651
0.48364982
0.48405492
0.49977502
0.49017996
0.55830425
0.51252526
0.51153779
0.521245
0.54196799
0.51888758
0.49398822
0.55597705
0.52014881
0.54746485
0.58159119
0.54368454
0.59295219
0.55802733
0.53757542
0.56916493
0.51299924
0.47414529
0.55610782
0.57105279
0.49050948
0.46934709
0.56500089
0.51453
0.54575485
0.5529018
0.39970961
0.46390471
0.47589606
0.4359675
0.51502645
0.60820687
0.47847655
0.51881975
0.48728278
0.4742682
0.42282155
0.51385456
0.45369977
0.4538568
0.44986898
0.58109778
0.56837457
0.47773558
0.61224633
0.53268814
0.53543341
0.57137132
0.38759482
0.38840625
0.39132765
0.44622979
0.54101729
0.44135088
0.49579787
0.47667032
0.36093
0.55370784
0.55899084
0.57800829
0.58524549
0.55663639
0.58751893
0.43527591
0.59746093
0.59750068
0.49063301
0.57133132
0.52031648
0.59325045
0.62998599
0.65153545
0.6545853
0.608899
0.45140553
0.49355823
0.63492262
0.57832539
0.64676279
0.64430928
0.65811789
0.51276857
0.55656451
0.51299644
0.49878433
0.51213467
0.51127005
0.43590164
0.35167539
0.50654805
0.48214784
0.47976699
0.44475043
0.49539945
0.42723554
0.42638043
0.43017584
0.4900496
0.43903333
0.48026377
0.47342795
0.48986006
0.55196315
0.53185177
0.55073297
0.51895058
0.45673308
0.45202729
0.46262744
0.51770878
0.5050596
0.52976936
0.48657125
0.49252483
0.41837746
0.44777948
0.45169583
0.45732999
0.45486319
0.51261282
0.4688848
0.45654812
0.49062565
0.52246702
0.49372372
0.49861428
0.4076829
0.49843201
0.48563087
0.58784348
0.46787408
0.52816135
0.54174989
0.54049587
0.53851169
0.59600019
0.55206567
0.49130794
0.45836005
0.48282215
0.46585953
0.50842196
0.48210713
0.48828596
0.49679136
0.43900943
0.42780343
""
0.60059577
0.5041368
0.52925527
0.53460145
0.55896389
0.52408499
0.58109593
0.53983676
0.51875013
0.51490945
0.37958589
0.39817664
0.46632811
0.457248
0.50708884
0.55554593
0.49165767
0.61159384
0.52080703
0.48929158
0.55204296
0.56893235
0.58736509
0.63243711
0.61075193
0.51120895
0.55608791
0.35101518
0.3994258
0.39574096
0.46043247
0.56808043
0.53618735
0.56087041
0.43664128
0.49334258
0.45543742
0.39842188
0.38906419
0.39204702
0.5286693
0.55901921
0.52309412
0.5250119
0.51743257
0.53520072
0.51794225
0.46298012
0.48891804
0.47179726
0.44005743
0.52180421
0.52922463
0.52294528
0.48761341
0.52706349
0.45226809
0.50709158
0.54385483
0.54073447
0.53030443
0.54432046
0.51773202
0.55454332
0.59122908
0.55580306
0.55640286
0.56239796
0.52099627
0.54478997
0.52623969
0.45198354
0.49439961
0.42066926
0.53913647
0.52973193
0.53137416
0.57431388
0.51188171
0.50839502
0.55285692
0.53373516
0.52850991
0.54277384
""
0.4431501
0.49967983
0.51384032
0.482871
0.49868405
0.52912474
0.5237745
0.40757531
0.52894092
0.49848777
0.43181184
0.43756959
0.46750975
0.45677415
0.54316968
0.48523891
0.4950875
0.50188607
0.44658375
0.45479611
0.50005025
0.42966408
0.49262643
0.47145361
0.44051185
0.49387473
0.60551506
0.53561652
0.55019081
0.56800365
0.5897972
0.57281756
0.54985881
0.55828977
0.53935337
0.54436886
0.60563684
0.52984321
0.48524556
0.58712494
0.54050398
0.5196147
0.50112724
0.48197457
0.44735536
0.53792667
0.56850445
0.52170211
0.53755522
0.55616772
0.53502995
0.55286795
0.5539853
0.55220747
0.5434072
0.51941156
0.57790112
0.58511794
0.55929303
0.58756196
0.59015667
0.62337774
0.61490482
0.59898078
0.6881119
0.620906
0.53431612
0.50874835
0.49805665
0.45364657
0.40391564
0.51929724
0.55098522
0.51508892
0.45890123
0.45739183
0.44107443
0.47074401
0.45778701
0.5469197
0.63708818
0.55472791
0.54761243
0.54557371
0.51571137
0.50479233
0.47395548
0.46950296
0.56367314
0.56770808
0.45304093
0.51503587
0.52614266
0.5543009
0.62644637
0.5661515
0.52022099
0.60584807
0.47298744
0.54203832
0.44124147
0.44654807
0.42970252
0.48604411
0.46555516
0.44982502
0.43756372
0.52633101
0.48469847
0.50514317
0.40914416
0.48996049
0.46565366
0.44770765
0.4266127
0.46610919
0.39821142
0.54234183
0.46194115
0.47495872
0.51865321
0.39949921
0.48589018
0.50967854
0.44724301
0.41425219
0.42568958
0.43043786
0.50626838
0.46157432
0.40361291
0.45927402
0.52774465
0.54848552
0.4715538
0.49048209
0.56569374
0.54334223
0.64049315
0.50765252
0.50619489
0.52399135
0.56515348
0.51227796
0.48937869
0.52417219
0.51790333
0.53263283
0.47586054
0.48732877
0.58370167
0.53550637
0.53699106
0.53713125
0.52901775
0.5080694
0.51507336
0.49952233
0.53835458
0.5445292
0.53178847
0.526761
0.40361494
0.49485886
0.52413064
0.49304223
0.49603716
0.48117584
0.50288856
0.49310669
0.58261025
0.51203436
0.48249063
0.53020841
0.56178987
0.58488375
0.61832988
0.61284119
0.60388482
0.5559293
0.45909068
0.40291438
0.39848608
""
0.51788402
0.49115023
0.55138749
0.57045424
0.54527169
0.57309592
0.59434152
0.55310589
0.43983167
0.47742331
0.50913179
0.43205789
0.49135453
0.56153369
0.59192318
0.52665371
0.5103876
0.48971662
0.48872253
0.54099202
0.52325839
0.57344127
0.51989496
0.43988743
0.4798272
0.39559755
0.45898232
0.50314909
0.60123461
0.56775814
0.59072632
0.55664152
0.51489162
0.48952013
0.51686597
0.47689223
0.44162375
0.47718152
0.42099956
0.41495049
0.47328255
0.40942681
0.5066852
0.53780299
0.55803686
0.50807869
0.56207526
0.53754973
0.5149371
0.47792584
0.57954717
0.64437586
0.681315
0.63960075
0.59963429
0.62208503
0.53887916
0.59367448
0.58713651
0.56798363
0.53585118
0.56499302
0.59375703
0.46609521
0.56561393
0.68366081
0.62204999
0.5696162
0.63652337
0.66375381
0.65717286
0.64474446
0.62401527
0.59478879
0.66268265
0.61817116
0.61291289
0.66249901
0.66254401
0.69103169
0.72937018
0.69198346
0.67482346
0.74292564
0.71240819
0.63459468
0.67841369
0.56435055
0.61491108
0.5777781
0.55595309
0.60356385
0.62378752
0.61278248
0.66094923
0.69244307
0.58310753
0.59902847
0.57776123
0.59203678
0.58264059
0.62793028
0.57008845
0.58344221
0.64218235
0.60396296
0.60943443
0.59807217
0.44463599
0.54911304
0.53745073
0.5536198
0.55385274
0.48453799
0.5355317
0.56745529
0.57108539
0.55579883
0.59316844
0.61979204
0.57312739
0.60152358
0.61380595
0.57129562
0.64412284
0.64836407
0.62273759
0.65003932
0.59919751
0.45263129
0.49222964
""
""
0.55548882
0.43524727
0.54631621
0.53090763
0.56495941
0.54178536
0.60154808
0.3592819
""
""
""
0.42017424
0.46719274
0.47972128
0.51649576
0.40135852
0.64945132
0.56124401
0.56797653
0.59480006
0.57682663
0.68276054
0.40820608
""
0.46700937
""
""
0.43913987
0.58767903
0.56119502
0.57723415
0.57852292
0.62407857
0.67345548
0.55994934
0.55093241
0.56967294
0.5221684
0.60879308
0.59694749
0.51614004
0.63881576
0.62297386
0.6429562
0.50761217
0.61713469
0.57885468
0.54200208
0.63869369
0.40662897
""
0.57827491
0.64539433
0.60349691
0.62017483
0.58384764
""
0.6645788
0.62099785
0.56744492
""
0.58531839
""
""
""
0.58260047
0.54702145
0.54715079
0.52410877
0.57430971
0.61930078
0.57381719
0.56812137
0.61134589
0.59182328
0.50316131
""
0.51891965
0.60085273
0.60579127
0.62184781
0.5956167
0.62648183
0.60315186
0.55306667
0.60422605
0.6184867
0.61930066
0.61895216
0.62580121
0.63427222
0.59687406
0.59875447
0.5838263
0.55038047
0.57774323
0.61855441
0.6278044
0.60941839
0.61970901
0.63048089
0.59855205
0.5991289
0.60931492
0.60195279
0.57601959
""
0.63221568
0.59808069
0.64697039
0.55992782
0.59492654
0.67212433
0.6407218
0.66966832
0.54680735
0.6386767
0.59060967
0.59670979
0.56215179
0.62971467
0.63519001
0.55066264
0.59106112
0.61350995
0.64793104
0.64455169
0.61505997
0.698937
""
0.5173257
""
0.60417068
0.30593485
0.42179948
""
0.44800705
0.54148751
""
""
0.50593668
0.57184565
""
0.5287956
0.60632962
0.57359654
0.66553813
0.6381368
""
0.6194061
0.4567754
0.46237504
0.64434487
0.66854066
0.63129747
0.51656163
""
""
""
""
0.61828077
0.62036371
""
0.5061807
0.63895589
0.63452184
0.6065889
0.64122808
0.57403374
0.54104936
0.55530143
0.51540244
0.57671005
0.62875813
0.63096619
0.63004273
0.63079077
0.58399296
0.62530053
0.60567856
0.63269252
0.65306193
0.61524802
0.60598654
0.54066288
0.6083262
0.66282272
0.63044441
0.61264724
0.56378669
0.54267007
0.65045977
0.59534532
0.64200658
0.60662532
0.52324897
0.55727267
0.59064198
0.64078963
0.6333223
0.651887
0.60398006
0.6512208
0.54541045
0.61102694
0.61853123
0.64203203
0.63749999
0.59997892
0.59528792
0.61639643
0.63980913
0.63608462
0.63584822
0.59178877
0.65531605
0.59330928
0.49390626
0.49627262
0.58400917
""
0.56367952
0.51965517
""
0.68478221
0.58806235
0.56499952
0.61182302
0.66088688
0.59770381
0.70823896
0.65456146
0.60767633
0.6220023
0.55680925
0.62641948
0.61993569
0.61374831
0.59198064
0.55823255
0.63193727
0.57900089
0.58413911
0.55740547
0.61289012
0.54339039
0.54695481
0.56675965
0.67068523
0.66055298
0.63328201
0.61613554
0.65810287
0.56597412
0.69949919
0.62035215
""
0.51177979
0.49675003
0.61970323
0.64782113
0.63915384
0.66067654
0.65828443
0.64050817
0.65741909
0.60910165
0.65421218
0.62226987
0.60193145
0.64333022
0.5947445
0.58455694
0.62532878
0.55475533
0.51026404
0.60608417
0.64488816
0.49262655
0.60792786
0.65618414
0.63914883
0.61947036
0.5678674
0.54228795
""
0.5741477
0.59310657
0.57981229
0.61856896
0.59731674
0.61797875
0.6580925
0.59371483
0.51421887
0.66721088
0.47147617
0.52856195
0.52278185
0.51307678
0.53014702
0.5822646
0.56847328
0.50111115
0.55084169
0.56948459
0.60082257
0.50053853
0.43313509
0.64920229
0.537
0.62405026
0.61075604
0.59937155
0.54410547
0.64638126
0.52219254
0.62748784
0.62640077
0.54969895
0.66260445
0.54313803
0.55908263
0.54587132
0.59003192
0.61491531
0.65164727
0.51591748
0.55704939
0.59626776
0.57540274
0.57185131
0.56460369
""
0.57156456
0.62867105
0.67419785
0.66056526
0.65677351
0.5541988
0.67987877
0.58914554
0.61282748
0.55648166
0.57943606
0.52557719
0.61512154
""
0.51904434
0.62553245
0.57812542
0.56212896
0.59197211
0.64612991
0.62769002
0.56280226
0.56256759
0.55283231
0.5480271
0.56880069
0.53421825
0.48300993
0.55472463
0.55384487
0.59403056
0.55686462
0.51258391
0.51074332
""
0.57977664
0.50193745
0.56297815
0.56464607
0.55949402
0.60734439
""
0.55852401
0.55770028
0.53863782
0.58315408
""
0.53343534
0.55328292
0.44519955
0.5329771
0.60038143
0.62866372
0.61018354
0.58628875
0.64805925
0.60417789
0.60091442
0.5776763
0.58285671
0.68092287
0.6448893
0.6029411
0.43536592
0.53642797
""
0.62283009
0.58592504
0.60787207
0.61119944
0.58871305
0.6023078
0.61733305
0.58268982
0.55345118
0.56759769
0.57717931
0.60199392
0.5658105
0.49949464
""
""
0.54905766
0.62222809
0.61758602
0.54287624
0.62525207
0.65079176
0.6524905
0.60160488
0.60416037
0.64256585
0.63297015
0.58820641
0.63995552
0.59979182
0.611543
0.61308241
0.59552717
0.63624305
0.61378115
0.56857973
0.58647329
0.63479894
0.60032576
0.6175102
0.64727235
0.609846
0.60128433
0.59188849
0.60390604
0.62743795
0.59675884
0.64977467
0.60376215
""
0.65535879
0.66666263
0.64247668
0.67739159
0.68481559
0.63442594
0.65888113
0.67634165
0.71541572
0.66370219
0.63199055
0.67080516
0.63088965
0.5776298
0.6118781
0.66834778
0.70351875
0.67028534
0.61675489
0.66915894
0.62109399
0.654392
0.66237479
0.65137237
0.64969426
0.68019408
0.5609495
0.53662914
""
0.61025012
0.65345883
0.61978549
0.62985694
0.58518696
0.46218354
0.61194342
0.53146219
0.55401957
0.56311649
0.58941752
0.59799445
0.53931612
0.57743078
0.60699403
0.57178062
0.58128792
0.57724977
0.61144179
0.58526391
0.60383832
0.57106644
0.58380985
0.59946173
0.56434721
0.51227301
""
""
0.57546133
0.56167889
0.59903789
0.54701978
0.53424948
0.48530799
0.50427526
0.5666731
0.48215342
0.63022667
0.63167244
0.56773937
0.48499629
0.62441939
0.55895603
0.54074812
0.58669901
0.66956431
0.57674211
""
""
""
""
""
""
0.63285249
0.4636825
0.58873498
0.61139035
""
0.7519663
0.57810235
0.56721753
0.65387958
0.57601017
0.65785843
""
""
""
""
""
""
""
0.5094195
0.63714772
""
""
""
""
""
""
""
0.59099919
0.54164726
0.52464432
0.52281547
0.553262
0.55038077
""
0.57583487
""
""
0.56408602
""
0.60457623
""
0.65938467
0.5718075
0.63226211
0.4992089
0.63644749
0.59108901
""
""
""
0.44061682
""
""
""
""
""
0.49211535
0.54957616
0.58654165
""
0.60989559
0.49873579
0.56706816
""
""
""
""
""
0.51869559
0.58404022
0.56838965
0.46002716
""
""
""
""
""
""
0.51250577
""
""
""
0.621342
""
""
""
0.5567683
""
""
0.46674773
0.62658381
0.64220285
0.68271965
0.58173126
0.53861839
0.63163823
""
""
0.54253089
0.44029504
""
""
""
""
""
""
0.65160233
""
0.5836764
0.6391511
""
""
0.57946151
""
""
""
""
0.66235745
0.50269789
""
""
0.45028648
""
0.5860424
""
0.74708313
""
""
""
0.54302096
0.64741856
0.69969904
""
0.55061084
0.58156997
0.62291777
0.6449365
0.63592386
0.57455099
0.65187997
0.58948529
0.60921025
0.66349155
0.62367851
0.54026008
0.50472629
0.60300297
0.48438913
0.62451291
""
""
""
""
0.67803812
0.63990033
0.58926648
0.57447231
""
""
""
0.55793887
""
""
""
""
0.56201375
""
""
0.51696384
0.61392653
0.64016044
0.42477983
0.52316844
""
""
""
""
0.48233041
0.48121682
0.62280315
0.61259961
0.56653816
0.61238557
0.59459257
0.52861989
0.52185649
0.49031129
0.55455315
0.46908799
0.43036166
0.54880238
0.55886233
0.55653387
0.58910358
0.62865275
0.58366573
0.55013943
0.58022499
0.50666994
0.56311959
0.50805217
0.51687604
""
0.62694389
0.39738557
0.39560279
0.48853925
""
0.5223887
0.60080844
0.58453536
0.56139904
0.57393491
0.52465743
0.60209417
0.49186891
0.63973635
0.6588316
0.63758987
0.65825957
0.69122958
0.59857136
0.57996386
0.55928779
0.58987826
0.52739573
0.60083938
0.58445412
0.53812557
0.61648488
0.56982654
0.5513888
0.54057062
""
0.49201044
0.56922799
0.5873068
0.63134491
0.61053669
0.52825892
0.56041241
0.72494102
""
""
""
0.55785733
0.60069305
0.60300261
0.56641495
0.59684306
0.64662611
0.58506858
0.5540145
0.42298514
""
0.5952782
0.59209985
0.60835809
0.64517272
0.55722111
0.56804729
0.5485478
0.54421914
0.64477885
0.58866698
0.52244127
0.68343472
0.69182879
0.66883332
0.65114337
0.53667361
0.51088578
0.49517646
0.53947943
0.5192017
0.59155345
0.6100536
0.58720124
0.53497738
0.52178931
0.62027127
0.57476109
0.58381742
0.56592697
0.53508973
0.5686636
0.52194649
0.61298406
0.59084547
0.58180207
0.63978893
0.63683468
0.57158136
0.64490843
0.63507634
0.6399135
0.65915537
0.61563635
0.6567654
0.60735452
""
0.64944488
0.58775902
0.60994411
0.74317306
0.74429375
0.66518116
""
0.78360385
0.70627707
0.67260891
0.56321329
0.63155401
0.65445471
0.63228559
0.7174201
0.65144789
0.57426411
0.68235528
0.6274277
0.63420606
0.59202778
0.6770826
0.74419957
0.72792596
0.61785871
0.63578045
0.61347747
0.65185022
0.56524831
0.5477761
0.62933248
0.61841816
0.54448497
0.57686043
0.65749222
0.65439886
0.64843851
0.64262855
0.55083042
0.61439067
0.62187856
0.61680639
0.60091215
0.62517875
0.56566781
0.63352627
0.5673216
0.62020886
0.6737861
0.70028347
0.58246374
0.66160905
0.60196787
0.58024704
0.6395939
0.62029636
0.6531809
0.59166878
0.61062425
0.71567696
0.67432761
""
0.71996069
0.60110801
0.65830976
0.77577823
0.52879709
0.56500638
0.52327436
0.54518527
0.58968067
0.59435022
0.64454359
0.55690253
0.56967211
0.5122714
0.56748307
0.63028568
0.5962199
0.53997809
0.62487954
0.53460962
0.47583377
0.51812214
0.53772867
0.65219265
0.61720949
0.62141353
0.58165902
0.6049192
0.51096374
0.53016001
0.52323782
0.59544986
0.55179852
0.55553347
0.54764825
0.48375967
0.54544502
0.55794019
0.53423947
0.64719385
0.65562749
0.60242885
0.59929717
0.58524168
0.60402858
0.57692486
0.61868924
0.63928157
0.6414457
0.55524611
0.52931571
0.61038226
0.61393368
0.55478626
0.58475924
0.57454634
0.55118543
0.56703299
0.58498561
0.62923557
0.48212388
0.54153407
0.5576427
0.58071971
0.57950675
0.57639521
0.70631576
0.62714404
""
0.6174944
0.6592797
0.64535171
0.65096146
0.63309574
0.66530573
0.69107991
0.63756615
0.59702319
0.60354251
0.6321612
0.58443815
0.70050293
0.67766511
0.70984918
0.6846655
0.66188699
0.6379661
0.666749
0.65239114
0.66586804
0.61147439
0.61586523
0.55569524
0.53445679
0.54240149
0.5065496
0.58651531
0.66723925
0.64009118
0.67587638
0.65264171
0.63138294
0.57036799
0.63265109
0.61814106
0.61170304
0.63348138
0.63070267
0.60274464
0.60725391
0.64662498
0.53466362
0.56810129
0.53546864
""
0.52962977
0.55040979
0.57585388
0.59509099
0.53210491
0.52343297
0.50203216
0.51707971
0.55351043
0.55333865
0.58151859
0.5081948
0.4567627
0.4970375
0.51673001
0.50960344
0.59282643
0.50715715
0.56855136
0.59874159
0.60534173
0.64630675
0.50328672
0.58219254
0.48617962
0.64306802
0.56665915
0.67051536
0.6173768
0.58602226
0.67527324
0.65986395
0.62987745
0.60137844
0.53871042
0.57001996
""
0.61169767
0.61354709
0.62958097
0.60389245
0.58747137
0.37422103
0.58491921
0.48917827
0.58009374
0.50207955
0.53795671
0.53433967
0.59805131
0.35901341
0.50035208
0.4442828
0.42931336
0.59675688
0.58305866
0.61081642
0.59566128
0.54961306
0.53682041
0.55048609
0.58208483
0.55765438
0.55152416
0.58467126
0.5722186
0.52484453
0.51240969
0.56207401
0.57456273
0.53529584
0.55396807
0.60181928
0.65749508
0.61867595
0.5843159
0.54365116
0.50365198
0.58195943
0.56578785
0.55405408
0.5403927
0.50930649
0.5347544
0.55649531
0.59011251
0.49327981
0.4697215
0.56819439
0.52431607
0.51194203
0.51026237
0.53613794
0.60057425
0.44193286
0.50562638
0.52450359
0.41393119
0.42917249
0.50358123
0.50778967
0.46868399
0.52720094
0.5299015
0.55958742
0.58528489
0.52327311
0.60303557
0.55933851
0.62688023
0.58416963
0.53664654
0.49461985
0.59412676
0.67853791
0.6291877
0.57449895
0.55175811
0.50986356
0.52610272
0.53650934
0.50135577
0.55992573
0.54424441
0.61120236
0.5365994
0.65037352
0.61819899
0.59846175
0.57371682
0.57993662
0.60365236
0.59820139
0.61500549
0.54732543
0.55062962
0.57134837
0.6220026
0.5776453
0.58296472
0.560965
0.53358352
0.50291437
0.57140189
0.58393735
0.55742121
0.59038997
0.53088987
0.4878231
0.46252874
0.51499838
0.51460725
0.57392585
0.57296896
0.5425393
0.49357149
0.55528188
0.58156937
0.60869575
0.61726552
0.56728721
""
0.49332246
0.53850329
0.54828852
0.49714118
0.56548578
0.59202552
0.60257834
0.52381438
0.54601109
0.50708592
0.51881939
0.5410673
0.53292692
0.44723201
0.50055403
0.55465907
0.56532758
0.55391401
0.53362036
0.47328523
0.5797146
0.46305126
0.57105106
0.50598192
0.50016725
0.50727665
0.55612057
0.45801839
0.57435584
0.49935329
0.53639728
0.54996866
0.54915398
0.51835316
0.56496263
0.5579744
0.55390131
0.58868265
0.55704254
0.56709689
0.5493933
0.52450579
0.56020051
0.55460817
0.47801489
0.55707192
0.5947144
0.57534379
0.56370378
0.57218021
0.61464494
0.50113845
0.50166887
0.55814856
0.53999084
0.5409593
0.51955432
0.51637715
0.59077758
0.48670313
0.48809329
0.50641811
0.46968612
0.43104947
0.46324071
0.57104695
0.51770604
0.52166921
0.53060943
0.54640782
0.46273699
0.53329694
0.60856664
0.59069717
0.5517844
0.5258078
0.54814935
0.5712595
0.5910207
0.58016956
0.56219339
0.53788483
0.50788862
0.52444375
0.47560346
0.53462845
0.48451674
0.53909659
0.50550491
0.54713023
0.49249718
0.55186409
0.5744561
0.55792654
0.56115919
0.50415397
0.56015402
0.51111782
0.55678034
0.56152576
0.54448551
0.60210669
0.57613176
0.57596672
0.55750382
0.53969657
0.6027469
0.5504393
0.491079
0.52040809
0.52779752
0.51194853
0.56029528
0.58937728
0.51917279
0.53089774
0.5478406
0.55140895
0.48867923
0.51606208
0.50496858
0.44793016
0.48174983
0.50529873
0.50502914
0.5371353
0.56812632
0.58979213
0.46537116
0.50912601
0.56273758
0.59187794
0.61134106
0.5626229
0.53262746
0.55020422
""
0.51228356
""
0.57887518
0.51919562
0.52538979
0.59099764
0.53164768
0.52025872
0.49822661
0.52155453
0.55061942
0.52964222
0.4719438
0.53052592
0.46637926
0.55267769
0.51156926
0.5754146
0.51897097
0.42335099
0.52605712
0.49715263
0.52754593
0.53258061
0.51379043
0.48520494
0.53606808
0.55425054
0.50110418
0.57993853
0.54940212
0.54657817
0.52952522
0.55343813
0.5002017
0.52701873
0.52707803
0.49153808
0.52077985
0.47699884
0.4453283
0.56025708
0.51557678
0.49059317
0.49092403
0.60621578
0.51040667
0.43849662
0.49514574
0.40774649
0.48669171
0.51399899
0.44220653
0.48239335
0.59592128
0.53900957
0.57817405
0.62080395
0.53657603
0.5294987
0.57543391
0.51405072
0.56336695
0.4959234
0.55256498
0.55023819
0.55889112
0.57098639
0.62575769
0.53259099
0.56562591
0.63059807
0.55984777
0.57534075
0.59869766
0.55973738
0.58147347
0.55349398
0.55799371
0.57658494
0.57634515
0.58879876
0.58463079
0.53726274
0.57906902
0.58440965
0.57698452
0.58144987
0.59851867
0.6119073
0.61640626
0.58592707
0.61582893
0.57115704
0.60264224
0.517142
0.5348326
0.53848231
0.49578273
0.54484296
0.50515538
0.4343324
0.49396908
0.5761869
0.60859019
0.53654069
0.61168402
0.61277485
0.50754368
0.49228507
0.54601347
0.53935707
0.55640084
0.53718692
0.56880307
0.61138886
0.54451078
0.65913939
0.60274011
0.63268512
0.68535453
0.70955682
0.62471032
0.66330004
0.70016909
0.64579368
0.63001591
0.68620461
0.666839
0.6440109
0.60155475
0.6688897
0.68647224
0.67095166
0.67566365
0.65450174
0.59397745
0.50575149
0.54820812
0.56676584
0.62643057
0.61949843
0.68568319
0.59941071
0.64797395
0.64774233
0.60449904
0.57284456
0.51766801
0.58890098
0.54215503
0.57149059
0.54538363
0.63650888
0.61849105
0.46106628
0.58844751
0.69684464
0.6240533
0.65463001
0.65020978
0.64597118
0.6151284
0.71236306
0.64451998
0.63071179
0.65747643
0.66436177
0.67203593
0.62921929
0.68001002
0.6408655
0.63608098
0.654419
0.57557571
0.62646669
0.5901019
0.59710038
0.5975771
0.56740111
0.60387743
0.58197439
0.60256487
0.63325089
0.64203697
0.47797996
0.61281306
0.62252021
0.60019326
0.59378105
0.57235014
""
0.61330479
0.56612945
0.56244665
0.5735085
0.58009756
0.6378383
0.60832548
0.60712487
0.67198735
0.53017932
0.53202337
0.5951578
0.60881573
0.55160362
0.60325384
0.67838466
0.61896461
0.53785115
0.60876817
0.52885556
0.56148285
0.54891765
0.57577145
0.62239772
0.64664727
0.5765081
0.60512125
0.7000491
""
0.67114282
0.63912529
0.66583377
0.72580129
0.58386469
0.61046451
0.6863271
0.65084469
0.59342307
0.62030149
0.59221911
""
0.5855273
0.60230434
0.52534163
0.64565063
0.67628264
0.68110001
0.61296511
0.59434718
0.60429889
0.61575967
0.61781335
0.68707287
0.45984209
""
""
0.60773885
0.47108215
""
""
0.39628354
0.40297386
0.48958954
0.62522662
0.56468487
0.64917433
0.65339875
0.69556147
0.59016067
0.68046278
0.61176503
0.63093019
0.505144
""
0.64525324
0.63796616
0.598028
0.62814635
0.6574223
0.61591613
0.68680179
0.58465463
0.69924843
0.75585055
0.72251594
0.65213889
0.59578133
0.62005669
0.50257581
0.69013846
0.58434373
0.60008818
0.62994295
0.57065523
0.69019341
0.62087423
0.72417754
0.67976665
0.65280306
0.63996929
0.61754233
0.6563977
0.6285494
0.70729887
0.75772542
0.74977177
0.55703247
0.68811184
0.56995356
0.67922282
0.59624946
0.5845632
0.65965229
0.65901512
0.67598468
0.64639181
0.68709123
0.66162449
0.61664379
0.66142511
0.68581128
0.68730134
0.68963784
0.6818741
0.70355088
0.61821562
0.65636551
0.60610133
0.66115671
0.66152632
0.67320502
0.65332907
0.69024879
0.61228138
0.66223443
0.64468962
0.64646858
0.54682302
0.62273943
0.51814383
0.51716238
0.56073689
0.50115067
0.5539453
0.63950276
0.58099395
0.57447404
0.62849641
0.565207
0.57677227
0.50535148
0.50590098
0.56626064
0.5452081
0.49479145
0.54204792
0.57666451
0.51770169
0.5082196
0.6361559
0.65917748
0.59205925
0.61199117
0.51035857
0.61942267
0.60465461
0.51330119
0.62877613
0.67841113
0.64575011
0.57706946
0.5543974
0.63202673
0.63556206
0.58320725
0.62705469
0.58349293
0.5476889
0.57065648
0.59863621
0.55554521
0.53653324
0.54611778
0.50212997
0.52813709
0.59768689
0.57639992
0.63485581
0.63031816
0.56692874
0.45449364
0.52423102
0.52904087
0.56784093
0.59494621
0.60300601
0.59312975
0.55875301
0.5851956
0.56942374
0.51232529
0.60058922
0.51139671
0.56397712
0.55047375
0.65936685
0.61060488
0.60027194
0.69094092
0.64858115
0.70925283
0.61446661
0.58809167
0.56807595
""
0.71836174
0.61341661
0.67680621
0.59508836
0.65138108
0.65659726
0.58484823
0.63903666
0.73941422
0.68636632
0.57871479
0.65560389
0.56473809
0.69339079
0.66251123
0.62553507
0.61836225
0.59428102
0.56678587
0.6452139
0.49314427
0.64871967
0.58524162
""
0.64447039
""
0.70325041
0.63643062
0.71184814
0.65424848
0.63624644
0.63209528
0.66571587
0.65288478
0.66975534
0.65646178
0.60401601
0.70268559
0.59792125
0.61021674
0.55200803
0.63868117
0.52455139
0.55544019
0.48217696
0.55389446
0.50497657
0.57911247
0.56830484
0.49249685
0.54649341
0.51639766
0.53282648
0.56660742
0.57658374
0.65278155
0.60451293
0.61493993
0.64468986
0.65417492
0.72054261
0.64967692
0.6664536
0.66768199
0.69177377
0.61011684
0.63950437
0.63945544
0.6236437
0.63867193
0.65701264
0.61294085
0.60513258
0.6468426
0.64290839
0.60160899
0.58777279
0.63762677
0.61218518
0.57576936
0.66267806
0.67248005
0.67878801
0.59222746
0.60714775
0.65973425
0.65814978
0.67327178
0.67948097
0.64017773
0.64807194
0.60537857
0.58870941
0.46865785
0.56166214
0.56260854
0.55029696
0.55418068
0.58922356
0.5770703
0.59798825
0.54081398
0.59715265
0.55366999
0.49910715
0.52919066
0.58004999
0.56638557
0.5826146
0.60096818
0.62254566
0.56518817
0.52796721
0.60143375
0.60200351
0.63951254
0.67284745
0.65711373
0.61898124
0.64696324
0.62195492
0.63541174
0.57655478
0.69957948
0.67571604
0.67394328
0.63801736
0.64655316
0.63200891
0.61218005
0.63893527
0.62453008
0.71775222
0.66406447
0.69020545
0.64017504
0.6631546
0.68958986
0.667687
0.64452773
0.59341961
0.54272771
0.54785901
0.54257554
0.49943465
0.49973965
0.61173159
0.53173041
0.50118852
0.69032294
0.46574038
0.47470775
0.45858705
0.53609008
0.56677103
0.5526067
0.62999833
0.61578739
0.66649836
0.5929445
0.60681522
0.63015783
0.62631977
0.75286245
0.64578211
0.52645886
0.64175898
0.66671199
0.67212236
0.64779907
0.65311509
0.57364988
0.59863573
0.66365141
0.60448271
0.63549703
0.64772743
0.69889492
0.66128111
0.69946665
0.67410249
0.67126346
0.69117326
0.64300418
0.60144764
0.65965927
0.66533923
0.5356375
0.63486582
0.58759123
0.6414367
0.64107013
0.69412738
0.66434038
0.63797295
0.62341374
0.61678106
0.65946132
0.5788992
0.56272388
0.60016251
0.58642983
0.5919627
0.61874664
0.63324547
0.57637656
0.65184057
0.57531571
0.59176373
0.62002653
0.54810357
0.5491575
0.63132298
0.56584752
0.6007359
0.54262805
0.51813859
0.68072212
0.65489608
0.63516331
0.53809673
0.6649676
0.588866
0.62336057
0.63360268
0.57558018
0.57530314
0.56694067
0.58350146
0.60001391
0.59429526
0.57744288
0.58232516
0.5200991
0.62893599
0.67833477
0.57983875
0.54324037
0.65813327
0.5495531
0.52730346
0.58189881
0.64850718
0.72385484
0.6516391
0.63512379
0.66672546
0.65090859
0.66309166
0.66684389
0.6527971
0.62805706
0.66630137
0.71324176
0.64606202
0.62399471
0.61792421
0.67152989
0.62405777
0.55796748
0.6441949
0.6509847
0.61867458
0.64992702
0.667229
0.65299875
0.58313459
0.59090161
0.56767392
0.47904915
0.56784618
0.5331139
0.6397835
0.54248345
0.62303269
0.7027601
0.65957892
0.5859704
0.67402047
0.64369249
0.43217871
0.57501906
0.69592494
0.71177375
0.67597198
0.67279208
0.71268481
0.73318982
0.70304477
0.69024169
0.60981548
0.66552848
0.63877738
0.64694971
0.64352
0.67482173
0.70357913
0.65471333
0.70550287
0.70820761
0.67487144
0.65685409
0.63186592
0.61942142
0.6602636
0.67513144
0.69863695
0.75597119
0.67534566
0.69153666
0.68330616
0.66086322
0.66013741
0.61463684
0.66092038
0.69750595
0.68067437
0.65231967
0.62494248
0.51745486
0.67577273
0.71828765
0.68304622
0.68098921
0.60135674
0.62413341
0.61203521
0.60030556
0.57125747
0.65915513
0.62163717
0.6382795
0.57609588
0.52130234
0.68713582
0.65359282
0.65169197
0.58935595
0.58886898
0.71902996
0.696558
0.61650532
0.64748377
0.67567581
0.59603995
0.63153392
0.60804749
0.63178462
0.69970745
0.66720217
0.60099345
0.64511132
0.70959425
0.65902394
0.69126678
0.67674243
0.6247611
0.59099549
0.64493012
0.62015051
0.72746992
0.72081298
0.52106559
0.60890186
0.57634491
0.64442408
0.53644639
0.68320829
0.63664538
0.65133071
0.60491329
0.56147349
0.7119993
0.5162307
0.63560194
0.59082419
0.56669253
0.68522024
0.64041412
0.57518476
0.61057132
0.58596069
0.56114084
0.59660739
0.59904265
0.62954527
0.62001473
0.69391161
0.67459053
0.68912691
0.70594531
0.69419348
0.67891335
0.48598674
0.65286565
0.60892737
0.58127743
0.69028878
0.6148389
0.48062515
0.68778968
0.58906591
0.62483847
0.66450769
0.70516086
0.64177018
0.6833787
0.66530311
0.73548865
0.63367945
0.62871283
0.56269938
0.61910707
0.69719189
0.65218759
0.74549472
0.66436273
0.67842978
0.6449641
0.71373725
0.65205413
0.60529524
0.53562975
0.70043576
0.72552109
0.67849058
0.72691864
0.65664327
0.75165933
0.66354012
0.7176469
0.6662066
0.66056913
0.67252022
0.67942649
0.69393647
0.70987105
0.66375005
0.65682572
0.71619892
0.65805066
0.66443777
0.69284171
0.58249301
0.70184076
0.63693744
""
0.46671015
0.60618722
0.68532807
0.67899239
0.65412861
0.67630315
0.55731189
0.63467282
""
0.59686434
0.64607275
0.50204128
0.57457924
0.51608926
0.59481621
0.53384036
0.50225192
0.55129784
0.64147013
0.59893709
0.54363263
0.59374565
0.68001747
0.59811956
0.58046925
0.57410443
0.62947851
0.62131399
0.6152513
0.61241084
0.70100212
0.65170622
0.63632792
0.67692101
0.68794167
0.6524139
0.61291957
0.54438269
0.61613548
0.64459515
0.49240676
0.61585373
0.6397717
0.56012511
""
""
0.62915587
0.67217392
0.60186273
0.61414844
0.63198161
0.64263958
0.5772115
0.59686893
0.52745104
0.56793118
0.61546594
0.56275982
0.59089375
0.64957744
0.57212859
0.62196344
0.62296444
0.57501143
0.65490037
0.63169992
0.65169173
0.5899362
""
0.63781756
0.65441597
0.64865673
0.59333062
0.597121
0.64613253
0.4573856
0.62555027
0.71533722
0.56300509
0.598647
0.65478092
0.65485269
0.69595331
0.62976515
0.65303165
0.64081365
0.68913108
0.47793695
0.66622144
0.67203534
0.66241884
0.68550885
0.60481435
0.7015028
0.68339515
0.72518921
0.70760041
0.72458637
0.7104792
0.70399749
0.53451908
0.70722932
0.58530271
0.56372166
0.56286079
0.67854458
0.55553538
0.54068047
0.64812469
0.68146956
0.67723042
0.57798213
0.62268561
0.56985199
0.73466522
0.59246796
0.54699653
0.66069251
0.68213189
0.66005933
0.66323775
0.60416907
0.64717233
0.6543135
0.67398477
0.57460421
0.66769505
0.66023248
0.64172268
0.7460531
0.66131616
0.64930952
0.62350827
""
0.66080493
0.66649902
0.67035341
0.75940186
0.73217076
""
0.65391397
""
0.69946736
0.64143789
0.43662271
""
0.62406552
0.58059502
0.64056718
0.53051347
0.70031625
0.6568113
0.62512028
0.58929139
0.59180254
0.6670236
0.63272023
0.61494094
0.61855757
0.73859751
0.58865833
0.58826715
0.56798905
0.50703984
0.55211508
0.54490072
0.55378985
0.68836761
0.60059506
0.61806971
0.66803545
0.51808113
0.66347033
0.62172288
0.5680266
0.60364038
0.5281955
0.5756107
0.53330463
0.64725882
""
0.58018678
0.6389938
""
0.60533977
0.64370286
0.51399696
""
0.41732389
0.47843358
""
""
0.50668365
0.61400658
""
""
""
""
""
""
0.61468226
0.66136098
0.55618751
0.55543649
""
""
0.41619769
""
0.57901382
""
""
""
0.55602705
0.63507175
""
0.53774238
""
""
""
""
""
""
""
""
""
""
""
""
""
""
""
""
""
""
""
""
""
""
""
""
""
0.6091603
0.50756061
0.60684699
""
""
""
""
""
""
""
""
""
0.66994375
0.6172744
0.66860837
0.62601334
0.67351133
0.52101398
0.61059886
0.59092271
0.43511403
0.5102585
0.61154169
""
0.46107772
0.62212133
0.52958637
0.6826455
0.5839873
0.49895617
0.52753651
0.51829499
""
""
""
0.43013734
0.68101734
""
""
0.48340744
""
""
""
0.63210779
""
0.72371656
""
""
""
0.57742131
0.57327151
0.60152662
0.56315482
0.42282227
0.67387402
0.57214171
0.64098018
0.6065262
0.69721287
0.58576709
0.6024819
0.61358833
0.50330848
0.57264322
0.56061834
0.65488821
0.56979203
0.61177349
0.60280234
""
0.59335434
0.71113336
0.69808656
0.57868332
0.60299301
0.63835096
0.64552027
0.62356067
0.68265134
0.53286254
0.56521642
0.61825418
0.58550614
0.56804961
0.63584757
0.59158677
0.61260998
0.62467885
0.68072152
0.59539568
0.6297304
0.65463281
0.65101457
0.62927717
0.61098421
0.65217668
0.58463115
0.66301769
0.64708048
0.54400903
0.61441433
0.58128214
0.58470798
0.56221706
0.60670805
0.63110536
0.59567714
0.53381622
0.49074081
0.48396847
0.50961006
0.55042601
0.58383876
""
0.63775653
0.67111737
0.60135281
0.56079078
0.58341253
0.57749748
0.59482652
0.6173076
0.47186908
0.56493455
0.60369998
0.59477782
0.5156101
0.43827754
0.44115046
0.48303938
0.50060582
0.49912959
0.44889763
0.50221032
0.46013615
0.57001323
0.60705572
0.57609886
0.62405401
0.63464564
0.57495981
0.58800846
0.58009863
0.56924671
0.58998471
0.57420135
0.59074479
""
0.59354204
0.62462425
0.6077376
0.59609216
0.60127282
0.62846953
0.59263951
0.63323432
0.47412589
0.56896591
""
0.53347468
0.43492341
0.54772711
0.64202261
0.39241081
0.59875923
0.5990032
0.55783981
0.50898552
0.56074607
0.52270025
0.64364773
0.5676074
0.58568329
0.50505269
0.57039261
0.57940519
0.58729404
0.57669145
0.59676278
0.54666919
0.56541586
0.57525688
0.56744558
0.56397945
0.53767294
0.64407635
0.41502926
0.58590317
0.59008878
0.58728617
0.5404852
0.54144931
0.41727641
0.56434458
0.53552067
0.41072553
0.50793338
0.67620534
""
0.59714216
0.53950584
""
0.44361177
0.44564983
0.36122718
""
0.59772593
0.2847518
""
""
0.56799418
""
""
""
""
""
""
""
""
""
""
0.6295653
0.45076868
""
""
""
""
""
""
""
""
""
""
0.51990449
0.62313092
""
0.53820962
""
""
""
""
0.37379742
""
""
""
""
0.50397986
0.50277376
0.53062189
0.52335978
""
0.4120979
0.68956852
""
""
""
""
""
""
""
""
""
""
""
""
""
""
""
""
""
""
""
""
""
""
""
""
""
""
""
""
""
""
0.46655113
""
0.4633272
0.37868544
""
""
0.41309854
""
0.40250242
0.46074554
""
""
0.55484247
0.40683514
0.42501137
0.70017004
0.33482555
0.49293208
0.43284109
0.55871499
0.60821247
0.4240714
0.50449961
0.61630225
0.61502153
0.58665669
""
""
0.49362937
0.499102
""
0.3547655
0.54717875
0.47078022
0.46483946
0.47561395
""
0.52275264
0.54295576
0.55827379
0.54004574
0.41846767
0.54786634
0.51812297
0.49463099
0.49496463
""
""
0.46389905
0.56126517
0.40668768
0.50554478
0.50943631
0.48198238
0.47885337
0.53525597
0.54907918
0.63183951
0.53248388
0.59548599
0.57742471
0.59719157
0.57582247
0.59088761
0.63135332
0.6152637
0.56881696
""
0.60163939
0.613258
0.58594739
0.56348479
0.49147108
0.55416125
0.52360666
""
""
""
""
""
0.61275977
0.65657312
0.65066344
0.63041961
0.63979298
0.64475501
""
""
""
""
""
0.41174203
0.5268985
0.52550083
0.58857828
0.37429759
0.46947214
""
""
""
0.52292889
""
0.54634577
""
0.66011757
""
""
0.50610262
0.51894319
""
0.57469821
0.60709375
0.56676656
0.53666055
0.5816831
0.50925112
0.56496757
0.58295947
0.57380486
0.61385083
0.61485022
0.62972093
0.56441909
0.60761511
0.474713
0.57394207
0.59173423
0.5689131
0.58676457
0.5503521
0.54156357
0.50922787
0.69270086
0.49346662
0.52947164
0.49982822
0.63618374
0.58954525
0.58861142
0.60557133
0.57895511
0.61322683
0.64588326
0.61805761
0.61185557
0.57885474
0.54888606
0.59048051
0.63713557
0.56030858
0.58083755
0.58487302
0.56190109
0.56232309
0.55002326
0.57622004
0.63631409
0.65598756
0.56656092
0.55670774
0.56523597
0.57449579
0.46826333
0.51234937
0.46064717
0.5294264
0.5438785
0.62454396
0.49918255
0.57042307
0.64898759
0.55632389
0.56732869
0.63280535
0.61452365
0.56154543
0.572586
0.60317999
0.61860228
0.53333974
0.53256941
0.54636633
0.51388139
0.56505209
0.56110173
0.58424461
0.56234848
0.55360234
0.57897961
0.58828253
0.56603819
0.55983531
0.53605986
0.59766078
0.56874675
0.56160665
0.46381152
0.53840113
0.49811792
0.59694421
0.57566369
0.51050597
0.62447602
0.63192791
0.66607606
0.67529529
0.59530431
0.66134143
0.66136533
0.63892949
0.62014341
0.64893764
0.65803725
0.60350996
0.6665324
0.63703227
0.58115327
0.59766287
0.64403933
0.53682923
0.59291339
0.51790023
0.58799702
0.5954048
0.55511892
0.58261049
0.55645329
0.57832199
0.5741297
0.62178397
0.61078715
0.57346088
0.58063465
0.65927297
0.64829004
0.66761142
0.57571715
0.62443876
0.60702413
0.53091091
0.60414445
0.55598724
0.6485976
0.61308289
0.628757
0.61611724
0.61537296
0.58614975
0.57231337
0.51226151
0.54125667
0.55224717
0.53896505
0.52770847
0.58834678
0.56542635
0.4887498
0.3792111
0.45992708
0.50149924
0.57182616
0.4886637
0.54534394
0.56503338
0.58384776
0.48903054
0.46711472
0.45952424
0.54660177
0.51101452
0.69538903
0.58971596
0.58417332
0.62231308
0.61583149
0.59085798
0.57550675
0.65139824
0.62855828
0.60362178
0.5985983
0.56313902
0.59106493
0.56361467
0.59166127
0.6730985
0.55159396
0.56615114
0.52515805
0.52230459
0.47943416
0.52270699
0.51930606
0.60685521
0.5668695
0.49666137
0.44581789
0.48581666
0.51843667
0.53920919
0.53159094
0.49432123
0.56424695
0.42961296
0.62357825
0.59677941
0.57923698
0.58091199
0.51264501
0.53788924
0.46408862
0.46288201
0.59736425
0.61723304
0.6390031
0.61341131
0.65199482
0.64522892
0.61829638
0.59365338
0.55344743
0.59563321
0.56930667
0.59362054
0.60307068
0.60442042
0.66252273
0.58764815
0.54936904
0.53443128
0.54219836
0.60113603
0.60777533
0.62420589
0.64550322
0.66797817
0.64413941
0.62998027
0.63580489
0.60756612
0.61993432
0.56610417
0.51421666
0.59222549
0.58982235
0.625525
0.5809707
0.64288533
0.6330865
0.53458649
0.63711399
0.62220299
0.57134855
0.58743787
0.64251387
0.53529894
0.55780238
0.44144249
0.49670753
0.49319819
0.49725583
0.56673896
0.58311522
0.51907092
0.53380227
0.45480019
0.50935322
0.61817503
0.51751912
0.52391893
0.60956973
0.59845823
0.60863006
0.62437016
0.61014414
0.66395479
0.69918984
0.65559536
0.63236207
0.6596334
0.61226714
0.62582898
0.64374942
0.58627135
0.58872116
0.56868285
0.64413214
0.62419134
0.69411749
0.59150016
0.6441099
0.59506512
0.6650492
0.66644371
0.67251313
0.65288168
0.68928933
0.65196168
0.65357155
0.6307739
0.52917165
0.53828818
0.61218572
0.68027264
0.61485702
0.61216766
0.55901939
0.60932356
0.63280976
0.57274038
0.53608125
0.52357233
0.59590858
0.64614546
0.61043656
0.61655205
0.61885142
0.58222961
0.63764763
0.64863187
""
0.58357817
0.50887191
0.48122245
0.57221055
0.53198099
0.53055155
0.57173121
""
""
""
""
0.55324328
0.51741928
0.56063342
0.59067708
0.56070012
0.61511415
0.59248608
0.67035121
0.60979837
0.65712404
0.59211242
0.61354768
0.61423063
0.66217327
0.64167994
0.65065271
0.69140714
0.61482292
0.63591456
0.61005914
0.67505014
0.67732114
0.67452395
0.66150552
0.63718641
0.67703468
0.65031886
0.66476321
0.6854856
0.63308972
0.49428669
0.59170616
0.62122977
0.63676453
0.61468077
0.63551694
0.61024165
0.57267344
0.59245551
0.51900935
0.57918495
0.54707032
0.60284448
0.60007793
0.58849221
0.68129742
0.66002625
0.6281808
0.60441464
0.60587454
0.56485713
0.6036554
0.6213035
0.54808486
0.5599224
0.65413797
0.61583412
0.53631914
0.55049372
0.60705847
0.6170072
0.53465766
0.59535688
0.59774506
0.53794795
0.55511421
0.51920676
0.54972166
0.54717708
0.56961155
0.63711655
0.59394068
0.56232655
0.55497968
0.58340245
0.53131372
0.51226932
0.5983882
0.5875057
0.54442477
0.49906152
0.62092906
0.48367411
0.58641309
0.57475036
0.59820902
""
""
""
0.53146046
""
0.50179893
""
0.51189196
0.54512089
0.52999407
0.57544219
0.54620439
0.47720101
0.53075916
0.54609394
0.56055361
0.63553673
0.5856269
0.52677166
0.53854084
0.46035558
0.52708304
0.46848145
0.58980352
0.497381
0.51277941
0.58111095
0.57805455
0.57415473
0.63622195
0.57764024
0.558366
0.61892194
0.57055426
0.61778826
0.64807874
0.59213746
0.55611587
0.64666349
0.57959294
0.59056455
0.51719201
0.61288673
0.62708247
0.53373373
0.60367793
0.5995937
0.63794345
0.61557961
0.50103009
""
0.6357215
0.53309858
0.57210833
0.62602729
0.58673596
0.59442604
0.62710041
0.45932075
0.57448274
0.56417263
0.57205504
0.50693911
0.68720144
0.62578404
0.63103104
0.60883754
0.66719031
0.56344342
0.51612979
0.62154818
0.63303548
0.63418365
""
0.58743221
0.59005272
0.64054352
0.66667128
0.62000549
0.61917514
0.58350259
0.60665631
0.56128001
0.64417559
0.67248499
0.68660986
0.64279604
0.6272561
0.65927154
0.57908279
0.63394862
0.67476803
0.61194903
0.60397643
0.58600211
0.61463374
0.58813065
0.54163969
0.63889825
0.59048182
0.61776388
0.59463525
""
0.60908341
""
0.60225779
0.59496486
""
0.59821445
0.6141094
0.62760073
""
0.6021452
0.62165785
0.66042793
0.61582583
0.55571657
0.62565118
0.61756688
0.58757126
0.53000808
""
0.55684698
0.58551377
0.62941223
0.54921252
0.63488519
0.56291312
0.65134895
0.58495343
0.54117709
0.56755662
0.62719107
0.60476154
0.64917636
0.51670921
0.59992105
0.54350495
0.52532572
0.62245029
0.62950873
0.6320172
0.61547685
0.50122356
0.47539777
0.58669341
0.61872321
0.59119987
0.59541267
0.57061344
0.49850023
0.54851556
0.62845701
0.52192348
0.57861584
0.60559708
0.51857781
0.67662418
0.65189838
0.64758903
0.63907081
0.61653841
0.60088909
0.62640584
0.65534461
0.65083557
0.66558444
0.63464051
0.59377754
0.65221506
0.64457065
0.63860738
0.66473699
0.65661603
0.63707125
0.67037243
0.63139999
0.61396998
0.60666692
0.67158097
0.69814479
0.665842
0.68459576
0.69775802
0.63093656
0.59280008
0.62792319
0.65416586
0.65218329
0.69961923
0.6952545
0.66149187
0.64707762
0.68201458
0.63466084
0.60955828
0.58948588
0.608383
0.56961292
0.66162819
0.65208703
0.63668716
0.58834136
0.64089298
0.67466754
0.62027645
0.63240606
0.60105467
0.58439016
0.66294479
0.59814203
0.60152632
0.64379346
0.67217559
0.7034272
0.66271442
0.64200771
0.65065497
0.62836307
0.64245594
0.69688207
0.68719983
0.65310687
0.6828267
0.62854767
0.67556572
0.54687572
0.65101719
0.68124622
0.63991672
0.68387377
0.70584768
0.63282925
0.70271713
0.6798771
0.64855015
0.62947303
0.60791415
0.67995787
0.64718407
0.65883118
0.65107572
0.64010721
0.61464477
0.65229905
0.66151941
0.70810318
0.67703527
0.69387305
0.61072224
0.67224878
0.61047542
0.64700472
0.68543911
0.68502593
0.64492822
0.6696189
0.62658948
0.62479681
0.64133823
0.61556602
0.61283934
0.5756011
0.55100334
0.60358679
0.51058078
0.68086529
0.64676422
0.64162976
0.57287741
0.5295372
0.58959645
0.61594725
0.5586496
0.63020456
0.59379363
0.60077035
0.62164825
0.64359075
0.55440933
0.60745865
0.61799115
0.58452511
0.57992059
0.55581349
0.60203683
0.57766926
0.57624674
0.57581204
0.53935838
0.61837733
0.7088173
0.66615808
0.59296757
0.59420216
0.56864911
0.58671546
0.64230919
0.46759254
0.55381334
0.593153
0.56846088
0.5647527
0.56858945
""
0.55398327
0.70676422
0.53925198
0.487719
0.49435481
0.63989645
0.54075873
0.59504569
0.55579829
0.51429456
""
""
0.52476001
0.69768816
0.60452765
0.60933012
0.62184232
0.5893811
0.55677205
""
0.54216456
0.57054818
0.57794547
0.55809873
0.59477836
0.68269718
0.59249258
0.50197291
0.71858609
0.56410998
0.65007615
0.5891754
0.56351656
0.66160321
0.61512661
0.60931015
0.61527234
0.5787645
0.68275481
0.69443756
0.65555477
0.7109158
0.59409338
0.62380677
0.51206368
0.61056274
0.66594815
0.68411237
0.6586107
0.64297807
0.69328493
0.66457802
0.65343457
0.66296673
0.70019591
0.61754984
0.66500962
0.64543593
0.66790909
0.67576736
0.65972239
0.65943861
0.6863066
0.65646225
0.70154893
0.70055252
0.61334336
0.63923538
0.68643194
0.6144942
0.66191423
0.60373294
0.70699751
0.62303704
0.68085831
0.68682885
0.67011529
0.62083477
0.62486553
0.60527581
0.65819061
0.47861671
0.59336662
0.56268919
0.6255964
0.6358788
0.60685527
""
0.68117642
0.60308307
0.68794447
0.60767144
0.67193437
0.61690176
0.60579723
0.59837896
0.67531115
0.65821081
0.65211779
0.65352243
0.67124015
0.65567231
0.62500238
0.70541245
0.70498717
0.60329497
0.62738812
0.64769441
0.66912323
0.60449052
0.63619727
0.62061882
0.73540151
0.66614574
0.63749146
0.62371176
0.68227297
0.64325464
0.58564264
0.61462986
0.58062279
0.57777429
0.56050396
0.62928993
0.57879806
0.53165275
0.55990523
0.68342924
0.6734615
0.65398073
0.69124728
0.70505309
0.69014412
0.70963651
0.67430198
0.61278522
0.66985041
0.65265048
0.6913445
0.62059075
0.68717694
0.62051308
0.58989227
0.42327484
0.6454891
0.6275084
0.5923605
0.56325763
0.72446555
0.65132284
0.57278591
0.60254347
0.65830141
0.6022386
0.54128438
0.55730182
0.64269054
0.58395946
0.51600158
0.62547773
0.7358309
0.65093899
0.5978421
0.62580901
0.68329579
0.6685546
0.67457098
0.70096141
0.68844157
0.68006045
0.66953856
0.60494494
0.7594294
0.62526786
0.67862707
0.68379229
0.67893344
0.67790824
0.68861091
0.73187715
0.64753675
0.69085449
0.62003058
0.66123807
0.66152453
0.65100193
0.60515231
0.6636107
0.66940951
0.6494664
0.66612512
0.65991521
0.64200723
0.74091548
0.69234037
0.68127155
0.60709023
0.71358734
0.70107436
0.61858767
0.61986536
0.68166608
0.69702631
0.61015719
0.63652015
0.64999962
0.700064
0.68202782
0.68421328
0.69950539
0.6937691
0.65789586
0.6839655
0.63821745
0.62920856
0.66756845
0.58422792
0.68307912
0.60012913
0.65502864
0.66072321
0.61017662
0.68658197
0.6428684
0.56048626
0.59214121
0.55106121
0.58640361
0.6951943
0.59340894
0.75438368
0.59968692
0.67498189
0.70075589
0.68186909
0.66850245
0.59797716
0.63275039
0.69216341
0.66500854
0.66182417
0.6226936
0.54291862
0.63411468
0.60140973
0.62795758
0.59532446
0.61681741
0.68363297
0.64643937
0.66733521
0.62680769
0.63219357
0.57168907
0.57094067
0.69046628
0.59531718
0.60207695
0.64108855
0.62519813
0.6990211
0.6397934
0.6790337
0.61291915
0.64764273
0.65737396
0.67483073
0.597884
0.63518047
0.59771711
0.63177651
0.65266645
0.63944805
0.56695116
0.58339584
0.57397169
0.67395586
0.65870553
0.67173469
0.63093555
0.46061021
0.61595482
0.68133521
0.66799241
0.69656336
0.70707852
0.61758661
0.6154635
0.59560251
0.6925385
0.70683938
0.64441735
0.69165403
0.66778338
0.62117982
0.63826042
0.61580902
0.63391376
0.6604867
0.64844728
0.54949534
0.67298657
0.66586918
0.67327869
0.68131477
0.62732768
0.68391156
0.62116361
0.6194399
0.61644113
0.60998845
0.46292108
0.43673021
0.5966379
0.56257486
0.59933019
0.66990519
0.58298445
0.49404794
0.40415859
0.45367345
0.59600496
0.46489605
0.54539186
0.58265883
0.49404356
0.50789154
0.55174738
0.61670941
0.55584085
0.64342338
0.66709411
0.65181977
0.59229773
0.62839764
0.57927293
0.63136226
0.64397693
0.60957849
0.60153812
0.60085875
0.6295774
0.61559737
0.58749348
0.63031214
0.64777046
0.61416817
0.67237359
""
0.61868268
0.61014807
0.53415912
0.58073801
0.62166202
0.60386384
0.6534301
0.64115632
0.58312321
0.60134274
0.60062087
0.62734723
0.62718922
0.57917148
0.66015023
0.60737491
0.606112
0.58182186
0.58562601
0.55186862
0.63233161
0.59902418
0.53979832
0.56833589
0.54793817
0.55470645
0.55356395
0.61280704
0.58291447
0.59238344
0.67952514
0.56178832
0.68041176
0.65950352
0.63215125
0.55643952
0.63372439
0.56632739
""
0.58854783
0.58827102
0.53945118
0.65093416
""
0.42283922
0.46874815
""
""
0.68555611
""
""
""
""
""
""
""
""
0.63067889
0.66516632
0.61814976
0.65371299
0.65730035
0.6194483
0.65769088
""
""
0.71315747
""
""
0.65986061
0.46110618
0.75976038
0.58087677
0.54636711
0.58504343
0.52974808
0.61930668
0.511567
0.53774589
0.54657662
""
0.46087921
0.57308418
0.48714155
0.49658069
0.55225509
0.50783163
0.60182685
0.49624008
0.56456518
0.66619927
0.5776732
0.60943747
0.55772686
0.46247533
0.45198449
0.58550161
0.5005002
0.44462845
0.51358223
0.71861124
""
0.48533139
""
0.53230119
0.64768392
0.7118234
0.42347547
""
""
""
""
""
""
""
""
""
0.61013013
0.61012423
""
""
""
""
""
""
""
""
""
""
""
""
""
""
""
0.54530913
""
0.6826216
0.57287258
0.54263103
""
""
0.52314806
""
""
""
""
0.47690094
0.62518984
0.5789066
""
""
""
""
""
0.71348488
0.62608153
0.63015556
0.39693266
0.60393584
0.6196667
0.59604633
""
""
""
""
0.50416601
0.51697046
0.62661827
0.59233814
0.58919013
0.53656977
0.57225072
0.69863456
0.6496557
0.66003406
0.61482024
0.67551804
0.48739222
0.57114708
0.51206934
""
0.61040539
""
0.68177092
0.64333707
0.70893699
0.66671312
0.67130858
0.54042536
0.60633284
0.63077903
0.3799046
0.61194009
0.66586065
0.54146272
0.56151515
0.6003772
0.51323056
0.54915106
0.59146112
0.58125168
0.54760987
0.54756993
0.61265898
0.60137218
0.66183168
0.58757889
0.59020734
0.56308401
0.60128719
0.55495214
0.60427397
0.5983665
0.55883372
0.54326534
0.59245032
0.6613037
0.64022273
0.67037362
0.57571769
""
""
""
""
""
""
""
""
0.61702502
0.56368214
0.58079582
0.5323301
0.60213977
0.56550515
0.58854461
0.59499586
0.60877502
0.59724724
0.51813358
0.54326129
0.54345363
0.61153775
0.64054322
0.64282566
0.63271177
0.59279978
0.55490929
0.64507145
0.58236581
0.59096622
0.58730215
0.594091
0.5705505
0.60305697
0.57322949
0.58862156
0.53415048
0.56313574
0.52944177
0.55017942
0.57655209
0.65821368
0.63705671
0.63411641
0.62667042
0.67202157
0.62364674
0.57883918
0.62787533
0.61595511
0.63309854
0.66502047
0.72764814
0.63602859
0.64382613
0.58224922
0.58888185
0.57207656
0.55741709
0.58416218
0.54215223
0.68765366
0.66362804
0.61631632
0.63189489
0.68489468
0.62354088
0.66779256
0.6214844
0.62324101
0.58984673
0.60700411
0.63179713
0.51847875
0.69971859
0.646644
0.64100718
0.66351795
0.63320857
0.64290977
0.61852217
0.56828809
0.57665604
0.65496373
""
0.42879996
0.49674124
0.50381464
0.40170979
0.4985041
0.60601455
0.65101731
0.47475439
0.48825225
0.45431358
0.57486486
0.61829638
0.62820745
0.53539157
0.58485746
0.54183429
0.48017499
0.51501095
0.53113759
0.49342486
0.64014113
0.58479697
0.58805162
""
0.45423466
0.62092018
0.5906325
0.62231946
0.62209916
0.64437789
0.65452868
0.64213091
0.62232643
0.66833836
0.62359726
0.56903416
0.60750782
0.6057083
0.63093698
0.63171023
0.63802481
0.62067741
0.6107263
0.68000329
0.71339262
0.65837234
0.66237366
0.66549903
0.66261005
0.68628877
0.620094
0.69933993
0.65513158
0.63740033
0.64306551
0.67605013
0.63538539
0.61332917
0.63656706
0.67836779
0.66039205
0.61945087
0.58936608
0.61053997
0.61987281
0.61493421
0.61356664
0.65281516
0.64185798
0.66732842
0.67710435
0.60735404
0.6115275
0.61423296
0.59776926
0.56149441
0.47189716
0.57939494
0.59552729
0.62833732
0.57936293
0.65295917
0.56614989
0.5577808
0.52407086
0.54502523
0.62544894
0.61226881
0.62477028
0.5419938
0.57800305
0.55135936
0.72535145
0.60733998
0.64735806
0.49978989
0.51616305
0.5152269
0.46162194
0.4454318
0.50345552
0.48671028
0.61252409
0.61221933
0.59126347
0.59747642
0.60150754
0.54163426
0.57941937
0.52698624
0.49797735
0.53240907
0.57553297
0.57935023
0.55366743
0.49091569
0.54452038
0.52155924
0.54012644
0.52108467
0.54745388
0.55663115
0.53192216
0.60692632
0.54410207
0.61394125
0.61947358
0.55217642
0.53507686
0.51753008
0.46921781
0.51696271
0.59770799
0.57578427
0.54590547
0.50204831
0.55131358
0.50807261
0.52617013
0.46781105
0.53869337
0.54106599
0.46772057
0.53353637
0.49510205
0.51123738
0.51945591
0.55100632
0.5698874
0.51332796
0.51129919
0.56619221
0.58559638
0.51138222
0.5555411
0.52747005
0.51510084
0.52653879
0.5252465
0.53240097
0.59054798
0.49051127
0.4884586
0.55960745
0.46950436
0.4098767
0.5398894
0.48098007
0.49788213
0.53851879
0.58574164
0.57326639
0.5933066
0.59816039
0.58108169
0.57628345
0.60382497
0.55669218
0.54106987
0.51903194
0.53085107
0.60588849
0.57536435
0.57227683
0.53498983
0.43374497
0.49264365
0.50863051
0.49924827
0.55788362
0.5324406
0.46882194
""
""
""
""
0.56235391
0.54076236
0.52638716
0.59893012
0.62028247
0.64287621
0.65184581
0.58705884
0.61140913
0.58493608
0.60522956
0.510095
0.46774226
0.37011132
0.58442324
0.34635627
0.49211299
0.50386858
0.56345612
0.5642941
0.50901186
0.51146483
0.49233443
0.50750804
0.5696131
0.57231218
0.52581185
0.5222199
0.57519525
0.54970866
0.56912082
0.54788429
0.53614753
0.62465644
0.56203383
0.44869459
0.59158659
0.46360144
0.51676083
0.52699947
0.53830022
0.47423124
0.52179271
0.57825345
0.53375161
0.5389421
0.56111616
0.51139849
0.56510264
0.55841774
0.53518373
0.55150211
0.58164227
0.52982497
0.53232318
0.5070731
0.47597557
0.40038994
0.44296843
0.41220102
0.37914214
0.45771435
0.55516219
0.41699561
0.48660329
0.48312774
0.47459173
0.47732812
0.58875638
0.60351455
0.59713054
0.57820636
0.54086894
0.56860638
0.46667489
0.51755679
0.60255992
0.54849094
0.54948944
0.42199335
0.53423935
0.53026563
0.54631358
0.57008928
0.54072428
0.51588839
0.44889212
0.55077487
0.51678866
0.39770645
0.52270222
0.58535218
0.59281778
0.5416441
0.37757015
0.57812482
0.56683832
0.59093744
0.52469605
0.56904143
0.5385685
0.60417646
0.54459161
0.53475714
0.52319348
0.56416124
0.52554756
0.42791343
0.5171144
0.50978082
""
0.62947887
0.59473485
0.49171862
0.5261125
0.53236139
0.54907
0.50813931
0.56051153
0.49220699
0.45792571
0.54822564
0.52189445
0.48931077
0.50021237
0.4782111
0.48091194
0.52630752
0.54576594
0.5302465
0.52255905
0.55311424
0.54905343
0.58983797
0.55798346
0.50428128
0.55518579
0.58253956
0.46729752
0.47275871
0.49136516
0.50075847
0.53187138
0.55095971
0.54811221
0.52423424
0.47282714
0.45334584
0.48905647
0.55724013
0.61582315
0.63739765
0.63486809
0.59763068
0.38588434
0.59102041
0.59516245
0.64662373
0.6597513
0.61017573
0.53126973
0.55864775
0.521833
0.57285261
0.60239184
0.5994969
0.54973155
0.56418616
0.53837126
0.52827346
""
0.48054606
0.46204829
0.48003677
0.51305783
0.49906206
0.47985333
0.58581197
0.56464779
0.55755389
0.57236755
0.54208869
0.54577136
0.52152395
0.57952219
0.5086022
0.53575528
0.54568392
0.59636533
0.58352488
0.58953595
0.58086425
0.54120255
0.6181891
0.6823405
0.54898977
0.62539232
0.5478524
0.63556421
0.51797205
0.63377863
0.5706777
0.61234373
0.5408237
0.55451459
0.5812546
0.54529548
0.54470408
0.58629012
0.55446619
0.54566151
0.51657903
0.57111526
0.52270949
0.54988712
0.56431258
0.57574427
0.52664727
0.52484876
0.5129019
0.58824944
0.58803952
0.49948752
0.49267176
0.53848851
0.52780938
0.4734537
0.5724417
0.56776476
0.49271658
""
""
""
""
""
""
""
""
0.42491302
""
""
0.47860429
0.48160681
0.32171276
0.41547909
0.52114391
""
0.32421014
0.41302195
""
0.34625491
0.4320187
0.4781917
0.35334343
0.43915617
0.40590772
0.44449687
0.55525357
0.29783186
""
0.52199268
0.34430212
0.51452178
0.44353157
0.44593322
0.38467404
0.40697607
0.52303338
0.58627105
0.52221334
0.48250389
0.59591848
0.42867798
0.54921335
0.54020584
0.35072604
0.40094751
0.41541776
0.54226398
0.56786108
0.45133784
0.58082563
0.59370095
0.58676958
0.56530583
0.60496706
0.58214384
0.41790685
0.51971716
0.47874814
0.45766625
0.49209979
0.5087927
0.5927071
0.58018702
0.64914286
0.50427622
0.55014718
0.54441172
0.57814026
0.59025186
0.44830865
0.47469792
0.49681231
0.54325229
0.4998278
0.49443486
0.50729436
0.49447691
0.55345345
0.57170409
0.49738812
0.54457724
0.52810109
0.50371623
0.5766049
0.55795377
0.513668
0.51746094
0.49059752
0.50969112
0.42725351
0.54712796
0.51900125
0.56311864
0.42727134
0.30428115
0.4644931
0.57013756
0.58636934
0.53829855
0.56268978
0.52525347
0.55952597
0.51499778
0.48828441
0.50745666
0.52430415
0.5075798
0.595061
0.58173972
0.56479758
0.57332116
0.51568633
0.5378921
0.51345128
0.58201623
0.51947397
0.57811195
0.55718035
0.61398065
0.59210229
0.53178412
0.51912344
0.56251645
0.60303664
0.55959857
0.44277123
""
""
""
0.53752691
0.4420383
0.51288503
0.54470158
0.52576554
0.52991045
0.52292347
0.54455435
0.52030504
0.59152138
0.56159151
0.58951002
0.54558003
0.5618009
0.57502651
0.61314136
""
0.58258337
0.57763565
0.55340683
0.5242821
0.51011556
0.48070303
0.51281601
0.5738501
0.56583571
0.61899823
0.6006543
0.48157421
0.48733878
0.50878245
0.54443949
0.62845874
0.50160402
0.60065258
0.52783257
""
0.50768077
0.46904621
0.54584849
0.55695063
0.54655051
0.56284052
0.59171599
0.52237272
0.55396801
0.5498606
0.55466229
0.48806807
0.47497505
0.49995646
0.4872241
0.51236731
0.51612991
0.50719512
0.63562143
0.56680292
0.53933263
0.55867159
0.60485983
0.56035185
0.57873935
0.58585602
0.60523891
0.58740371
0.5582791
0.60881048
0.5919081
0.5521239
0.48965502
0.58862603
0.59673989
0.60777223
0.59494501
0.53364187
0.63732082
0.59481329
0.46152529
0.48324528
0.47326937
0.40902051
0.46708623
0.50904167
0.39796224
0.53242898
0.36988136
0.46497241
0.45802537
0.52352363
0.46425709
0.50163931
0.48634151
0.58494902
0.45388818
0.58032054
0.41291136
0.51916969
0.54811496
0.61792564
0.46168277
0.47367179
0.43240795
0.43613139
0.59813762
0.6006667
0.65461111
0.59375191
0.59121686
0.45314771
0.56224692
""
""
0.56291592
0.52560955
0.62772512
0.54707658
0.59968203
0.60522372
0.61414301
0.60589951
0.65233618
0.64623928
0.49813628
0.48191831
0.59417111
0.54255635
0.52632207
0.49160469
0.55468029
0.51495665
0.55792946
0.56050044
0.57704639
0.60678792
0.581429
0.56279576
0.53087038
0.57493246
0.54767489
0.56616724
0.56016612
0.57198644
0.6007244
0.54499471
0.46447647
0.44327655
0.51376432
0.41749078
0.51862192
""
""
""
""
0.53846264
0.51102835
0.48806092
0.51788908
0.601246
0.56220239
0.62129176
0.60209793
0.51702797
0.49827904
0.54580474
0.4348428
""
0.46477756
0.55631578
0.50401986
0.48900416
0.53324693
0.53488606
0.48804167
0.46898499
0.48657379
0.54552466
0.63115346
0.57142627
0.56571984
0.55263209
0.54270446
0.45996591
0.57114506
0.61804259
0.59819394
0.53841728
0.56356156
0.4688985
0.5884726
0.54688632
0.49068773
0.51899886
0.52265328
0.48776752
0.6016379
0.4555389
0.42544693
0.43836859
0.49447471
0.43913385
0.58770734
0.46501285
0.397856
0.29226094
0.38887841
0.43520045
0.43802938
0.51649803
0.62200987
0.58743882
0.59911263
0.57956761
0.47144231
0.59169185
0.57188529
""
0.45816264
0.55104661
0.50058514
0.54572076
0.5725944
0.57858652
0.58333695
0.58528954
0.56262678
0.54867506
0.53304243
0.53872448
0.51970679
0.56038731
0.5265525
0.56988603
0.4468908
0.38295117
0.64467883
""
0.37919915
0.48877382
0.48504534
0.32845449
0.41926384
0.49010071
0.61668152
0.54611677
0.53694797
0.58693254
0.55233848
""
0.61386102
0.38191405
0.60809684
0.49047053
0.65918046
0.63520229
0.52151179
0.45528844
0.54493099
0.33538076
0.48779517
0.60575539
0.52098078
0.54984492
0.5896939
0.63927388
0.65444905
0.59253085
0.54827172
0.44831032
0.54413527
0.5750621
0.57161283
0.606691
0.57640886
0.58151644
0.5422712
0.63795382
0.51496893
0.64241511
0.60761124
0.64080715
0.57261181
0.54339617
0.55820364
0.48821646
0.49483049
0.59831148
0.58150381
0.58687425
0.56230325
0.58715481
0.50611579
0.4865627
0.51375943
0.49067166
0.50664461
0.55261362
0.4455052
0.54417473
0.54621708
0.54100895
0.61533934
0.53730577
0.47865152
0.49005586
0.53967851
0.57792336
0.62785983
0.51034039
0.45997477
0.43614975
0.40338987
0.45694929
0.58269829
0.63744569
0.43447503
0.59350801
0.50238407
0.48672172
0.60000455
0.49858162
0.46326041
0.32169634
0.42860225
""
0.62084532
0.52108562
""
0.35384676
0.4983592
0.5809232
0.52058458
""
0.55312008
0.33505785
0.40092075
0.40531087
0.57440048
0.55988133
0.65713048
0.67810524
0.62025821
0.60172397
0.53012592
0.47612545
0.45936078
0.54203826
0.53069323
0.52943069
0.56894732
0.54761022
0.55934572
0.54773742
0.52871716
0.55209059
0.62450814
0.60477787
0.5964272
0.57192707
0.59822202
0.61645222
0.54032731
0.61218268
0.57668585
0.58885139
0.5649156
0.55985463
0.56133997
0.56001675
0.61410904
0.5759812
0.62373048
0.61878568
0.65889239
0.63115311
0.62787479
0.628295
0.60718644
0.57242358
0.52033138
0.6174655
0.65521359
0.61322987
0.60306287
0.55877101
0.61405861
0.58913863
0.63696361
0.53904182
0.44760624
0.56736827
0.58896929
0.64589638
0.58270067
0.56782186
0.52738273
0.55509466
0.52368826
0.60397404
0.6268208
0.46455115
0.53157359
0.54631191
0.518906
0.53917915
0.48381448
0.55662811
0.54668385
0.55562031
0.48408198
0.49924839
0.52058882
0.62188685
0.61255461
0.67258245
0.63116127
0.49250457
0.51582211
0.59486324
0.64242876
0.57657832
0.64882475
0.60988224
0.59370655
0.58757901
0.50942981
0.51905227
0.5070923
0.53705359
0.56351912
0.54833698
0.42183438
0.49485758
0.56255502
0.52356863
0.52177191
0.57947588
0.53231037
0.56432134
0.53352821
""
0.53960824
0.49798921
0.55942607
0.58184975
0.58992052
0.54569995
0.59987885
0.5061217
0.60764074
0.51239496
0.58951145
0.56113833
0.56385094
0.54020005
0.50597334
0.60475075
0.55823451
0.54513484
0.56374794
0.6194768
0.52971733
0.53005576
0.57132155
0.54839236
0.54214245
0.5688563
0.55266434
0.54275316
0.46051586
0.44330618
0.51841676
0.61018765
0.4525488
0.52614826
0.51544899
0.55189317
0.51803523
0.57158637
0.56217736
0.59133697
0.59802759
0.63309515
0.62469
0.60034835
0.63742852
0.58033502
0.58003014
0.58171165
0.57362592
0.64248365
0.59400809
0.60129982
0.56795007
0.58248758
0.54887253
0.54709667
0.52781498
0.50482398
0.51913762
0.60337424
0.53646648
0.56427759
0.54421198
0.53220725
0.59485632
0.54835105
0.58912188
0.55739099
0.57780176
0.53477347
0.56765616
0.54754323
0.61247241
0.62190837
0.61095273
0.63401759
0.63690555
0.59352601
0.53409451
0.52144486
0.55132842
0.56605685
0.53464878
0.47373864
0.52285898
0.59892935
0.56090426
0.62963456
0.64496261
0.60366869
0.57279366
0.55177277
0.59084201
0.55632848
0.62399554
0.56750619
0.6098547
0.54210323
0.63706541
0.59317905
0.64583367
0.50870168
0.52868521
0.52819997
0.5243938
0.50384665
0.5832836
0.59362316
0.53158474
0.54599905
0.58151096
0.59078473
0.64173341
0.61602938
0.6386987
0.63309807
0.67238009
0.54350561
0.5807929
0.60555118
0.6369611
0.46257573
0.59489906
0.5568645
0.57474715
0.58910024
0.64247751
0.6379658
0.55891281
0.61889297
0.60913461
0.63315803
0.61271948
0.54025191
0.61660957
0.60758132
0.56784934
0.60377866
0.56388146
0.65589696
0.65259069
0.63601702
0.59109318
0.59932715
0.60992432
0.58880621
0.67572969
0.60072547
0.52545881
0.55455106
0.55381858
0.57226932
0.6035285
0.66554075
0.65597093
0.53313118
0.61273742
0.62900931
0.60134816
0.55686444
0.60252583
0.61207443
0.60076195
0.6324234
0.48817676
0.62822604
0.59784615
0.61859137
0.57761735
0.57875073
0.60766816
0.59411085
0.54810941
0.58007973
0.56419897
0.55725312
0.56677699
0.61298054
0.59649038
0.63224769
0.61869597
0.63705975
0.56976926
0.54276955
0.65514606
0.65077853
0.49335957
0.57108778
0.6403029
0.52793366
0.64260775
0.65017986
0.54532897
0.55855888
0.56551212
0.57731426
0.54518801
0.61280537
0.62057078
0.52616298
0.46181464
0.55246633
0.55087715
0.53268504
0.50970536
0.62427098
0.67105359
0.59757251
0.60442626
0.50625867
0.45725021
0.4439716
0.54387045
0.44776902
0.4317579
0.58751315
0.58239096
0.57042837
0.47025454
0.51366937
0.56739235
0.59403557
0.52888495
0.59098226
0.6008696
0.61296809
0.57882464
0.5975768
0.59441781
0.57072186
0.54684812
0.51929307
0.63708949
0.63579422
0.60753572
0.56576347
0.56938684
0.53462863
0.58820325
0.57857126
0.61172289
0.52363086
0.52903014
0.63788229
0.62222129
0.58843374
0.57548124
0.60608786
0.53052348
0.52314091
0.48232064
0.50672603
0.59065676
0.5331158
0.52821308
0.49728367
0.46404725
0.49336216
0.56327587
0.49831179
0.41726086
0.49735358
0.51927
0.57730639
0.51094919
0.47608364
0.53498667
0.57286757
0.59245372
0.58168471
0.51975423
0.53313518
0.60569972
0.48241049
0.55765682
0.50498617
0.50711495
0.62092209
0.60967267
0.60650587
0.65327114
0.5860334
0.53577846
0.57557392
0.65035737
0.58296818
0.5275535
0.60342598
0.57323742
0.66305
0.64848763
0.5597319
0.64782178
0.61220634
0.6312409
0.59138346
0.60750741
0.51271683
0.58331281
0.56259263
0.5061844
0.52278751
0.60513324
0.5462454
0.54521418
0.50258702
0.42493439
0.52527076
0.54201478
0.45662761
0.46514377
0.45084199
0.43815821
0.45313072
0.47567865
0.57380182
0.54448599
0.54379374
0.5774098
0.44892207
0.48722503
""
""
0.59257054
""
""
0.4596262
0.52785069
0.54608923
0.61281812
0.54358143
0.50879335
0.56591976
0.54061627
0.52503747
0.57868928
0.56831026
0.53209746
0.54422867
""
0.50703895
0.60293901
0.54419905
0.54533929
0.57917136
0.59747636
0.54326004
0.52993077
0.59370673
0.43599632
0.57077825
0.56795859
0.58464605
0.59870988
0.50426954
0.49836439
0.59584206
0.5711872
0.56746048
0.49450916
0.52705145
0.56205755
0.52671778
0.47130427
0.55169904
0.52293909
0.54976261
0.44567746
0.5294047
0.60585642
0.53410625
0.52139485
0.53977537
0.5204581
0.48693004
0.44194889
0.55453116
""
0.63789856
0.57080972
0.6165992
0.60666704
0.60962909
0.60209155
0.54857194
0.47928473
0.52061701
0.59190583
0.55814743
0.59267873
0.47940725
0.54432547
0.59828806
0.64272696
0.61429954
0.49863791
0.57223648
0.56986415
0.56803274
0.51227409
0.51265144
0.49070323
0.52626383
0.50038832
0.48659045
0.48326105
0.54616594
0.54984134
0.54511762
0.57127267
0.58983773
0.59341908
0.63107848
0.57047147
0.55952579
0.5380401
0.60263944
0.59362924
0.55556428
0.54246134
0.57146221
0.5844928
0.55915684
0.59827894
0.53663713
0.41477108
0.41868672
0.5038144
0.5255909
0.56485534
0.54535383
0.57294416
0.57673812
0.6005494
0.59396625
0.62086803
0.57021463
0.60925871
0.58941609
0.60413855
0.60711634
0.51800907
0.55981153
0.55398721
0.61239845
0.61439115
0.48810655
0.49028859
0.50234413
0.51580757
0.4691115
0.55618703
0.51369846
0.49621713
0.46472502
0.56419736
0.49497047
0.48239085
0.53620684
0.57460117
0.45649004
0.53305227
0.52698457
0.57086724
0.47902635
0.31309292
0.49819982
0.40209112
0.43178946
0.43625921
0.4469938
0.53765589
0.55599391
""
""
0.41546598
0.59816498
0.58112937
0.59231192
0.58137071
0.55166554
0.51594478
0.46991196
0.51775122
0.59173733
0.6085698
0.54972428
0.61661899
0.4554995
0.52819365
0.57374328
0.55729747
0.57051772
0.56356728
0.4703843
0.51064467
0.47247496
0.51416063
0.56767148
0.5352425
0.56692392
0.55463427
0.53686249
0.44921175
0.40058342
0.47204393
0.47437736
0.51674861
0.59647202
0.55166101
0.55879617
0.48269594
0.46970296
0.51693141
0.52281308
0.51065123
0.53517634
0.56961185
0.59868306
0.53223169
0.62288386
0.58397603
0.62026995
0.55807245
0.61698079
0.53506041
0.56722391
0.5680328
0.50228995
0.58359647
0.53543699
0.50342715
0.51456213
0.56145954
0.62299371
0.61164135
0.59099072
0.5747928
0.62109828
0.6485036
0.61107236
0.57232702
0.54802686
0.60119605
0.64523715
0.52013594
0.55950123
0.56649184
0.63895047
0.58391577
0.51393646
0.54582512
0.58310431
0.63774198
0.51464248
0.59318024
0.50849241
0.55179185
0.55687898
0.5408507
0.54636306
0.59934121
0.5998503
0.56356037
0.6120047
0.59798056
0.56540161
0.55630517
0.56267434
0.58716267
0.54944533
0.61064953
0.57063168
0.62238115
0.61466104
0.61573088
0.63517332
0.56515807
0.52502203
0.58378708
0.57702881
0.59299642
0.60871518
0.60130954
0.57949042
0.62289447
0.57208782
0.5050416
0.64209837
0.66503257
0.54993874
0.57987511
0.55502516
0.53291523
0.66157222
0.59413391
0.61780924
0.63259315
0.49726206
0.61168295
0.68862605
0.68085319
0.66485655
0.62325913
0.62498158
0.63233602
0.61512566
0.5365203
0.56541365
0.47753903
0.51421648
0.64587218
0.52061063
0.48414731
0.55409139
0.58796626
0.34126598
0.49500525
0.40508953
0.36806679
0.4175708
0.43645936
0.42514476
0.37015164
0.39005923
0.49184141
0.38854954
""
""
0.50616622
""
0.48170274
""
0.57921654
0.57133001
0.54740202
0.52366561
0.51482189
0.54014933
0.56990886
0.56793821
0.52563256
0.47408473
0.56596935
0.54686147
0.58077002
0.49850968
0.60154819
0.58495951
0.57479072
0.55502087
0.52151996
0.63984609
0.62892658
0.68316495
0.63499582
0.64546496
0.63158995
0.70692188
0.69608253
0.58040529
0.61744249
0.7021603
0.68745559
0.63826054
0.7043767
0.59669262
0.53640026
0.6656698
0.56595737
0.58106005
0.60478705
0.55906767
0.44681436
0.6766395
0.64156634
0.65469766
0.63886034
0.59405673
0.66777426
0.62944347
0.59593767
0.65491289
0.65439481
0.58928335
0.54343653
0.64139146
0.53165692
0.53146023
0.58102453
0.60397267
0.65423757
0.67680752
0.65260088
0.71223664
0.6132673
0.66364443
0.56887376
0.52232867
0.50502455
0.55003834
0.6109218
0.75603014
0.60039389
0.53576577
""
0.68740791
0.540519
0.5096541
0.41358954
0.57227582
0.70578724
0.60627455
0.5544529
0.57417077
0.48734316
""
""
0.55473852
0.59383023
0.52102524
0.56084424
0.60902447
0.62629634
0.63270879
0.61323762
0.63201028
0.60120344
0.60152018
0.55502719
0.56992471
0.58285797
0.58276838
0.63380879
0.55079597
0.53456008
0.55869716
0.60179567
0.72784799
0.65914512
0.70380324
0.63166678
0.59401417
0.68203086
0.65335172
0.5782041
0.60447711
0.55094498
0.56806254
0.52512389
0.56780535
0.53672343
0.53172016
0.52812487
0.52829808
0.39409849
0.39207584
0.40309229
0.62689698
""
0.49700108
0.51793671
0.56546301
0.51209831
0.50523418
0.4709931
0.46548617
0.48838648
0.47118744
0.47053972
0.46426857
0.56537318
0.61151528
0.57834303
0.58220136
0.49214581
0.5755986
0.5626964
0.51005691
0.51795506
0.556499
0.49186644
0.56894547
0.6107322
0.60198462
0.60555065
0.64088196
0.47737351
0.65619934
0.60977596
0.56842631
0.54551154
0.60521829
0.53785741
0.56861722
0.55723423
0.55586255
0.57171834
0.48411071
0.59214407
0.58070618
0.64054638
0.57243234
0.64550298
0.60359126
0.59552181
0.64180291
0.69379896
0.54159129
0.62213713
0.67616618
0.69104761
0.58022487
0.64649105
0.6628601
0.69151288
0.65517485
0.54886538
0.61549413
0.63140029
0.60561973
0.62476146
0.46575418
0.56343269
0.54577732
0.68005633
0.62248683
0.67720312
0.63219541
0.56418085
0.52064764
0.55419338
0.65954506
0.67369854
0.57534242
0.68323022
0.67495167
0.65582514
0.70959014
0.67926705
0.63797778
0.60614771
0.58220905
0.66478127
0.65809524
0.57542813
0.52287889
0.57192242
0.52299511
0.63440245
0.65925461
0.65475154
0.63236767
0.52938873
0.52378833
0.53996372
0.56631702
0.50841814
0.53870511
0.53045398
0.56724113
0.50921422
0.55345774
0.44298464
0.51758707
0.54850638
0.51797366
0.50739652
0.57967573
0.60440427
0.54694086
0.55514532
0.48205066
0.51994401
0.50254977
0.54861259
0.58598697
0.56536353
0.46369907
0.50391698
0.49837428
0.4111076
0.50374901
0.56760985
0.56779855
0.50114655
0.55767286
0.5445689
0.55782634
0.56997275
0.5367021
0.52615976
0.61510748
0.58665735
0.56532103
0.52230108
0.57190746
0.57611376
0.58368039
0.59009731
0.50970131
0.58376145
0.6183722
0.63215178
0.59856004
0.6159265
0.64227593
0.66098821
0.60207814
0.59724128
0.63398087
0.59522283
0.63258809
0.63234061
0.60084188
0.62106317
0.59808493
0.58479112
0.60083246
0.5554682
0.63828915
0.55329686
0.64236104
0.59410274
0.60634321
0.61772996
0.628766
0.61596847
0.59115875
0.63813114
0.69812769
0.60463917
0.57979107
0.50279546
0.6073432
0.50750983
0.57505
0.63321924
0.62099034
0.5914796
0.50475568
0.54377335
0.613029
0.57374835
0.4707419
0.59455216
0.55001706
0.44121659
0.41084152
0.56336784
0.53688478
0.51237828
0.51318645
0.49775192
0.49364188
0.48834932
0.45054877
""
""
""
0.42587236
0.36317205
""
0.44963634
0.36896962
0.36822581
0.47381589
0.41886246
0.52323306
0.52086753
0.44067112
0.4489682
0.44887626
0.46634918
0.49612311
0.56760877
0.57768124
0.57228285
0.58099997
0.63263726
0.61833662
0.54981405
0.56940281
0.58841062
0.61685634
0.56099969
0.46291521
0.54376364
0.5250293
0.36131755
0.52554506
0.61431605
0.65718967
0.52357841
0.50482678
0.6027202
0.56313497
0.45624799
0.55373895
0.53377044
0.56206328
0.59993327
0.57694614
0.55147296
0.54909837
0.56607646
0.55630833
0.48768419
0.59515548
0.5361672
0.58338696
0.51243699
0.58034116
0.4446896
0.43560737
0.47643647
0.40271172
0.40509877
0.41254044
0.42126855
0.58192194
0.50482136
0.53956079
0.57243723
0.5748567
0.51605207
0.58184046
0.51064217
0.62464613
0.52108943
0.53354746
0.50829434
0.5497548
0.44266385
0.63202697
0.59610116
0.59703463
0.62221342
0.63432878
0.63017642
0.61179888
0.58585697
0.57446873
0.51112694
0.57616132
0.53762352
0.56054783
0.58008206
0.51439631
0.50007832
0.49128762
0.59332603
0.53417516
0.55885661
0.5850721
0.52564949
0.54858232
0.52564645
0.52023095
0.58640528
0.56056178
0.57293642
0.56317931
0.39696378
0.48688823
0.46819243
0.54976761
0.47580728
0.44949564
0.50456309
0.57587862
0.53845489
0.53410572
0.5696997
0.51358545
0.55152297
0.50243723
0.56514323
0.51773536
0.58629638
0.62694567
0.54535216
0.53619665
0.53200698
0.48570091
0.50472105
0.53488398
0.52587062
0.53219736
0.51965612
0.57660222
0.51254338
0.59077036
0.55056977
0.55282891
0.57068127
0.53660536
0.56086093
0.49521038
0.42435688
0.45102218
0.42787838
0.56159037
0.53657603
0.5294311
0.53067517
0.54129565
0.51875186
0.57422012
0.51313859
0.53225839
0.58816189
0.54517764
0.56542522
0.49168324
0.54364485
0.52993548
0.53264511
0.62533689
0.52103984
0.49587336
0.51020557
0.55247474
0.48671067
0.54240078
0.5297488
0.57381707
0.55910265
0.49770766
0.4068844
0.53351337
0.56796509
0.56347507
0.49163041
0.50723439
0.51430088
0.50967556
0.54520303
0.50024438
0.51451075
""
0.47460333
0.55899507
0.53123331
0.57030231
0.42629731
""
0.44659615
""
0.65844542
0.63171321
0.64657587
0.6220805
0.6206302
0.56351799
0.607943
0.53934294
0.62678981
0.61337888
0.54892057
0.60716796
0.48878554
0.63348931
0.58559328
0.57690728
0.60245061
0.55449682
0.60939693
0.62829614
0.5768711
0.55442435
0.44984609
0.66325313
0.64880157
0.48422268
0.52313256
0.54329622
0.57317322
0.51782334
0.58309364
0.49171653
""
""
0.36868736
0.53460586
0.37656578
""
0.5017091
0.55067903
0.49095881
0.4622604
0.46390784
0.43329307
0.51726395
0.59344476
0.46859136
0.51609111
0.48433113
0.51184213
0.56527895
0.51224971
0.55919832
0.35582596
0.5848524
0.57106
0.55049968
0.45643899
0.48832756
0.68358761
0.69458055
0.54303557
0.61087787
0.52883452
0.5415923
0.56509376
""
0.6095857
""
0.63929367
0.59878683
0.6424219
0.62242705
0.55791551
0.61158878
0.61126077
0.59165305
0.60948074
0.59672266
0.55697304
0.55662805
0.63370609
0.59881514
0.56349868
0.60957551
0.60883099
0.60337359
0.54501808
0.55142266
""
0.58753026
0.54289031
0.50144422
0.52695346
0.4297727
0.53612858
0.55293614
0.60752487
0.54256546
0.60362589
0.47193277
0.38070041
0.32914615
0.56925249
0.57354277
0.54360092
0.50089079
0.57038134
0.56366813
""
0.50208759
0.4824279
0.48366645
0.40004364
0.50722945
0.51407176
""
""
""
""
""
""
""
""
""
""
0.3571088
""
0.38680667
""
0.47980425
""
""
""
""
""
""
0.52681202
""
""
""
""
""
""
""
""
0.40035278
0.35772908
0.38494536
""
0.4098095
0.48468927
0.40589273
""
""
0.48420665
""
""
""
""
""
""
""
""
""
0.40009779
""
""
""
""
""
""
""
""
""
0.46570823
""
0.67780536
""
""
""
""
""
""
""
""
""
""
""
""
""
0.48765093
""
""
""
""
""
""
""
""
""
""
""
""
""
0.44978291
""
""
""
""
""
""
""
""
""
""
""
0.3488698
0.40799844
0.35610634
0.47272453
0.36312404
0.44411919
0.43494502
0.40873462
0.40084261
0.36718285
""
""
0.40698206
0.46250007
0.38363343
""
0.39446133
0.4577333
0.52214646
0.44065481
0.40033722
0.32697612
0.37443376
0.36139464
""
""
""
""
""
""
""
""
""
""
""
""
""
""
""
""
""
""
""
""
""
""
""
""
""
""
""
""
""
""
""
""
""
""
""
""
""
""
""
""
""
""
""
""
""
""
""
""
""
""
""
""
""
""
""
""
""
""
""
""
""
""
""
""
""
""
""
""
""
""
""
""
""
""
""
""
""
""
""
""
""
""
""
""
""
""
""
""
""
""
""
""
0.42791221
0.59161866
0.49307409
0.42691666
""
""
0.49094269
""
""
""
""
""
""
""
""
0.60372967
0.5834496
0.56572998
0.41616774
""
0.47419941
0.30378452
0.48965165
0.37173402
0.40831599
0.47652102
0.47805992
0.47301924
0.48193869
""
""
""
""
0.38844508
0.47085434
0.47677627
0.52959502
0.47712195
0.50098127
0.5631147
0.63816285
0.55707031
""
""
""
0.48949403
0.57251579
""
0.60726053
0.6143201
0.64257896
0.67450017
0.68285972
0.67952901
0.68954474
0.63603395
0.70442718
0.64282238
0.64948541
0.63155705
0.53696889
0.6167807
0.56124723
0.62454093
0.59859645
0.48377472
0.46767655
0.48668137
0.5125832
0.31997734
0.39969081
""
""
""
""
""
""
""
0.48251525
0.48747662
0.54395956
0.53071594
0.47075388
0.5680263
0.56163335
0.51736158
0.533548
0.5337168
0.52925867
0.55528557
0.56283849
0.57896429
0.52383655
0.49149635
0.60720605
0.67759526
0.63045192
0.67532599
0.64967597
0.61268854
0.596587
0.59467417
0.61633211
0.64182174
0.61826736
0.65534526
0.61624318
0.66561639
0.58335483
0.60519695
0.64134836
0.63302666
0.56201643
0.49030465
0.63896608
0.58168876
0.63609922
0.63454187
0.62557298
0.56911415
0.5856033
0.56194228
0.60718703
0.5620715
0.58445364
0.67801738
0.62910271
0.64637673
0.66431224
0.58949643
0.54216212
0.64908892
0.61550379
0.63622993
0.45179144
0.65485018
0.56159043
0.61664081
0.64001924
0.56098509
0.5688594
0.59862977
0.66400421
0.66515052
0.57164466
0.60726893
0.63243449
0.47984582
0.58353227
0.59758043
0.60002846
0.6001581
0.62763602
0.63892055
0.68049461
0.50867522
0.51807654
0.60155612
0.59219283
0.59441692
0.44115734
0.5985375
0.51466942
0.60157573
0.53045529
0.57307047
0.59925169
0.50501543
0.56945163
0.49769562
0.51757401
0.56376451
0.51084918
0.5040068
0.49436975
0.43703416
0.51226401
0.50098425
0.54468113
0.55212569
0.52227896
0.57006866
0.54249483
0.59115511
0.54896873
0.50717688
0.50764847
0.41777557
0.44737315
0.50559801
0.53411502
0.53700411
0.54685158
0.51457244
0.52034378
0.5509429
0.5481835
0.5419786
0.51986563
0.56449276
0.48072791
0.4505125
0.45256281
0.48946559
""
""
""
0.37745079
0.58383054
0.62526131
0.53089899
0.52495193
0.56967056
0.56905293
0.5271349
0.59244198
0.49606648
0.50740826
0.49699831
0.57937282
0.53866512
0.52712667
0.6532076
0.62618119
0.46069917
0.46779644
0.48020482
0.47386861
0.47203714
0.46524346
0.47199476
0.51449752
0.49787709
0.50934303
0.66437101
0.56029421
0.5860222
0.58637428
0.66555578
0.57143885
0.56269747
0.53727299
0.55745322
0.59574002
0.54123139
0.53735083
0.64678186
0.57418656
0.5819332
0.63503087
0.62735718
0.59477001
0.65508956
0.61177158
0.63324136
0.46815646
0.4512915
0.47160068
0.47044885
0.55240893
0.52776837
0.51892835
0.59780544
0.56275177
0.5521419
0.54461038
0.49813151
0.46787754
0.44947505
0.46275204
""
0.38595995
""
0.44343078
0.35035771
0.63158429
0.52018905
0.53135139
0.55429405
0.57707411
0.58758909
0.55409479
0.5171932
0.51300973
0.50928527
0.60808575
0.58751732
0.58852172
0.58471066
0.53004092
0.5897736
0.57187295
0.6066196
0.48842442
0.50897783
0.5033356
0.50404727
0.49685788
0.53769028
0.55520773
0.56517047
0.56720316
0.53281313
0.50667179
0.54654729
0.51768643
0.51292813
0.50398958
0.49162763
0.46925172
0.52778143
0.45358041
0.44753796
0.50979745
0.37843996
0.49438331
0.53678834
0.5332256
0.60423011
0.49831071
0.51152331
0.52635652
0.49013564
0.51917642
0.56587136
0.57204634
0.54497409
0.5100984
0.56009167
0.58666295
0.57871002
0.57346344
0.55359292
0.56866354
0.61814082
0.55949759
0.63921034
0.5735721
0.60161829
0.60655302
0.61412519
0.539675
0.67192471
0.61416197
0.62617368
0.53974873
0.61433148
0.5378986
0.59966397
0.61643445
0.63930684
0.63959861
0.6229884
0.60549396
0.54197025
0.55725813
0.59599
""
""
""
""
""
""
0.43142107
0.48575985
0.45458949
0.56015176
0.55614758
0.53686273
0.48402348
0.5773555
0.60421687
0.62868059
0.57133299
0.5651716
0.59288055
0.59714895
0.57697225
0.57422394
0.57791978
0.55437356
0.56892401
0.62713313
0.55370593
0.6346671
0.59873044
0.62248927
0.60624844
0.61518472
0.66050464
0.58825809
0.61409289
0.63544583
0.62881821
0.62285346
0.60717005
0.58977878
0.62425154
0.61504996
0.61574244
0.59110051
0.61542213
0.68381518
0.61081332
0.62706918
0.57676423
0.60235226
0.68463731
0.66978133
0.63937783
0.53962362
0.53994906
0.59108347
0.58538216
0.57361615
0.611067
0.6356256
0.57694584
0.56007254
0.6312834
0.63387609
0.58841026
0.60837901
0.57463211
0.66196555
0.59996706
0.59304744
0.63639051
0.61244154
0.58927399
0.60626751
0.57835406
0.57527071
0.59964597
0.6058346
0.6010707
0.60057229
0.59993267
0.61942142
0.59747404
0.62500674
0.6321708
0.53754622
0.61251146
0.57974243
0.58093715
0.56176758
0.5734871
0.65265459
0.56432939
0.57632434
0.64089531
0.54827559
0.58412325
0.58836669
0.56934208
0.55782324
0.52818966
0.56548637
0.56628114
0.58255243
0.61261827
0.62311482
0.63697243
0.5959124
0.5770188
0.57770699
0.61826181
0.60334349
0.56207579
0.57415098
0.59707129
0.57583487
0.56558406
0.57064164
0.58982509
0.56342608
0.60820782
""
0.6076476
0.59699529
0.60394078
0.55535471
0.61813748
0.64273429
0.6689015
0.61520839
0.58859015
0.5382461
0.67108643
0.66017962
0.67857379
0.59060395
0.59220195
0.54411703
0.5962438
0.62765217
0.54341966
0.51583451
0.61548507
0.58616269
0.57288897
0.57618636
0.572384
0.63012201
0.63261163
0.56884944
0.61032975
0.5774709
0.61086005
0.63640738
0.64668345
0.65242982
0.65478379
0.64365321
0.63041902
0.56285906
0.5790624
0.61712021
0.63295966
0.58863348
0.59976035
0.55370253
0.61739147
0.63813406
0.65385371
0.60458207
0.66771472
0.66167206
0.6179924
0.63760269
0.70765829
0.64118844
0.64281267
0.641626
0.7140646
0.60410285
0.60617477
0.57361811
0.63822287
0.65125358
0.63708895
0.53709722
0.61717439
0.55579889
0.54830617
0.59779489
0.5875203
0.55258471
0.56454116
0.59866452
0.58358455
0.64814872
0.59570801
0.60333371
0.58319747
0.56779897
0.59555793
0.63750124
0.59840316
0.60713482
0.59682459
0.58393186
0.58025497
0.61189151
0.57435548
0.57741958
0.59366548
0.57009995
0.62607783
0.66062254
0.61494291
0.60191172
0.57459736
0.64148146
0.58976847
0.63991654
0.6524359
0.59976941
0.6400997
0.60091078
0.63812274
0.55750406
0.52920771
0.61828232
0.64545524
0.63546318
0.58627844
0.55302334
0.57476526
0.5801478
0.54786092
0.56505007
0.57158577
0.58594495
0.6114527
0.52017576
0.52248955
0.54786867
0.59412134
0.58848238
0.60373902
0.54167938
0.56404209
0.60818237
0.59238434
0.62522554
0.63549495
0.58021927
0.60935581
0.61484712
0.59944695
0.60484487
0.63077337
0.61637866
0.59102595
0.60471267
0.62087828
0.62720251
0.6420362
0.63647616
0.67763221
0.66743094
0.6698308
0.59927642
0.60582781
0.66178024
0.59810954
0.62294191
0.59647346
0.63843912
0.66517353
0.52340674
0.59644401
0.61405122
0.58676249
0.61872554
0.65236318
0.68949443
0.68376619
0.63590026
0.65055293
0.64884269
0.65597045
0.62811118
0.61339533
0.65698767
0.62323838
0.65352929
0.66831809
0.57198501
0.59194678
0.63406271
0.58418757
0.66208839
0.61702317
0.54487056
0.62771457
0.60756183
0.64809638
0.61820531
0.65878201
0.69575328
0.6135298
0.652318
0.65630782
0.62648475
0.58811986
0.64454371
0.64023817
0.57299
0.63920844
0.67603606
0.63639581
0.68866748
0.66293186
0.58606607
0.6102156
0.53874892
0.56867164
0.64313108
0.64693618
0.62682784
0.68537134
0.65843809
0.63496852
0.57585227
0.63868397
0.63661808
0.57156551
0.61063266
0.57063454
0.64100057
0.67630583
0.57455933
0.63557899
0.66935343
0.63395864
0.62887037
0.64998043
0.64044344
0.65124881
0.60239744
0.60827756
0.57151687
0.63153094
0.62858713
0.61365789
0.627078
0.6302554
0.61129129
0.63357037
0.64054227
0.5961076
0.60006231
0.59980685
0.60437602
0.62805837
0.61072803
0.60057563
0.66066879
0.60004938
0.61320525
0.62161607
0.59107691
0.60607105
0.59470814
0.59832513
0.59527844
0.59500742
0.50169039
0.63286269
0.55225545
0.59113353
0.62104058
0.61444867
0.63387704
0.60987818
0.61809486
0.6545893
0.63727903
0.59446073
0.60662627
0.61045671
0.65121365
0.60652894
0.62823606
0.50399101
0.49781087
0.59163207
0.57644999
0.5647369
0.5457921
0.46261397
0.43059063
0.54129469
0.38212073
""
""
0.59955454
""
""
0.49032074
""
""
0.4997021
0.428911
""
0.5497089
0.49664125
0.53611296
0.55358618
0.59559494
0.64263439
0.54390615
0.59508085
0.6194635
0.5949977
0.60581189
0.60405791
0.61183655
0.60748953
0.53731918
0.61213428
0.60562694
0.61148256
0.5827539
0.53945458
0.6197201
0.58734667
0.57702154
0.59478045
0.58895123
0.57844412
0.60861599
0.58225387
0.63957798
0.58472681
0.57540506
0.66796547
0.58394623
0.60420078
0.5808422
0.53534234
0.60406089
0.5193916
0.64460361
0.60974163
0.63690215
0.62384617
0.62106878
0.62983859
0.62756968
0.64872354
0.60120666
0.57130671
0.58228511
0.60490286
0.59357172
0.55211186
0.56447738
0.61103684
0.61128044
0.57287055
0.6618405
0.60215807
0.59898257
0.62075537
0.56274265
0.5801276
0.549025
0.60629082
0.68975329
0.65433878
0.65027696
0.6191721
0.57120085
0.65584236
0.69658607
0.66575825
0.62031782
0.54435384
0.61451834
0.71548176
0.59867674
0.62355393
0.60633081
0.58462983
0.58741313
0.6341387
0.64936793
0.62495464
0.63087541
0.5589146
0.60015309
0.55756211
0.62951243
0.59177595
0.57635486
0.60639751
0.57563287
0.53867704
0.6172052
0.64311087
0.64066261
0.59624082
0.66590154
0.63412637
0.61278433
0.62763977
0.63882482
0.65407228
0.65794665
0.67728955
0.68602675
0.67312098
0.63945681
0.64690238
0.63412362
0.67036629
0.68039298
0.66992086
0.66246116
0.68275326
0.52640247
0.60912484
0.68891525
0.68183035
0.62106186
0.61641139
0.62503433
0.62740946
0.66136259
0.65094048
0.65575999
0.62574905
0.64337784
0.66258752
0.65902728
0.62022424
0.57761848
0.65368223
0.63751012
0.64223862
0.66953552
0.67064941
0.66541034
0.64552504
0.65143806
0.6069501
0.68689787
0.63607377
0.66253215
0.64627093
0.62332368
0.66999185
0.67141688
0.57635319
0.66509938
0.61946976
0.6464681
0.66618997
0.60226321
0.61340374
0.63177538
0.65512806
0.66546327
0.63360173
0.61837554
0.56047064
0.5904085
0.61440128
0.61703902
0.63220692
0.60389686
0.62071234
0.60904753
0.6308217
0.60950512
0.64130992
0.70429349
0.6127044
0.63094735
0.66027915
0.61003423
0.63072765
0.61188525
0.5915364
0.66108471
0.65673131
0.65118331
0.62903941
0.61668199
0.61205357
0.61995745
0.61077511
0.6114316
0.60187495
0.66260713
0.56771898
0.58353269
0.64756441
0.49911854
0.5268569
0.58967388
0.5335111
0.56065917
0.4925139
0.53692138
0.44114181
0.51628137
0.47079909
0.50029993
0.54359704
0.46840817
""
0.47882694
0.48340484
0.42319986
0.48856837
0.49305215
0.42404318
""
0.6185109
0.56156051
""
0.55446786
0.52160531
0.50273669
0.46033382
0.54053521
0.58982784
0.61960661
0.6760053
""
0.62864202
0.61937648
0.53727221
0.55125558
0.53096646
0.54657227
0.60631305
0.54168755
0.38961765
0.65964383
0.53544831
0.54910445
0.47184047
0.57983792
0.56521279
0.54321843
0.56906092
0.53773862
0.55896556
0.57291096
0.60966837
0.48400509
0.59201521
""
0.50682759
0.57455683
0.56751215
""
0.53469396
0.56814915
0.47926906
0.61966211
0.56627542
0.60029137
0.53628528
0.6228016
0.60853183
0.6649133
0.64372295
0.63474554
0.57015485
0.50031292
0.55961311
0.44958931
0.52899426
0.49819914
0.5418179
0.46418184
0.66532356
0.65995377
0.58888304
0.60989618
0.60556328
0.60261327
0.61106825
0.56999987
0.56092685
0.57362235
0.58645797
0.57844836
0.53743303
0.54412037
0.55154669
0.593436
0.54300398
0.5809232
0.60439062
0.60323936
0.60035753
0.57760626
0.59683388
0.52517414
0.59607202
0.60554564
0.54422611
0.59942228
0.5918206
0.55221802
0.59893912
0.584077
0.59663165
0.62631553
0.63216478
0.62016433
0.64396489
0.63734084
0.60083604
0.53220195
0.54504794
0.59172499
0.60716379
0.64548963
0.61074591
0.6166634
0.61511427
0.58733004
0.63463515
0.61032093
0.55974633
0.5854609
0.63984293
0.64627385
0.60754943
0.68007439
0.60622048
0.59157825
0.65648669
0.60382879
0.63669729
0.63378352
0.60745251
0.6184153
0.62492359
0.54516548
0.65437347
0.5994851
0.60875338
0.60918248
0.62428582
0.62553358
0.60787576
0.5999499
0.65972924
0.67500454
0.63184309
0.64414805
0.62561256
0.63927305
0.58153832
0.61635786
0.56915349
0.62851954
0.63864976
0.60494196
0.58725601
0.60983866
0.63874674
0.63108158
0.60103458
0.58336461
0.61596096
0.63960248
0.63144863
0.61186516
0.61620969
0.65341198
0.62696099
0.60799038
0.6139043
0.60212445
0.65164357
0.59710062
0.64399338
0.58507144
0.60822219
0.61134708
0.59189534
0.61160314
0.6394152
0.58594126
0.56104094
0.58842862
0.5476138
0.57857943
0.57938576
0.61492306
0.61246866
0.62147099
0.5608483
0.55438685
0.60602415
0.60653138
0.60810816
0.57855242
0.50502682
0.58675444
0.58136666
0.60732883
0.60320628
0.64310205
0.62564725
0.58864737
0.60462683
0.63376576
0.6308338
0.6223262
0.61425209
0.62646919
0.60792035
0.62230617
0.61158669
0.56693995
0.63509595
0.62359798
0.57605821
0.57426167
0.56180882
0.64894426
0.62086058
0.61034566
0.59963286
""
0.51960558
0.51182699
0.52339631
0.5285297
0.55644608
0.56043404
0.56352639
0.60555941
0.6037997
0.61722815
0.65211952
0.59608287
0.58890885
0.55736566
0.65607554
0.58252752
0.62195754
0.62593657
0.61016095
0.65130419
0.57068819
0.62290567
0.62859571
0.57185465
0.58173013
0.65496963
0.59677273
0.61306226
0.58637875
0.60821736
0.60285145
0.6028434
""
0.59963548
0.6309759
0.61999333
0.61727059
0.61565173
0.61079997
0.56674349
0.58793569
0.59784806
0.55915332
0.63896543
0.62715209
0.61610377
0.62312996
0.56823939
0.58163089
0.63624144
0.60926169
0.59806031
0.60612971
0.59199196
0.57739335
0.58558559
0.63900149
0.58098584
0.58509529
0.57740414
0.54435331
0.58698136
0.55047613
0.61339688
0.69034076
0.59381479
0.63089299
0.63796121
0.63603222
0.59091812
0.65331101
0.617185
0.63201576
0.58405179
0.64052421
0.56766433
0.62311423
0.60632503
0.59327513
0.63409334
0.61322069
0.59167284
0.49423683
0.64565545
0.64073896
0.60358554
0.52571923
0.46795782
0.53599453
0.58263803
0.58182228
0.55120558
0.54041076
0.54294544
0.57638544
0.46863562
0.57053083
0.56195533
0.51332986
0.48939782
0.52663523
0.4471812
0.53551352
0.51754022
0.50691956
0.57096356
0.55372083
0.58537334
0.60933459
0.58044511
0.53672981
0.46869841
0.55211556
0.48674667
0.59250897
0.54713982
0.58927453
0.60924041
0.59629464
0.48721895
0.45715535
""
""
""
0.44288701
0.60314173
0.61298591
0.53732455
0.47559702
0.4800936
0.52115697
0.56062728
0.55309415
0.57823342
0.57788706
0.61987334
0.61306047
0.54977912
0.59772271
0.51677758
0.59238374
0.54108322
0.4914431
0.5603199
""
0.60229862
0.61313814
0.54894316
0.61712861
0.53659946
0.52731287
0.6030463
0.60802054
0.52549183
0.50108337
0.58760375
0.61476904
0.64424121
0.59686774
0.52724081
0.6566121
0.62426275
0.62815946
0.61131829
0.56286514
0.61441875
0.57053149
0.63772446
0.60661644
0.66584361
0.67615014
0.61503869
0.65164357
0.62593818
0.62482893
0.68875796
0.68094391
0.63984489
""
0.62232417
0.57806259
0.54551876
0.60837203
0.63277757
0.6082539
0.67612857
0.62293309
0.65104032
0.63276905
0.56821346
0.63745385
0.63179243
0.66286272
0.63129836
0.61711735
0.64114267
0.66199452
0.61230791
0.56816131
0.56589323
0.55853415
0.61053485
0.65311712
0.55233538
0.63095081
0.68604314
0.64683068
0.65121603
0.63280779
0.55401278
0.64855552
0.59777862
0.62171853
0.56069487
0.61075211
0.44103384
0.53502965
0.61320025
0.63503361
0.66956627
0.64752942
0.60507482
0.63060331
0.67816597
0.64518243
0.6358549
0.59931439
0.68715519
0.62971586
0.67268884
0.67308104
0.65251994
0.63209021
0.65126979
0.57772428
0.60782659
0.5857569
0.62391585
0.59619612
0.58355743
0.61755574
0.58725345
0.61896759
0.53378373
0.58419263
0.63072318
0.64027214
0.61183321
0.59907502
0.62809628
0.66409427
0.57951307
0.58609903
0.57691431
0.58870602
0.57801092
0.63566113
0.63829398
0.60292113
0.61161703
0.53568524
0.6186232
0.58471948
0.50850934
0.52407598
0.56330049
0.47774398
0.41722423
0.48737949
0.39693314
0.48844147
0.57521409
0.60137337
0.53765976
0.50238389
0.56748509
0.4956854
0.47762603
0.56438899
0.58979511
0.5404709
0.53656846
0.62591261
0.58854908
0.61259699
0.57206446
0.61027002
0.60898405
0.60919464
0.57601249
0.56565619
0.56934112
0.58846891
0.51407075
0.60762012
0.62793148
0.601717
0.59058839
0.64927739
0.63792461
0.58456206
0.59352815
0.58300155
0.58030003
0.65290624
0.64959788
0.63509941
0.55100954
0.57296968
0.58440942
0.58516914
0.59465748
0.59334856
0.60982811
0.57092619
0.58554423
0.4491269
0.59383047
0.53960621
0.58578193
0.59023154
0.64194971
0.59807962
0.66448665
0.63591945
0.6223684
0.61442733
0.54942578
0.54636574
0.56493747
0.63498098
0.62852913
0.62908292
0.61660308
0.61653888
0.64316082
0.62184268
0.65745395
0.63435912
0.61944312
0.59931171
0.57738185
0.59857571
0.64411956
0.58057117
0.60153943
0.63208342
0.61482179
0.61069822
0.635499
0.60414022
0.62525702
0.62829292
0.65211064
0.63659096
0.59102595
0.59317064
0.62678772
0.59823161
0.57081157
0.53360146
0.5067305
0.56100816
0.5349679
0.61217403
0.63150716
0.63209754
0.5973193
0.66447532
0.63551885
0.65020919
0.58561474
0.62797338
0.6393159
0.6681819
0.61237568
0.6392777
0.64454371
0.59126025
0.62887132
0.64924622
0.62174338
0.60329956
""
0.66539985
0.63845897
0.62741077
0.5688206
0.64494205
0.59604019
0.63585138
0.63116658
0.63353461
0.63210142
0.63586229
0.60784197
0.61776018
0.60632479
0.6147992
0.56200272
0.57684493
0.61282766
0.56309837
0.61682206
0.58776259
0.59304792
0.61693966
0.60936981
0.6602872
0.61986917
0.58999896
0.63247043
0.6265583
0.61357915
0.57375586
0.57264471
0.58890861
0.57760084
0.61283916
0.57962972
0.64994848
0.61263746
0.57446426
0.54215366
0.62082273
0.62281442
0.6304456
0.60340095
0.62808543
0.62879992
0.64715904
0.67359579
0.66848421
0.61019337
0.60913444
0.64268911
0.66964668
0.59317875
0.64737934
0.56985533
0.64044309
0.54456455
0.66751671
0.59714633
0.63773173
""
0.64275926
0.62759781
0.66408455
0.59108526
0.60889101
0.62067527
0.62732071
0.57508093
0.69204211
0.65023375
0.65332943
0.57482988
0.67905164
0.70275098
0.66702843
0.65302289
0.66103911
0.63210034
0.64235693
0.65115774
0.65277749
0.65705246
0.63754696
0.64618093
0.60703588
0.61363709
0.61582226
0.63262546
0.64612418
0.59801912
0.62309396
0.62573725
0.54344183
0.58989936
0.56584591
0.57009995
0.58581889
0.5539251
0.60552347
0.59558487
0.63162076
0.60936302
0.66064495
0.57339013
0.60444057
0.59239125
0.60649401
0.60002208
0.60113281
0.6331802
0.63024873
0.61186641
0.64930791
0.61996198
0.65164185
0.57591808
0.61335468
0.64391559
0.62816566
0.60166627
0.62309539
0.60359055
0.57708561
0.503057
""
""
0.58612096
0.57093537
0.63798481
0.5811829
0.61972135
0.50763232
0.49516204
0.4640049
0.53074348
0.46248743
0.47237632
0.53235745
0.54587358
0.55913603
0.63790077
0.59392804
0.60273725
0.58417696
0.60297209
0.60557604
0.59146696
0.53286713
0.46999192
""
""
""
0.59583312
0.59321547
0.57941216
0.49153996
0.51259249
0.5289374
""
0.52704173
0.55813724
0.61765498
0.56253642
0.59564704
0.53191543
0.53581101
0.53524911
0.5672459
0.60980421
0.60690171
0.5493505
0.59559768
""
0.59315699
0.55661792
0.56013942
0.58024836
0.60760272
0.55699849
0.62648183
0.5261997
0.54536575
0.5394094
""
0.62255442
0.57514292
0.58628827
0.52174294
""
""
0.50651962
0.50679511
0.5809958
0.48127884
0.60675538
0.52776855
0.51976228
""
0.51857817
0.57236624
0.50309724
0.59885931
0.51698983
0.52160531
0.57524508
0.50794035
0.52848089
0.43837917
0.48879805
0.47239268
0.42642379
0.53024894
0.52861619
0.52453154
0.58212793
0.53751129
0.58872592
0.53521729
0.59478521
0.55181634
0.59884328
0.58831942
0.6294874
0.55893409
0.5499863
0.56660265
0.49929902
0.57910585
0.54921108
0.53719336
0.56009555
0.54120857
0.50013727
0.5261969
0.46507439
""
""
0.49860913
0.59033173
0.5607692
0.54425383
0.46242017
0.6014033
0.53435189
0.54499125
0.56388414
0.4943513
0.42101291
0.50566775
0.54138708
0.65302062
0.64350671
0.60812324
0.65912467
0.61716628
0.57313472
0.63869423
0.60988551
0.58776808
0.48528627
0.49409312
0.5406571
0.58422732
0.55195892
0.55644482
0.52808851
0.52481669
0.54851681
0.56556463
0.53620523
0.48652464
0.46600842
0.48320934
0.56532675
0.55345625
0.55334705
0.55105221
0.5042783
0.5241763
0.53221059
0.54412913
0.59445572
0.48280069
0.50654835
0.50052017
0.43828815
0.50080258
0.46857917
0.55915844
0.4840861
0.52179015
0.5786711
0.60033303
0.54724306
0.54929221
0.53000921
0.49678528
0.51265711
0.51381946
0.51529121
0.51536447
0.49418834
0.52255762
0.54916304
0.52376223
0.56187069
0.53629923
0.48512176
0.54348773
0.51397735
0.50724798
0.40578222
0.49570945
0.42986318
0.47005928
0.64567095
0.63678151
0.52167356
0.51837081
0.62591028
""
""
0.49495614
""
""
""
""
""
0.59396482
0.62087488
0.55828571
0.42080185
""
""
""
""
""
""
""
0.52573872
0.34098122
""
0.51834935
0.53205979
0.51031184
0.50667548
0.53638202
0.52798587
0.64218175
0.5925684
""
""
""
""
0.62527508
0.58078259
0.59406918
0.62090266
0.55668837
0.5709393
""
0.56674546
0.63099188
0.60719502
0.57944244
0.57581961
0.60231781
0.49675438
0.54890507
0.45578519
0.48720634
0.6147539
0.53491777
0.56103081
0.61993259
0.58281577
0.59413648
""
""
0.55010796
0.71843678
""
0.64745718
0.56066239
0.55712843
0.48032191
0.51875806
0.58734858
0.49614704
0.5149768
0.55195355
0.50058877
0.49012193
0.58485389
0.58213729
0.56888032
0.50044119
0.52780455
0.5210768
0.55643874
0.52803737
0.54731148
0.55143535
0.49587318
0.52754146
0.54109198
0.56485468
0.52840579
0.51599658
0.58915162
0.44759312
""
""
0.57996088
0.50534493
0.52036625
0.58151191
0.50373787
0.59507424
0.53128999
0.52527422
0.6247403
0.49175504
0.54106385
0.61541337
0.52118313
""
0.52143675
0.55620623
0.64566493
0.58321583
0.6147995
0.56839538
0.58796418
0.55366623
0.55617976
0.53721625
0.53517962
0.48941317
0.57528198
0.54858977
0.49521232
0.52572197
""
0.58141142
0.54909456
0.51665533
0.48902223
0.58086586
""
0.51118708
0.56798029
0.42423177
0.53783655
0.50632471
0.5725553
0.5341717
0.58387494
0.5880025
0.54057711
0.50796551
0.5343923
0.51987052
0.59806126
0.4642956
0.54619128
0.46342242
""
0.47505111
0.54017925
0.5482437
0.5756107
0.62197143
0.62428749
0.49101785
0.5518772
0.57219386
0.55294752
0.4848105
0.52192241
0.52715677
0.41934666
""
0.56387854
0.60874832
0.5947358
0.59063613
0.62780422
0.57244879
0.61516291
0.57192862
0.47950378
0.46387026
0.54747862
0.50436729
0.54829168
0.43356326
0.59856009
0.61715394
0.558945
0.52089375
0.54151016
0.48870865
0.52231252
0.5958181
0.55242258
0.48565504
0.51750237
0.52531826
""
0.49381372
0.59917957
0.52479357
0.601125
0.51716411
0.36211643
0.31866443
0.55134189
0.59823978
0.60950541
0.60329825
0.52202129
0.60687321
0.57520092
0.55413491
0.60764837
0.57074738
0.56683189
0.58935261
0.55193877
0.57059705
0.55192244
0.50985682
0.365605
0.52587765
0.54444247
""
0.56371945
0.61044812
0.54485202
0.53697371
0.62202275
0.50366777
0.64374113
0.57312471
0.57915896
0.67592722
0.66973966
0.65251124
0.65313762
0.55910325
0.59261858
""
0.4962672
0.45535797
0.62062114
0.51936769
""
0.56673503
0.56813931
0.52127582
0.59074545
0.58747667
0.57278746
0.48565316
0.51055425
0.48148227
0.40120679
0.58845413
0.53393608
0.54283702
0.55572164
0.5256831
0.51765525
0.57451481
0.54865521
0.56302947
0.58617222
0.52498317
0.4657912
0.58969313
0.58137172
0.51308274
0.53154117
0.5587551
0.53970391
0.52600837
0.53562582
0.43083337
0.50670838
0.55774564
0.59942448
0.52174884
0.57667899
0.58322626
0.62824214
0.57883292
0.47772947
0.57923007
0.62484753
0.48810852
0.55671948
0.67306918
0.60763264
0.52308524
0.51154763
0.55237544
0.49946967
0.55057293
0.54713809
0.57068366
0.54897016
0.53399688
0.55830127
0.5416984
0.50143546
0.50541216
0.59547007
0.50767761
0.48990369
0.59201038
0.56056333
0.58687764
0.59254318
0.58614463
0.59947032
0.46505675
0.58921939
0.55278879
0.5440616
0.59725291
0.5570789
0.48591629
0.5195353
0.54821861
0.48238865
0.5084843
0.4602876
0.46838295
0.51465988
0.48025748
0.43223459
0.61821592
0.51127249
0.47657675
0.50393599
0.58466315
0.57376248
0.55451542
0.61936843
0.6004957
0.6194005
0.59076619
0.5534324
0.61617935
0.53579164
0.53616214
0.49542001
0.5636341
""
0.54634601
0.47080672
0.59323066
0.53156495
0.59425688
0.52295125
0.46719
0.53043199
0.52540821
0.52244925
0.5807786
""
0.56458461
0.56053942
0.50327188
0.57212234
0.4945772
0.57277608
0.60485965
0.57731014
0.53273094
0.5328536
0.57526666
0.52690679
0.57918274
0.54040945
0.55216205
0.5628916
0.52416688
0.5647018
0.56157482
0.57575494
0.59652501
0.5640775
0.53213668
""
""
0.58788174
0.50280124
0.42150375
""
0.51006454
0.52098298
0.5752576
0.52127856
0.55840939
0.56071097
0.52072603
0.54354089
0.46355486
0.53854018
0.53801435
0.51311326
0.54860616
0.51680416
0.4998171
0.5689072
0.52138454
0.49341059
0.53067493
0.4484309
0.5156731
0.50234693
0.55038935
0.61842442
0.60646617
0.52622592
0.50647664
0.4771632
0.63021487
0.55636531
0.55869347
0.53774989
0.54208744
0.58200002
0.52486295
0.60647845
0.51249814
0.58406532
0.6609838
0.42815682
""
""
0.60678399
0.61011285
0.607696
0.57090712
""
""
""
""
0.54643583
0.51600665
0.66813803
0.47158387
""
""
0.62488037
0.5547443
0.61965173
0.58829069
0.46978992
0.56507301
0.54567719
0.62843245
0.59895772
0.52681154
0.55790186
0.51198387
0.57420397
0.58260608
0.49316278
0.51609969
0.48933232
0.58148652
0.58744973
0.55510116
0.48248038
0.56812131
0.61905831
0.57750571
0.49963817
0.48578662
0.53151596
0.53771925
0.49098495
""
0.59507161
0.59690052
0.54521912
0.58273369
0.56824648
0.60443282
0.51278645
0.52323508
0.52220488
0.54255927
0.54823923
0.5937832
0.50464725
0.52149665
0.52066588
0.50453949
0.52248365
0.48978576
0.51617402
0.59067941
0.54071814
0.51343966
0.51501697
0.58006847
0.55217993
0.49755663
0.52941763
0.54715276
0.46098843
0.48245496
0.45532456
0.48866898
0.48332494
0.4723973
0.54453492
0.55409873
0.53196907
0.49862057
""
0.5613094
0.43100423
0.40101668
0.62689996
0.52911073
0.5234285
0.58757633
0.60688192
0.59839445
0.59937882
0.57506788
0.5171687
0.48772892
0.4063133
0.52413404
0.53237838
0.59013003
0.57158446
0.54862773
0.53628111
0.56862807
0.51006645
0.53152722
0.52613741
0.4109306
""
0.62541938
0.59900331
0.45971844
0.48104107
0.54457003
0.58698523
0.64951313
0.59427381
0.49326614
0.4540906
0.45352975
0.39709112
0.50163031
0.54857451
0.5216251
0.54965544
0.47529787
0.62556696
0.56322718
0.49573502
0.50549507
0.60530305
0.57205755
0.56365687
0.46691149
0.47745866
0.52861601
0.49398085
0.52587366
0.47318983
0.43049634
0.50269353
0.44573408
0.48885787
0.43764523
0.56511259
0.55860323
0.52654707
0.53165996
0.57591498
0.51276702
0.53018075
0.55364865
0.55681026
0.54389817
0.55781394
0.57381153
0.5227738
0.52130222
0.52619487
0.51710874
0.43722463
0.51517582
0.51875526
0.52156919
0.45692533
0.56031924
0.56470758
0.5675866
0.59203315
0.57163852
0.56093812
0.5792774
0.48208857
0.41207561
0.50877684
0.55136746
0.59463632
0.58585423
0.47571945
0.55794674
0.45381388
0.57207048
0.59021604
0.58811879
0.43793377
0.51752681
0.55934024
0.52829516
0.51816767
0.54335803
0.55726445
0.60994083
0.59837359
0.55695224
0.66410375
0.59635705
0.57415801
0.54777658
0.59727335
0.52022278
0.58467233
0.61201262
0.616552
0.58580607
0.54883093
0.57258427
0.50217342
0.52426869
0.53848684
0.61719561
0.61132461
0.5800823
0.48795485
0.50579494
0.57823932
0.53429556
0.4898504
0.49202174
0.50799191
0.52025259
0.56344712
0.50633031
0.53223526
0.57493478
0.48673192
0.51191121
0.52617764
0.55480534
0.57816094
0.52555388
0.65463811
0.58281338
0.52818131
0.54157472
0.51808208
0.50741875
0.53183305
0.59530729
0.59689802
0.5767101
0.56852144
0.62632936
0.54454046
0.54638022
0.58603776
0.6324752
0.50229985
0.5755595
0.63044935
0.57259446
0.56066382
0.62620491
0.58979952
0.6020841
0.58866876
0.7277264
0.57698965
0.60543311
0.56494141
0.60241652
0.61287487
0.56343681
0.5440256
0.62163723
0.68492144
0.60168731
0.62697774
0.62370515
0.5671975
0.50388998
0.5567171
0.54352838
0.6418981
0.56588608
0.56922436
0.58770603
0.63279176
0.57649505
0.57009411
0.52149278
0.5150122
0.61220074
0.59078556
0.58925265
0.58056021
0.60519856
0.64628172
0.57209194
0.57281148
0.54101241
0.55254632
0.46066588
0.5856092
0.53374279
0.53724694
0.55486119
0.54276687
0.52221054
0.55098665
0.5143925
0.49193001
0.46646759
0.50101101
0.53441197
0.53861743
0.50312799
0.47182256
0.53390545
0.49980846
0.51192337
0.59451693
0.57082373
0.48799574
0.53684169
0.50083023
0.51909447
0.49900839
0.48287791
0.50873435
0.46191001
0.51636887
0.49884614
0.5072372
0.49953794
0.50829542
0.5429526
0.48520997
0.50808305
0.52714825
0.5994063
0.60117447
0.68249154
0.62343967
0.59074765
0.59666157
0.56724131
0.55341899
0.55360115
0.53735101
0.56622255
0.54178315
0.53128731
0.48712626
0.54721326
0.49366063
0.60425639
0.52717972
0.60455853
0.54995084
0.51981956
0.54507875
0.57915998
0.59883964
0.42445025
0.36197144
0.51134098
0.45023489
0.38421124
0.38265595
0.41104913
0.37723833
0.44103932
0.5324617
0.51770347
0.46587044
0.47786
0.48784173
0.52309144
0.49626204
0.51017874
0.39147973
0.36285391
0.4117606
0.488096
0.47547367
0.50921494
0.49894959
0.59702569
0.59126568
0.57845801
0.547719
0.52741069
0.42152926
0.40310833
0.4294101
0.43584329
0.57925248
0.60919911
0.51539379
0.56581748
0.61654079
0.60044187
0.554497
0.57836205
0.57591683
0.52164978
0.55275881
0.56023133
0.46754479
0.56175518
0.55932748
0.53501439
0.54238886
0.49708182
0.52593642
0.5251621
0.54974812
0.47817266
0.56227279
0.52521271
0.54765463
0.44671693
0.52036572
0.48895028
0.44374657
0.58191657
0.55532134
0.51946014
0.57717544
0.51881802
0.53113461
0.52238363
0.52235425
0.48830113
0.55634606
0.54146689
0.52707535
0.5387435
0.48483926
0.45570487
0.4845331
0.5551036
0.53158933
0.61884743
0.59629697
0.51319069
0.54931259
0.5073725
0.49336201
0.49126807
0.50157619
0.51750618
0.50941086
0.44453964
0.54157531
0.55249768
0.53518313
0.47288692
0.50477612
0.42322269
0.43668509
0.44451845
0.49514464
0.4292388
0.47838283
0.4258548
0.41792727
0.49285296
0.44746006
0.46767682
0.48284721
0.35540682
0.42386645
""
""
0.51287907
""
0.59957969
0.52905118
""
""
""
""
""
""
""
""
""
""
""
0.41490722
0.54942095
0.34371927
0.59289706
0.50617057
0.62752616
0.60665661
0.61098695
0.46027806
""
""
""
0.28697082
""
""
0.65137815
0.58730972
0.6639834
0.68669438
0.59317517
0.5385111
0.38519594
""
0.44409052
0.61788112
0.60885906
0.53516912
0.45564815
0.43775231
0.34824434
0.50687796
0.58237803
0.63627058
0.53532028
0.57633859
0.5293501
0.66377592
0.45446607
0.56767559
0.5653553
0.4994809
0.54604924
0.47786361
0.46300983
0.51936412
0.51521134
0.53120399
0.53463095
0.49642569
0.49552324
0.5125283
0.50148743
0.50385815
0.45483357
0.52210569
0.48732236
0.51471996
0.57036108
0.53323191
0.49944377
0.56824362
0.54616088
0.53236902
0.57067835
0.58097529
0.60042804
0.56560808
0.51987654
0.50637496
0.57207692
0.49606037
0.50426018
0.44973072
0.43535063
0.43964204
0.56026357
0.5552119
0.5828619
0.53526306
0.51122725
0.49195585
0.64133418
0.58784628
0.50998116
0.53944105
0.5525139
0.54024768
0.67832834
0.59906179
0.62508225
0.52864802
0.6055221
0.60558677
0.6269443
0.60190976
0.60115874
0.62026489
0.60939354
0.5597893
0.55447793
0.58574724
0.55335075
0.54468215
0.57098752
0.55636752
0.56486976
0.6311264
0.61121035
0.61477482
0.62412518
0.59850281
0.63043666
0.56905907
0.5988192
0.62630337
0.52118534
0.61268866
0.62363315
0.52389044
0.56342667
0.62532753
0.57429558
0.63520664
0.51804292
0.61944151
0.59168857
0.62844956
0.5624494
0.53104872
0.48684344
0.3259367
0.45869136
0.43875125
0.43458229
0.67109847
0.5831598
0.33317864
0.4006395
""
""
0.44639564
0.36788347
""
""
0.47676283
0.55607998
""
0.53143156
""
0.51845342
0.5907979
0.55852818
0.52079403
0.6104908
0.56479472
0.45209268
0.59599656
0.54246801
0.60278815
0.55550051
0.6260336
0.54650778
0.59899473
""
""
""
""
0.43687645
0.54279059
0.58204454
0.53121173
0.55536652
0.49841425
0.53054279
0.45401418
0.53131479
0.43945915
0.59040606
0.50844681
0.57659
0.54576874
0.50159198
0.49124849
0.56271923
0.51705748
0.52040946
0.54698074
0.57072896
0.53706199
0.53678334
0.60172063
0.57901609
0.54532921
0.5985229
0.57293934
0.56181234
0.55715108
0.59843343
0.58239591
0.59959531
0.54809052
0.53009796
0.51586604
0.51696879
0.56753474
0.52533913
0.56954223
0.52863121
0.58319205
0.54023403
0.5846563
0.62101656
0.56983906
0.5330888
0.52629828
0.55097777
0.56534529
0.58925325
0.53199023
0.57598406
0.55417389
0.61053991
0.55176878
0.56110775
0.55509806
0.51382059
0.54052967
0.49487919
0.57585406
0.56394851
0.5862335
0.54188895
0.55873489
0.54291892
0.52577132
0.56632042
0.52933872
0.51241338
0.53214711
0.56947708
0.50514209
0.5422101
0.47057223
0.5006457
0.50762248
0.52144325
0.50361848
0.4380087
0.54722053
0.58155322
0.59841233
0.58174628
0.57594419
0.56202358
0.58777767
0.48989049
0.53953522
0.50936395
0.53056425
0.49309388
0.50462878
0.51488823
0.5371455
0.56507444
0.53942662
0.56740177
0.54381979
0.59498215
0.55251509
0.54780954
0.57675707
0.56138068
0.57243007
0.50526249
0.56083822
0.5507794
0.555722
0.60068876
0.54413259
0.59627098
0.58599848
0.56581712
0.49240446
0.47770491
0.50055736
0.50280339
0.51625979
0.57353842
0.56833565
0.56874502
0.60571986
0.50081778
0.51259267
0.49978456
0.56426096
0.54802954
0.53167015
0.5253669
0.56436861
0.55864197
0.62733203
0.57235569
0.48926091
0.56876838
0.46946383
0.49730244
0.5916115
0.55572295
0.58746451
0.5355776
0.51897055
0.46641502
0.47934881
0.59498662
0.54351258
0.48019764
0.52224201
0.55033153
0.52097851
0.53686726
0.61188054
0.59531701
0.56074291
0.5074774
0.54191262
0.55496371
0.52000648
0.54395252
0.53038454
0.48116988
0.4936575
0.48694682
0.48016495
0.48091027
0.55119252
0.56437451
0.57106221
0.55103928
0.51331776
0.51300597
0.5200941
0.52420509
0.52417064
0.5843367
0.58709794
0.5163129
0.54482031
0.5468663
0.49939507
0.53307539
0.48324484
0.51909411
0.57963914
0.63848096
0.568519
0.63506442
0.48927119
0.50307262
0.4867951
0.58871692
0.56628001
0.63157433
0.52174246
0.49299991
0.44746366
0.56619507
0.53528088
0.53971058
0.52458727
0.53000802
0.55696541
0.63856083
0.57361752
0.60664332
0.59281927
0.62170273
0.58019018
0.55631399
0.51759905
0.51663154
0.5098483
0.42689741
0.55108404
0.50686991
0.43696532
0.56438977
0.54993385
0.55791569
0.52214432
0.52912086
0.4603377
0.49066484
0.49746454
0.51989746
0.4879218
0.56464934
0.54204875
0.53698146
0.53616786
0.55966163
0.547221
0.56104219
0.61253452
0.51633137
0.56148422
0.62989753
0.63887495
0.70402342
0.62534124
0.59487438
0.63875556
0.55051911
0.67807853
0.63944447
0.6073212
0.6438244
""
0.62299222
0.64706206
0.59085542
0.60901457
0.60457593
0.49005938
0.52981263
0.52746063
0.50791699
0.49247277
0.49599367
0.51070386
0.48081049
0.5268113
0.53644317
0.52543777
0.45572239
0.57174063
0.51386297
0.54119176
0.56662023
0.53835773
0.51897347
0.53052467
0.51912957
0.40872258
0.54117453
0.53723735
0.50054097
0.5774768
0.64180219
0.58208376
0.57892776
0.62421757
0.49382776
0.49311835
0.44518912
0.47211173
0.42383972
0.60658532
""
0.55648607
0.64673251
0.62650722
0.49822032
0.5312686
0.55318731
0.57668811
0.64721322
0.55545121
0.61023313
0.59425479
0.56173301
0.58523512
0.62512249
0.57518339
0.55664188
0.55612671
0.67298889
0.64455092
0.57715774
0.6495477
0.63899177
0.62160224
0.64663213
0.58254188
0.63505244
0.57882613
0.58567691
0.61482137
0.6161496
0.63508785
0.63259631
0.5895502
0.62604457
0.58834511
0.59677207
0.64179188
0.58668876
0.61783761
0.56846577
0.64094371
0.60442829
0.62698156
0.58124685
0.53392905
0.56753588
0.55413532
0.59576684
0.58183765
0.53293556
0.55526143
0.58846498
0.58360475
0.54603958
0.65307075
0.65377057
0.59206355
0.63141656
0.61408293
0.56241518
0.6381287
0.63007677
0.64939636
0.59532458
0.63306099
0.60150099
0.61542422
0.5930534
0.60622197
0.69133425
0.54263425
0.63595104
0.51617408
0.61938524
0.65675771
0.54499435
""
0.50611401
0.51725495
0.53446442
0.54662317
0.64699972
0.66281128
0.60164821
0.53309107
0.54826552
0.524064
0.47561532
0.45903203
0.52934813
0.50212705
0.54343802
0.53958899
0.48514649
0.5261721
""
""
0.56198901
0.57116395
0.5695073
0.57515579
0.4305056
0.44464698
0.61601496
0.56668562
0.5954057
0.61603343
0.60121328
0.61698741
0.45589352
0.56447983
0.64626294
0.60993981
0.56610656
0.58511049
0.59629172
0.60545969
0.6566909
0.63264817
0.61228943
0.59221876
0.59378535
0.60267836
0.54635578
0.54345745
0.61220491
0.57048976
0.66492426
0.54956317
0.55968207
0.50767505
0.54330879
0.56316209
0.55136961
0.55712253
0.57014912
0.5118441
0.55681992
0.52099234
0.41483581
0.55353874
0.4717012
0.53138232
0.48923054
0.59378558
0.56225342
0.50944108
0.6148802
0.68056011
0.56544775
0.58533806
0.51977831
0.48622075
0.52809364
0.47691271
0.5535832
0.56192142
0.41468719
""
""
0.53908515
0.53724784
0.51189268
0.57446367
0.54072851
0.52443814
0.51984453
0.49815741
0.53610712
0.57222575
0.64170706
0.64162445
0.5908348
0.5772534
0.62089306
0.65775526
0.61832219
0.62011433
0.57289857
0.58618647
0.68024135
0.656721
0.64365572
0.67126667
0.64463443
0.67768788
0.65805596
0.60896611
0.58555776
0.37399933
0.57218975
0.51735979
""
0.59488857
0.62451565
0.61748528
0.6167984
0.60439682
0.62686133
0.65124482
0.55407238
0.53355592
0.53404248
0.48742303
0.58526325
0.57959539
0.67959702
0.63969702
0.71731991
0.65911907
0.62067056
0.58822495
0.6571027
0.6968078
0.67810684
0.66687799
0.66786206
0.65145993
0.63822711
0.55965537
0.59085453
0.61953753
0.63237131
0.60586035
0.63983774
0.68813014
0.64869505
0.67090172
0.57949245
0.54101485
0.57941455
0.53622967
0.62477571
0.61869079
0.62760758
0.52997559
0.60300446
0.56557983
0.57993251
0.61621392
0.52407181
0.61694157
0.56675571
0.63467664
0.61773103
0.5715425
0.57107294
0.57903749
0.57308775
0.57006168
0.43541873
0.55231184
0.63537925
0.6617226
0.67855912
0.63336205
0.61434269
0.63361019
0.66543484
0.67036217
0.55410385
0.60935575
0.61096996
0.56837511
0.61374712
0.66435224
0.59484172
0.60698074
0.62772828
0.65043437
0.6120913
0.61035603
0.65712047
0.66009176
0.62502104
0.63636827
0.64896262
0.62176365
0.62714797
0.63904369
0.65722644
0.63490283
0.61932319
0.62012023
0.65308607
0.66348261
0.6737895
0.65178651
0.68421108
0.66459119
0.64132988
0.66838187
0.49699152
0.55433428
0.62397188
0.60478151
0.53006715
0.56149483
0.46475813
0.50204992
0.60367787
0.52097356
0.49303219
0.56169587
0.48588011
0.5331974
0.53123522
0.55594057
0.55915439
0.53035432
0.58305776
0.51608616
0.50786781
0.527713
0.57374138
0.59474111
0.50733012
0.55847812
0.48215398
0.46815518
0.57714099
0.55986983
0.59783804
0.53978378
0.50307769
0.53207773
0.49962056
0.47745153
0.5184409
0.51030898
0.57150704
0.49967054
0.49470824
0.56163073
0.54845113
0.5308035
0.50594527
0.58198446
0.56167561
0.58262104
0.51913154
0.54472017
0.52288634
0.48052403
0.52979046
0.48672661
0.49381089
0.48310271
0.55249095
0.5122695
0.46666455
0.48589265
0.52047634
0.47118732
0.48407662
0.51771122
0.5203867
0.4606213
0.57065248
0.50850713
0.54758108
0.57050127
0.54138106
0.51290655
0.61266488
0.47661519
0.52503908
0.51714921
0.49459195
0.49984822
0.43121374
0.45866701
0.50753307
0.49131441
0.50385296
0.51125067
0.48197919
0.51885712
0.54480422
0.47406095
0.50530499
0.47644258
0.51134199
0.50299609
0.491319
0.52002823
0.49033883
0.56137413
0.62527353
0.544469
0.47905904
0.4268209
0.47865272
0.57690549
0.5654552
0.55851799
0.4941842
0.5652889
0.67357421
0.63918489
0.54331505
0.55080891
0.60118073
0.51955152
0.49590102
0.61598665
0.38486764
""
""
""
""
""
""
""
""
""
""
""
""
""
""
""
0.42253235
""
0.42348489
""
0.38782066
""
""
""
""
""
""
""
""
""
""
0.60468876
""
""
0.56920511
0.58864695
0.5386045
0.61485726
0.59370631
0.60461503
0.55004597
0.49348286
0.54669857
0.55283886
0.43740028
0.45911619
0.54300034
0.54330301
0.46458521
0.4570224
0.4657993
0.45088372
0.45178765
0.6398415
0.56070322
0.49395448
0.43113714
""
0.62522274
0.56619614
0.5518049
0.46968693
""
""
""
""
0.42035326
0.53163904
0.43338504
0.49153599
0.41222131
0.44005334
0.37757489
0.55597878
0.58778876
""
0.50637364
0.44111592
0.50691962
""
0.56554848
""
0.51742917
0.55974221
0.63685697
""
0.50841558
""
""
""
""
0.54326242
0.58588785
0.56463802
0.56095284
""
""
0.45134634
""
0.45790285
0.55908191
""
""
0.57060039
0.56277645
0.60695362
0.54899973
0.66336942
0.60666651
0.45586607
0.43839008
0.5877468
0.53875631
0.57143116
0.49782196
0.45068359
0.49207106
0.56046444
0.59019727
0.56024128
0.5568136
0.53899527
0.47730112
0.59299618
0.59477085
0.60383046
0.54078186
0.5766232
0.55234122
0.62472481
0.54243267
0.56088352
0.46864846
0.56601441
0.56464565
0.62988234
0.58806521
0.5967229
0.59940296
0.61587065
0.55593938
0.72828907
0.62589329
0.64600188
0.68341488
0.44170925
0.59382498
0.59613806
0.64028686
0.56371367
0.56695753
0.51563054
0.5216772
0.57781339
0.5718562
0.53893107
0.53685343
0.52739412
0.58560956
0.54827279
0.48189017
0.57335353
0.57143635
0.49944112
0.51492232
0.5334456
0.63289344
0.56098145
0.60085416
0.5291096
0.55747741
0.54164004
0.55693161
0.5398525
0.56974679
0.55364704
0.53905547
0.55473536
0.56317168
0.54692572
0.48083633
0.53162736
0.54755199
0.56051445
0.5428468
0.59420109
0.54155511
0.57233733
0.55328637
0.54282969
""
0.49427769
0.50101554
""
""
0.61987323
""
0.53851545
0.59195065
""
0.55256116
0.55788201
0.56937152
0.61313272
""
0.59101176
0.63875073
0.56131381
0.54565459
0.51596326
0.6140368
0.56794208
0.56345648
0.56344521
0.5386197
0.5136205
0.44537804
0.53031433
0.53707832
0.57076037
0.57196146
0.54506356
0.57375932
0.59763837
0.5526759
0.56061602
0.53291768
0.5315007
0.58632392
0.55307883
0.57109022
0.54348707
0.5688495
0.53960425
0.61438024
0.53883386
0.52037799
0.63693577
0.57570559
0.60329294
0.57346302
0.48751628
0.5946089
0.44896242
0.57645583
0.495628
0.5285905
0.43261361
0.50636762
0.52184248
0.47738227
0.51940149
0.54244834
0.55800873
0.4835698
0.49283972
0.56441003
0.57399356
0.53967595
0.59666491
0.58083427
0.55200726
0.59060967
0.50148344
0.61884201
0.67400277
0.54978055
0.56014311
0.51348263
0.59125352
0.59456873
""
0.60102385
""
0.62739217
0.5678761
0.60702819
0.58077961
0.55231893
0.66939354
0.56758118
0.58095592
0.53453064
0.54798281
0.58199531
0.55099893
0.56186891
0.5348689
0.61813194
0.60043395
0.68422496
0.69316316
0.6743055
0.63856274
0.63333482
0.65363556
""
0.62647742
0.67009574
0.52079344
""
0.58040178
0.54136354
0.47541827
0.65953249
0.71789187
0.48731816
0.56282848
0.55384749
0.57538122
0.63312781
0.58330697
0.61688495
0.6142354
0.64534754
0.59397453
0.61452454
0.57182389
0.59580046
0.53113276
0.53143615
""
0.58839321
""
0.5076049
0.62737149
0.65060204
""
0.60809588
0.46899921
0.43002495
0.57455003
0.5607233
0.5806402
0.56132406
0.60572946
0.5913856
0.65978104
0.60513121
0.53349733
0.51893723
0.52082634
0.5322727
0.50658351
0.53547919
0.58928502
0.63213825
0.62298709
0.61128086
0.60751408
0.56998742
0.58711016
0.57635325
0.55957669
0.65856457
0.60026008
0.61530936
0.61091155
0.61531007
0.5867123
0.6130448
0.66255283
0.59117675
0.59811211
0.55498129
0.59498596
0.60077018
0.53914535
0.5359081
0.63709724
0.63329703
0.61184257
0.62991834
""
0.49098498
0.65845573
0.63544291
0.64522266
0.67989302
0.65920627
0.61927068
0.59627879
0.62309551
0.58999866
0.61886036
0.62370169
0.64140952
0.64339155
0.63297248
0.57109708
0.6119234
0.54411775
0.56693304
0.53763485
0.5761289
0.64262724
0.60490364
0.60364103
0.63237667
0.62406343
0.61242741
0.63083017
0.60811144
0.59528917
0.63006282
0.55487901
0.65726179
0.64649183
0.60910076
0.54280216
0.59652478
0.68194163
0.60938746
0.58854806
0.66399741
0.61317015
0.62296712
0.61868602
0.61126006
0.63630599
0.68108928
0.6133517
0.62337929
0.60174787
0.60114276
0.61215299
0.57373953
0.60344422
0.57459164
0.64327866
0.63007557
0.61811864
0.58618778
0.60913634
0.57841086
0.61474776
0.62121135
0.5908128
0.62398255
0.67733449
0.63860798
0.60581708
0.65871507
0.63110512
0.63373631
0.55254477
0.55277288
0.64855188
0.5488776
0.55656636
0.55212796
0.53033561
0.43800631
0.43135864
0.53442943
0.38929564
""
0.48366573
0.52483457
0.44355366
""
0.48424876
0.49957502
0.51320195
0.46144626
0.51260358
0.44500807
0.46823478
0.51435989
0.50474143
0.48242047
0.50613767
0.46263844
0.53090322
0.56803381
0.50209355
0.51727283
0.49263138
0.55786788
0.60901356
0.60246468
0.55785465
0.5822407
0.39202932
0.44954643
0.52227807
0.52472436
0.57607204
0.62301177
0.57558894
0.62635022
0.57431948
0.53064185
0.59553486
0.45268431
0.40933433
0.45966777
0.44502974
0.54544872
0.54007518
0.55157924
0.51797152
0.58120614
0.42004958
0.43935555
0.43434215
0.52496123
0.52225858
0.60890836
0.53266549
0.51770437
0.51930636
0.56512344
0.60770613
0.60367393
0.54285216
0.58713233
0.51704627
0.58888614
0.63658661
0.59788567
0.69267708
0.65546644
0.5911516
0.61312872
0.6067282
0.66354567
0.63726795
0.5612421
0.58785254
0.52956212
0.6118083
0.52656692
0.55532146
0.60123962
0.5800516
0.63681287
0.56822371
0.59060198
0.62841368
0.60183769
0.5752117
""
0.58261228
0.60771674
0.64022863
0.62389964
0.66754478
0.64540672
0.61045414
0.59946972
0.59214193
0.61555612
0.67491347
0.64336598
0.55927402
0.64153165
0.63445741
0.58129686
0.60016483
0.62036157
0.6205613
0.57433367
0.70857435
0.64269
0.70858157
0.57601207
0.67155975
0.63967574
0.62344551
0.64888573
0.66100925
0.63368249
0.66443908
0.67153329
0.64294338
0.62120569
0.48128134
0.56597483
0.58478796
0.55469662
0.61236656
0.65037882
0.65243715
0.61303145
0.60377473
0.64518106
0.65398014
0.66775483
0.62009829
0.62872821
0.66224271
0.64200181
0.70917171
0.65073019
0.60647547
0.62058693
0.6135751
0.63617975
0.6348784
0.56844789
0.6065082
0.66115606
0.62197524
0.71082664
0.72222328
0.73285079
0.58831561
0.65561688
0.66016662
0.55042833
0.59153444
0.67085069
0.59179527
0.69542593
0.64085102
0.52775043
0.60440606
0.60709733
0.49821523
0.61081481
0.57214856
0.56845784
0.61770242
0.59128946
0.55647874
0.59169149
0.51607192
0.55936933
0.60762012
0.66471678
0.58982265
0.56718916
0.6179291
0.58128744
0.58494395
0.56789654
0.67604524
0.62293482
0.55782729
0.63524747
0.65077841
0.60580212
0.61634171
0.54100096
0.64897227
0.61465067
0.55521166
0.61507404
0.59567541
""
0.58279169
0.60009384
0.64370811
0.6265521
0.54765761
0.62871546
0.61189359
0.59651077
0.60153753
0.61138147
0.63342673
0.5851804
0.56574398
0.5781132
0.59203023
0.61447954
0.62276632
0.53172052
0.56026745
0.46425226
0.52070075
0.4814252
0.49970511
""
0.50883299
0.45381853
0.56075203
0.59032971
0.50022745
0.5630278
0.58776957
0.62700969
0.59482902
0.58881998
0.61281258
0.55097526
0.55128008
0.57593244
0.49081942
0.50966841
""
0.46381977
0.43625024
0.45403662
0.46632549
0.539056
0.60639191
0.57978219
0.55539232
0.59387159
0.58222753
0.56731445
0.57630849
0.5097667
0.57810956
0.56794554
0.49529514
0.52145886
0.48854354
0.58148581
0.53104049
0.56103319
0.5706588
0.61769164
0.58205521
0.58712453
0.59677148
0.64431959
0.60292619
0.59986323
0.62024897
0.59474462
0.60785466
0.64613271
0.70583045
0.60541332
0.60242164
0.59243119
0.69508862
0.63097268
0.68167919
0.62721771
0.61487097
0.58966821
0.58103782
0.66253096
0.62274963
0.59610128
""
0.61119497
0.65282303
0.56178975
0.54273736
0.58466983
0.59342402
0.63502985
0.64949578
0.602606
0.62555033
0.68550438
0.62725484
0.5942862
0.64522308
0.66036421
0.60845548
0.56364441
0.57845241
0.57963622
0.63069648
0.66938943
0.63726401
0.60222811
""
0.60102707
0.57682365
0.63931692
0.65041995
0.61903006
0.61419559
0.60325897
0.66902852
0.59588057
0.61283362
0.53869009
0.57714278
0.65681797
0.60126448
0.6193372
0.62383974
0.63130563
0.616548
0.66816628
0.63667542
0.64588493
0.67074674
0.61240345
0.57902563
0.60758752
0.61791384
0.65246236
0.62097037
0.59565526
0.5813095
0.59927779
0.60618389
0.56029975
0.59091783
0.62784559
0.61964661
0.60763901
0.64543331
0.63957202
0.51591164
0.58135134
0.56513721
0.54234695
0.59664232
0.65088618
0.58771944
0.61552274
0.62139159
0.5504424
0.57000488
0.5986616
0.53664434
0.54174745
0.57436544
0.5140186
0.57290661
0.60102576
0.58713782
0.57212746
0.62021953
0.66351825
0.63580596
0.66968751
0.61333901
0.59929264
0.60174471
0.54210216
0.60539776
0.59392786
0.55454206
0.68261069
0.6182335
0.70142311
0.63992172
""
0.61167616
0.63337642
0.59505635
0.59119511
0.62608981
0.6535517
0.65110797
0.59053475
0.63154519
0.59491867
0.60614699
0.58726144
0.61322731
0.59607661
0.63772166
0.63331485
0.64029658
0.57626075
0.58813816
0.47004494
0.60350168
0.60080171
0.64439148
0.61253977
0.66888517
0.61814427
0.59968823
0.58637047
0.62767589
0.58456606
0.66053659
0.58819121
0.62829077
0.63745332
0.43344849
0.64383298
0.64594495
0.6281541
0.58811855
0.60893947
0.61439604
0.58318466
0.6253283
0.62318027
0.59948933
0.60736847
0.6486026
0.6252895
0.55880892
0.63038617
0.60772419
0.63597906
0.61555314
0.55728215
0.52092576
0.55372792
0.55130923
0.56278336
0.59158725
0.59122688
0.55669415
0.53756487
0.52897322
0.52775478
0.52181691
0.45916542
0.53980696
0.59337497
0.54321003
0.63241041
""
0.41801262
0.37539494
0.41229895
0.46251222
0.53469241
0.51292443
0.53054005
0.52332681
0.53813487
0.52613574
0.49494517
0.49673721
0.5409416
0.45411956
0.53131896
0.45706144
0.45162088
0.47641051
0.46037042
0.5068329
0.44924557
0.49190161
0.45863816
0.48690134
0.42508557
0.58061188
0.52417165
0.6182586
0.48427153
0.4036791
0.51073122
0.51479822
0.47806486
0.54722095
0.44728774
0.41336742
0.4606612
0.47876379
0.58937299
0.52974582
0.53093511
0.47145197
0.50294501
0.59572262
0.6627816
0.49631685
0.6272819
0.5652495
0.59727317
0.56536782
0.53280306
0.60472798
0.52430719
0.59567457
0.63908881
0.4223679
0.4855924
0.58990049
0.5541383
0.49679172
0.51740342
0.57328141
0.48903054
0.47540143
0.50437969
0.54570472
0.45598736
0.58185089
""
0.43307123
0.43808955
0.47865859
0.42511013
0.4877058
0.54191321
0.60759431
0.41099203
0.45727023
0.40750915
0.44080201
0.47170517
0.54285604
0.47314802
0.54514396
0.52326405
0.51709008
0.5552808
0.52901196
0.52146935
0.5030871
0.57367021
0.55870628
0.57397544
0.56328934
0.52141172
0.53692442
0.53128666
0.49868795
0.50901765
0.48751172
0.501369
0.56071174
0.52150887
0.5485661
0.56645167
0.54824436
0.40602261
0.62045956
0.53139043
0.52807009
0.5094766
0.54663181
0.55702215
0.50004441
0.58635515
0.57148987
0.57342041
0.63443446
0.49971706
0.53878039
0.58008212
0.54179537
0.59996951
0.52962589
0.5550549
0.60331798
0.62810248
0.62949705
0.49135658
0.53245831
0.46019325
0.52761424
0.5440585
0.56656569
0.50376654
0.49441412
0.55175507
0.5322181
0.61667889
0.54657578
0.47280401
0.40883034
0.45919943
0.48316795
0.52863246
0.42840296
0.47937137
0.54653049
0.54751396
""
0.52217203
0.54159385
0.53994232
0.5569979
""
0.5662474
""
""
0.62475222
0.49060103
0.46813256
0.59400862
0.52187818
0.51890266
0.50153625
0.48913211
0.52946782
0.52556294
0.47951379
0.562042
0.59796929
0.54125559
0.60565454
""
""
0.59612757
0.53590256
0.59890783
0.53810805
0.62978482
0.64188939
0.6090517
0.60258502
0.55044204
""
0.69582921
""
0.56325436
0.62052095
""
0.54658222
0.52286965
0.63789588
0.62470251
0.59329307
0.56776583
0.57759589
0.61769849
0.56392062
0.56187725
0.63408083
0.5751099
0.57325137
0.52912122
0.64485312
0.58391052
0.60972273
0.5428645
0.49736547
0.54467231
0.49447751
0.58756745
0.49860671
0.51690018
0.55529159
0.52022117
0.53805518
0.61601895
0.55911613
0.63575625
0.60430413
0.52223402
0.55830413
0.68190837
0.48613521
0.52977657
0.48519745
0.5503155
0.57423997
0.58108181
0.58135873
0.59348881
0.53767824
0.54332209
0.6335988
0.56987798
0.59131444
0.54445916
0.51490706
0.62067729
0.49958366
0.49614516
0.5109297
0.58358395
0.55220807
0.54932028
0.56408328
0.49054986
0.61792421
0.53750372
0.41442382
0.4666689
""
0.54182369
0.56465709
0.5405823
0.5480389
0.56025821
0.46595427
0.33373663
""
0.6413551
""
0.62508219
0.55168223
0.56643856
""
0.63188148
0.4582864
""
""
""
0.60320991
0.50412381
0.58366805
0.54568386
0.51301146
0.49153891
0.64414948
0.52362424
0.52767301
0.43079534
0.5204215
0.57114905
0.55158156
0.38155958
0.54108816
0.51735032
""
0.47095436
0.47596872
0.56529862
0.42682949
""
0.43515834
0.38450304
0.34382337
0.56033176
0.46397984
0.36584675
0.4840776
0.50075752
0.44303668
0.47990081
0.45742738
0.48649931
0.52000684
0.55264515
0.61118317
0.57595015
0.65797418
0.55807537
0.45940751
0.58957434
0.62079704
0.56541264
0.54552722
0.48532271
0.57530999
0.53998369
0.57646036
0.56691265
0.58105433
0.51277208
0.56577039
0.49298894
0.47700131
0.48252252
0.51490325
0.48331735
0.52696723
0.5365119
""
0.50143647
""
0.52639538
0.47542015
0.55283195
0.56553531
0.55657053
0.58055127
0.52170759
0.60372567
0.57032007
0.58976936
0.5558843
0.53009516
0.56466961
0.56612945
0.55688387
0.62681943
0.5134508
0.54791385
0.59595466
0.62119526
0.53830838
0.52791822
0.63803351
0.56494367
0.60766274
0.54009235
0.49343508
0.60185081
0.59929985
0.53917378
0.52745098
0.51945812
0.50769579
0.59988123
0.5841524
0.54651237
0.59398973
0.55601543
0.58728588
0.56288958
0.61814505
0.53605986
0.62965238
0.54096329
""
0.5810293
0.57106674
0.49480009
0.53695881
0.58037698
0.5044769
0.58704174
0.54751885
0.53334677
0.47369859
0.52965307
0.4567624
0.44886646
0.53262508
0.60999668
0.61849225
0.60398388
0.50390422
""
0.55238873
0.5449937
0.55963862
0.48500115
""
0.46789256
0.50690353
0.58192551
0.59220332
0.49109876
0.65581036
0.62970293
0.48870268
0.62081581
0.57729608
0.62430042
0.56780273
0.58192897
0.59462732
0.49694917
0.56079829
0.6071943
0.58242416
0.52801073
""
0.64344007
0.58081234
0.4464716
0.49392664
""
""
""
""
""
0.62877488
0.58313197
0.57451755
0.56888205
0.60008204
0.59790164
0.60261804
""
0.62047452
0.56119376
0.5376032
0.53463709
0.59106302
0.64696455
0.52472675
0.61500156
0.56555569
0.51375133
0.61234105
0.51420438
0.42746976
0.52433258
0.56606317
0.51434052
0.61174345
0.56229502
""
0.51973653
0.52168489
0.5023644
0.58976561
0.43549138
0.48083332
0.48214787
0.51703507
0.4883357
0.48242196
0.70796251
0.4659166
0.53257209
0.63420773
0.61263162
0.50601488
0.58176422
0.47845912
0.56030768
0.59127361
0.63723677
0.54490834
""
""
""
0.65595251
0.54634696
0.51459229
0.59831178
0.57672149
0.61473072
0.5253315
0.67205143
0.67157596
0.64722031
0.66032171
0.62275732
0.6859991
0.6671192
0.61881179
0.62705588
0.6211158
0.66973561
0.49963847
0.73727
0.43359721
0.65860718
0.57733703
0.60920566
0.55914485
0.62015194
0.67933834
0.64105064
0.67034733
0.61330557
0.59893668
0.54374826
0.55555665
0.50990498
0.52974457
0.46112028
0.51979494
0.60776019
0.60086501
0.51726246
0.53226608
0.57830822
""
0.64034474
0.45809758
0.49177983
0.47490579
0.47791523
0.48236033
0.53357482
0.52206296
0.64127624
0.54594076
0.49886563
0.42546535
0.56784534
0.40633354
0.47323593
0.57259572
0.45956624
0.45778868
0.5718084
0.43214741
0.50688279
0.59170687
0.55262113
0.61165899
0.58365363
0.61618143
0.5694018
0.57634974
0.59460306
0.5830676
0.62485695
0.51919663
0.48378131
0.55972457
0.57439297
0.52695227
0.50095218
0.50740546
0.53676248
0.42689347
0.45112124
0.48833242
0.46915543
0.64487666
0.58971858
0.53417003
0.62470198
0.53011739
0.50823897
0.53079134
0.53017658
0.5507558
0.61156684
0.60832494
0.55076891
0.43279409
0.52279454
0.62950546
0.62624913
0.57009763
0.55753779
0.52447969
0.61404788
0.54724985
0.56740302
0.60002887
0.55657434
0.55637765
0.60999882
0.58177435
0.5078603
0.54205799
0.53059334
0.5657205
0.51915842
0.51628363
0.58832496
0.57246655
0.50034237
0.45792633
0.4570891
0.49698684
0.56406707
0.48983559
0.52886707
0.58966374
0.57782453
0.5676915
0.53120875
0.55391926
0.52690822
0.57833612
0.62147009
0.68085843
0.58984482
0.60760903
0.59199119
0.58197522
0.63673705
0.53675377
0.55811107
0.5112105
0.5300414
0.60520482
0.56692082
0.58261132
0.62170219
0.60898626
0.54482758
0.54128075
0.59283799
0.55407917
0.59771878
0.61421341
0.44936562
""
0.54409122
""
""
0.61794037
0.6478743
0.51131904
0.56371111
0.62159705
0.63583475
0.5547545
0.52683854
0.47740427
0.535528
0.5585078
0.60411799
0.54360187
0.49778813
0.52182353
0.59580493
0.57996839
0.56016958
0.57653672
0.54649609
0.54611212
0.5297814
0.54446888
0.55330145
0.56295931
0.56205362
0.57983667
0.53429794
0.58426833
0.6239655
0.56354553
0.65356946
0.56061715
0.51745832
0.60880256
0.52362466
0.54823387
0.50130486
0.54189867
0.59908849
0.60536414
0.60250551
0.57193476
0.56356329
0.56445581
0.53730708
0.59201831
0.55022204
0.55034047
0.56522286
0.57020611
0.55143178
0.55273438
0.57501674
0.58942425
0.62440735
0.55347699
0.46816447
0.58848286
0.58174443
0.55989939
0.52124643
0.57315838
0.59631598
0.64635086
0.53571546
0.54483259
0.55961627
0.55994529
0.5612179
0.54287207
0.58401519
0.58297527
0.53019118
0.57303363
0.59009784
0.5453161
0.5820598
0.54181916
0.50952351
0.49554235
0.49376279
0.53356552
0.5378201
0.64968848
0.58195817
0.58615649
0.56558287
0.5938465
0.5957976
0.61253536
0.52856356
0.59569871
0.50860214
0.54460979
0.59686953
0.54249859
0.59574264
0.60374826
0.6012041
0.59009516
0.60116059
0.45842689
0.45408469
0.48182073
0.44168773
0.61976391
0.58264512
0.46420705
0.4582406
0.58102393
0.55198318
0.53929323
0.55723286
0.59230256
0.61033028
0.60864943
0.64202344
0.62107939
0.65224731
0.64696038
0.69564074
0.62175143
0.61012024
0.66264039
0.642308
0.57552111
0.57371384
0.55147231
0.56904745
0.50824481
0.55990684
0.6070767
0.57941455
0.6378774
0.66273904
0.64378446
0.61777675
0.62185538
0.59199947
0.60815203
0.58582687
0.61540675
0.62511683
0.62302148
0.64759499
0.64434558
0.66350752
0.63584113
0.62190276
0.56798571
0.59261757
0.57779503
0.64858544
0.63403577
0.55922288
0.57590157
0.5267787
0.59765345
0.60218054
0.60681778
0.56391054
0.57919502
0.50296003
0.58947212
0.56438369
0.55204988
0.54521716
0.5557158
0.61851752
0.61456358
0.61040568
0.51056898
""
0.59602112
0.61950892
0.5300141
0.54678744
0.63714021
0.62898093
0.61980385
0.62551296
0.55624932
0.54781044
0.55727011
0.60153389
0.49270436
0.54912186
0.58171326
0.62541473
0.54502344
0.56426466
0.59880567
0.51879197
0.57079065
0.53294992
0.57394165
0.57971334
0.58107227
0.59278446
0.58654279
0.61142135
0.51355225
0.59791797
0.50544888
0.51961148
0.55850476
0.53129005
0.63520902
0.51943576
0.57500201
0.60165143
0.56061876
0.54268003
0.58070493
0.62780672
0.65532422
0.60885549
0.66458189
0.63511813
0.61437649
0.61639208
0.63123488
0.62804878
0.57089865
0.56779951
0.58076239
0.58168012
0.58978873
0.56664145
0.56082004
0.53727877
0.5732308
0.55992573
0.56069279
0.60454357
0.47403419
0.62112188
0.57173759
0.50229412
0.61342788
0.63970608
0.54578853
0.63126647
0.64178908
0.57034487
0.64223075
0.61766309
0.58707005
0.55901021
0.57421279
0.55939627
0.52122867
0.53770667
0.58321959
0.58057845
0.62625891
0.60036558
0.62969977
0.62248266
0.58444488
0.60417652
0.62829834
0.59220493
0.69049251
0.57678986
0.68227553
0.63215715
0.55897582
0.5709666
0.56536233
0.59097201
0.51372147
0.63240016
0.6619435
0.70429343
0.60942036
0.63204908
0.54801637
0.61860782
0.61899912
0.55474114
0.61016893
0.58362871
0.62532997
0.61901081
0.58192325
0.57881939
0.60244238
0.59007961
0.54824013
0.57023209
0.61501926
0.61122465
0.58103675
0.60126191
0.52353787
0.56139845
0.56660527
0.58725882
0.52181256
0.58243781
0.54644305
0.54428965
0.51991457
0.53587037
0.52744699
0.516617
0.47063738
0.5068258
0.59978187
0.61848915
0.40879494
""
""
""
""
""
""
0.43598402
0.52790302
0.4291757
0.44077983
0.58592671
0.54333836
0.49785322
0.50979674
0.63229436
0.61178154
0.62747216
0.62032646
0.58950299
0.55976015
0.62833327
0.61666912
0.63751429
0.55152607
0.59329951
0.57956189
0.63175076
0.61981601
0.57604748
0.58772391
0.68904209
0.58984411
0.49494138
0.61600637
0.5455929
0.61617941
0.5882358
0.51192224
0.64650911
0.55287319
0.59272367
0.59026378
0.4699105
0.4894999
0.61396486
0.45343214
0.63569653
0.62299705
0.61465424
0.64790356
0.7235558
0.64735949
0.68494034
0.58022493
0.51834029
0.619757
0.65561259
0.63947374
0.58440906
0.54839873
0.59693599
0.58412671
0.61169124
0.66071635
""
0.71873146
0.64607817
0.67396909
0.6977464
0.67952913
0.69470233
0.70864493
0.74714702
0.59289384
0.64142412
0.67317939
0.65904397
0.68316889
0.61372578
0.62962389
0.65773392
0.59555906
0.68340838
0.7005474
0.6839366
0.69114459
0.65727639
0.7166689
0.66144186
0.65740812
0.59155732
0.7024647
0.69411975
0.62473017
0.64914507
0.70791823
0.75218862
0.60092092
0.640347
0.66634762
0.54210061
""
0.55765456
0.58656508
0.68597209
0.64697278
0.66808909
0.688353
0.66476852
0.68483138
0.563793
0.54203755
0.5940305
0.70939857
0.68090045
0.6867801
0.67317736
0.69802254
0.62196988
0.60580629
0.69786817
0.69824731
0.67182034
0.69455016
0.59590006
0.60314173
0.61748451
0.60756671
0.59697926
0.62568629
0.70883381
0.74680179
0.53896952
0.60291344
0.67686182
0.64641172
0.57989824
0.62524253
""
0.56173962
0.6695106
0.67633516
0.7054525
0.70051217
0.69194943
0.67801374
0.65350193
0.67750418
0.74184793
0.63251096
0.66235417
0.63771999
0.63716739
0.65690535
0.62906277
0.60216832
0.54822361
0.67167526
0.72382003
0.68399996
0.67357004
0.73974568
0.61411756
0.62972122
0.66290641
0.69229567
0.7244004
0.61679316
0.67476636
0.69162667
0.7093398
0.6949358
0.54992628
0.60070723
0.68328357
0.65764844
0.63049275
0.65347201
0.68643785
0.65296918
0.68160224
0.68380648
0.68880254
0.71366578
0.6715619
0.61586946
0.65844816
0.54228884
0.64985222
0.68423563
0.66672593
0.69856125
0.72854853
0.74472976
0.69055283
0.69216895
0.67465705
0.65048468
0.64671427
0.66700047
0.66312164
0.60920733
0.65559912
0.60449046
0.66554034
0.72491658
0.69811803
0.63312417
0.68258888
0.67840695
0.75024462
0.69799227
0.6766324
0.67090887
0.69112939
0.68515587
0.69964451
0.68531907
0.65782124
0.70275664
0.69060117
0.69897676
0.70777643
0.66211766
0.64492422
0.64674234
0.61162078
0.63428426
0.70781773
0.64636916
0.70393717
0.69750005
0.63522452
0.61855721
0.59277123
0.77537286
0.69136274
0.66563815
0.72211254
0.70296848
0.70928484
0.66526473
0.7368657
0.73779809
0.57103866
0.55736262
0.47552797
0.61983246
0.64741904
0.67386061
0.67437595
0.61601692
0.66716564
0.58788228
0.59590143
0.56696457
0.62336767
0.50458401
0.62709671
0.67651373
0.65221512
0.68093169
0.62831128
0.699606
0.65573514
0.64135766
0.71312088
0.6678077
0.57646435
0.57793003
0.59895343
0.5396232
0.6428228
0.63598675
0.60487789
0.60817361
0.63776809
0.6462934
0.62295824
0.58713377
0.55081087
0.62756169
0.60410184
0.58153623
0.66736388
0.67827296
""
0.64770669
0.63471782
0.57583386
0.58119398
0.49972746
0.55564988
0.55134946
0.55310702
0.53822476
0.53226626
0.60522389
0.66391736
0.60506999
0.56982082
0.53416759
0.6165235
0.63576728
0.51332909
0.56470722
0.63374257
0.50395155
0.57773232
0.52455103
0.49941564
0.57384062
0.54733998
0.66492283
0.69813091
0.66796702
0.66702849
0.69154334
0.64848977
0.62935799
0.70761019
0.67094266
0.62906224
0.65625578
0.62856632
0.63484746
0.69548589
0.58257204
0.59333557
0.59073496
0.64754534
0.56124169
0.64785016
0.62128872
0.64574599
0.6547364
0.66044867
0.70516187
0.68316889
0.63663608
0.60882491
0.65280813
0.64849049
0.70333576
0.68008608
0.65390056
0.63989282
0.66653234
0.67178696
0.63183093
0.64908242
0.60817647
0.59168136
0.57924688
0.54042631
0.55640954
""
0.6665473
""
""
""
""
0.33811557
0.52942836
""
0.40971634
0.46378255
""
""
""
""
""
""
""
0.5140965
0.57991922
0.63757581
0.56145346
0.67969251
0.55989307
0.58385682
0.59295392
0.62353569
0.61151403
0.62323934
0.61205399
0.69829297
0.66306847
0.68916667
0.71642363
0.5955556
0.61324787
0.71881396
0.68903589
0.65642947
0.61843818
0.64988327
0.59189671
0.64684212
0.58615118
0.59550506
0.53764474
0.62465602
0.5880931
0.63903105
0.5837909
0.62123156
0.61018717
0.60783672
0.56629944
0.67520493
0.63324934
0.63872278
0.67777693
0.64052808
0.59912795
0.69877821
0.69630343
0.62077022
0.65947676
""
0.63730711
0.59798902
0.62843597
0.58703548
0.59161776
0.63731956
0.59026861
0.57872957
0.56388497
0.62610197
0.69242537
0.68291998
0.66406459
0.67271298
0.62490147
0.61475301
0.57181996
0.5044719
0.57011926
0.60848886
0.60338259
0.65112454
0.64625829
0.65614295
0.63171744
0.60932618
0.5511902
0.5749526
0.58720154
0.63444483
0.57844388
0.63452303
0.60712731
0.57862389
0.58777279
0.62613416
0.53749144
0.53394437
0.63601148
0.63371086
0.60146612
0.62626857
0.65914571
0.50126481
0.58342081
0.64099181
0.60980278
0.62551981
0.51450819
0.57964146
""
""
0.63014579
0.70462304
0.51847512
0.60564685
0.5252949
0.63826108
0.65019989
0.6009481
0.5601005
0.59252518
0.60422182
0.5983004
0.58651012
0.51082093
0.73273987
0.6478951
0.6574083
0.62679166
0.6628325
0.64520276
0.59373373
0.50703365
0.60628146
0.57548702
0.58477712
0.69699019
0.57517731
0.60441548
0.52994174
0.65759957
0.59205657
0.49385053
0.54193509
0.57538593
0.59861845
0.617706
0.53771377
0.47807151
0.62872869
0.55695885
0.49357349
0.57595432
0.54816532
0.56134379
0.55291879
""
0.49020985
0.55097771
0.5395689
0.48538736
0.60341132
0.60493952
0.61427021
0.56407535
""
0.51213247
0.49373883
0.58428669
""
""
0.62295473
0.53292173
0.53237784
0.50189877
0.56039512
0.60659647
0.61375445
0.55211449
0.60812747
0.54480916
0.55589193
0.6337958
0.66985232
0.52626574
0.62768382
0.59386384
0.52804214
0.50678492
""
""
""
""
0.67187464
0.6555807
""
""
""
""
""
""
""
""
""
""
""
""
""
0.56993526
""
""
""
""
""
""
""
""
""
""
""
""
""
""
""
""
""
""
""
""
""
""
""
""
""
""
""
""
""
""
""
0.60482681
0.68259144
0.70315623
0.68929124
0.67934871
0.62277615
0.67033583
0.59213758
0.61941296
0.70208526
0.63385749
0.66385305
0.6432879
""
""
""
""
""
""
""
""
""
""
0.65146977
0.52741969
""
""
""
""
""
""
""
""
""
""
""
""
""
""
""
""
""
""
""
""
""
""
0.65957522
""
0.52799731
0.64056206
""
""
""
""
""
""
""
""
""
""
0.70451111
0.70033574
0.59868234
0.62150949
0.64819902
0.65857714
0.68648976
0.62967139
0.64326745
0.60500258
0.61116308
0.56563658
0.57458735
0.67058867
0.69406486
0.67838174
0.63845766
0.67610776
0.62052131
0.60152775
0.62396771
0.60801744
0.66383523
0.73406678
0.60131752
0.58908206
0.65721887
0.67545444
0.74445856
0.61816567
0.58732975
0.66359246
0.51095426
0.54269814
0.63937426
0.59334528
0.71436131
""
""
0.63653678
0.64620715
0.6087063
0.61674064
0.63994169
0.60245776
0.68968767
0.67830569
0.7099328
""
""
""
""
""
""
""
""
0.65451258
0.64478338
0.61063296
0.60822743
0.61471707
0.63414294
0.62841707
0.60631943
0.66233706
0.67541701
0.72695738
0.72462833
0.71347225
0.73266882
0.73148286
0.70280993
0.71134567
0.63402659
0.66759408
0.69406015
0.64573592
0.72178656
0.65791702
0.67574817
0.71110028
0.71160555
0.69737053
0.74313921
0.64144272
0.67347074
0.69479817
0.68851078
0.69554693
""
""
""
""
""
""
""
""
0.57047987
0.62259001
0.59163964
0.64649642
0.68805575
0.61734545
0.62381774
0.51713133
0.63695115
0.69331133
0.57460809
0.61756325
0.59875572
0.64118087
0.63517374
0.58899248
0.57814664
0.61006469
0.52581865
0.59994799
0.63271368
0.68927932
0.56254709
0.68653852
0.60670197
0.6493662
0.68148524
0.61774987
0.6593346
0.62754744
0.6239475
0.69911045
0.65468156
0.64741808
0.58172852
0.65746176
0.62913108
0.58431131
0.61357653
0.5704127
0.66368771
0.59134269
0.62232769
0.66247314
0.58878624
0.60497671
0.61511439
0.5735845
0.60255903
0.6251573
0.63695836
0.643516
0.60227507
0.60167038
0.61382997
0.55684906
0.6131134
0.69411755
0.6293695
0.6564787
0.6588192
0.55167305
0.63314193
0.62697816
0.55195028
0.61997372
0.59412688
0.57763088
0.61055464
0.58427024
0.53112715
0.59753871
0.69736862
0.53525257
""
""
0.39370051
0.57125986
0.6278832
0.5358423
""
0.45917365
""
""
""
0.58195716
0.56852126
0.44239509
""
""
""
0.54513395
0.64761627
""
""
""
""
""
""
""
0.52904272
0.64616865
""
""
0.78673238
""
0.61907381
""
0.74888116
0.68564242
""
0.72122711
0.62621528
0.58738238
0.63257492
""
""
""
""
""
0.63221377
0.62822187
""
""
0.53733921
0.70277351
""
0.63725615
""
0.65078676
0.62135839
0.5887683
0.64972055
0.65304404
0.60943788
0.62640172
0.65746516
0.56477469
0.61220229
0.57308662
0.64204055
0.64510947
0.65598738
0.67176896
0.64808989
0.68064141
0.70479542
0.70612168
0.65911227
0.65380406
0.67106503
0.64454567
0.66309309
0.61833525
0.67338872
0.67157596
0.69917637
0.64014316
0.62312371
0.66322267
0.49853766
0.63578838
0.61667365
0.63661408
0.5670653
0.63852042
0.65949672
0.62899226
0.5864355
0.59066457
0.61296517
0.47781393
0.5789727
0.57903171
""
0.6611563
0.57781839
0.60133255
0.54868793
""
""
""
""
""
0.49535504
0.4321948
""
""
0.69827545
0.55691189
""
0.57873678
0.46768358
""
""
""
""
0.74987411
0.67086077
""
""
""
""
""
0.66985816
""
0.47206447
""
0.678859
""
""
0.51819342
0.67171973
0.53742033
""
0.58172929
0.6706143
0.6636079
0.63338602
0.57957304
""
""
""
0.70967543
0.64469779
0.71073389
""
0.56176162
""
0.64022428
0.63619375
0.57842255
0.72825384
0.66005969
0.62959361
0.67204076
0.64180559
0.66428298
0.51816303
0.6395663
0.68093646
0.67089516
0.6480478
0.70092088
0.71877664
0.66263384
0.69258362
0.6718241
0.7387616
0.61633056
0.63891822
0.62674433
0.69239622
0.5995481
0.54645377
0.52244759
0.53941637
0.52662444
0.54685664
0.54969013
0.64718002
0.57822973
0.64671135
0.44710091
""
""
""
0.55419725
0.61516303
""
""
""
""
0.4242931
0.47587451
""
""
0.45809254
0.46652386
""
0.59935284
0.53976649
0.68124586
0.63682884
0.64112759
0.58713692
0.60852516
0.73587775
0.71137887
0.68749958
0.67428428
0.67517054
0.65009314
0.66938776
0.71243304
0.69893444
0.61215121
0.57360166
0.70411009
0.62164921
0.66590774
0.58922398
0.54624981
0.55298126
0.61531001
0.64895844
0.61461163
0.64459795
0.64605427
0.63989449
0.64407617
0.63331366
0.66829652
0.6574946
0.67556947
0.59185642
0.61728704
0.71772951
0.66806149
0.61611801
0.70832735
0.68726051
0.70012456
0.66358477
0.63729531
0.60358793
0.63969743
0.70866287
0.65304255
0.69012707
0.58355314
0.74172282
0.65969908
0.58892804
0.59938115
0.66299534
0.68603373
0.65529692
0.69499719
0.57034314
0.71107125
0.62557334
0.56352067
0.64034963
0.67076141
0.67170686
0.70821178
0.63599247
0.67470479
0.72760642
0.65516621
0.5688048
0.57448673
0.53193367
0.65632212
0.7476325
0.67241287
0.67933375
0.69593078
0.6860674
0.72210014
0.65196675
0.76893234
0.64099061
0.75134468
0.67868721
0.67898273
0.63815325
0.64558214
0.65827769
0.62123096
0.66703516
0.65078056
0.631827
0.63718969
0.6424337
0.64647001
0.67017537
0.65134448
0.65030539
0.64225614
0.65944779
0.6628325
0.70295775
0.61987936
0.72594613
0.63526428
0.68790722
0.64986765
0.64779663
0.67027789
0.6438427
0.62986362
0.64972812
0.66735601
0.64530098
0.69404978
0.5842979
0.61237121
0.59567738
0.66995531
0.58487433
0.58383012
0.6981383
0.64400756
0.51981819
0.60607117
0.61726207
0.51236278
0.64650178
0.59805912
0.55835807
0.61302531
0.55272686
0.59978771
0.59698099
0.52470535
""
""
""
""
0.63620895
0.58850586
""
0.72953057
0.67117751
0.66735297
0.59179688
0.70894134
0.63486433
0.81629378
0.64003813
0.67732251
0.69896716
0.66768521
0.70824391
0.68166685
0.72069496
0.7445628
0.75305551
0.75259459
0.73019093
0.71152037
0.65631342
0.6675632
0.6564725
0.64913011
0.6486991
0.68328351
0.67481309
0.6153025
0.64001536
0.65767425
0.63489258
0.64987159
0.64752513
0.66630989
0.66906804
0.61504412
0.62280786
0.64444745
0.70022589
0.6036616
0.62221479
0.65992135
0.69058293
0.66811484
0.68734831
0.63746017
0.58389634
0.67184931
0.637312
0.68300307
0.70784402
0.60009223
0.61014122
0.59730875
0.62912279
0.65564424
0.72504741
""
""
0.58345807
0.66866702
0.69323474
0.62305659
0.60880756
0.67209649
0.65103656
0.70841283
0.63486356
0.64319682
0.65565199
0.67337298
0.70550799
0.67908591
0.65416658
0.66686201
0.64771134
0.698479
0.66887152
0.62993443
0.54407126
0.69823015
0.65480024
""
0.6084761
0.5426985
0.58719897
0.59326261
0.59671617
0.60602534
0.63894272
0.66092187
0.68275499
0.65198964
0.65620828
0.63868374
0.6902529
0.72918695
0.69980633
0.68703449
0.68247956
0.54501104
0.56983316
0.57592845
0.61818677
0.57241267
0.64930326
0.66665316
0.66159451
0.6369136
0.58042455
0.62346852
0.65818185
0.69054228
0.66570699
0.63969857
0.65249079
0.64302945
0.73163646
0.70630509
0.49854866
0.68862891
0.55157346
0.67141247
0.68708879
0.65230668
0.68630248
0.69876021
0.65756005
0.60680085
0.62913197
0.63997138
0.58158761
0.61953038
0.63204664
0.58432025
0.58248711
""
0.59400469
0.50372565
0.57194442
0.65665084
0.61525482
0.60728818
0.63323987
0.64451879
0.67534637
0.68114942
0.64652067
0.68853503
0.67290574
0.63461405
0.41181865
0.50741839
0.63348889
""
""
0.5299921
0.6291008
""
0.60545075
0.58815253
0.54058266
0.64092052
0.63668078
0.59529209
0.56456369
0.63992661
0.65099508
0.60955989
0.63997579
0.64414883
0.67465281
0.7456978
0.65326476
0.59293824
0.56208456
0.63272214
0.67439538
0.60645992
0.6078952
0.6474176
0.6924324
0.73707414
0.70223206
0.70479232
0.7522229
0.70650965
0.70506769
0.6867854
0.53115213
0.70758843
0.70198715
0.66782606
0.67441422
0.71611887
0.6850816
0.68573648
0.63321775
0.70970148
0.66306013
0.61898476
0.68156928
0.64761186
0.70711178
0.60576403
0.5917539
0.6638236
0.65405035
0.65475559
0.65051579
0.62027889
0.60287213
0.66128933
0.69070399
0.65000993
0.64070135
0.65009129
0.64256138
0.63888115
0.68290347
0.65550333
0.57506096
0.59963441
0.61234111
0.64687109
0.6547296
0.68063986
0.63746309
0.6585831
0.6767692
0.70667803
0.69684392
0.64412069
0.67485446
0.66613269
0.68980372
0.68729001
0.71232635
0.67826807
0.6817221
0.70407176
0.64408296
0.63799745
0.71828043
0.6590395
0.65083575
0.69081497
0.68613786
0.71217138
0.72376549
0.65987504
0.62086016
0.66467553
0.64713109
0.73110974
0.64496052
0.66598505
0.61518353
0.70042205
0.67627853
0.73868132
0.69896692
0.65735894
0.74098694
0.63167
0.65425438
0.72454804
0.695894
0.65780753
0.67636991
0.6945613
0.63693917
0.67444503
0.64346749
0.72103447
0.69030648
0.68659204
0.66872317
0.64958632
0.51009285
0.64653867
0.66086978
0.55606771
0.65879428
0.7120229
0.70602185
0.65905637
0.65376216
0.64431643
0.60840577
0.70934099
0.69968927
0.69242072
0.76026833
0.64261389
0.65696985
0.57584077
0.60550499
0.59226769
0.59845281
0.56366777
0.6187014
0.66761053
0.64318293
0.68133676
0.66994637
0.70783424
0.69480538
0.58227861
0.60958725
0.69701213
0.70781541
0.71316755
0.72051698
0.74300879
0.67020118
0.65049547
0.64239019
0.6865533
0.65293241
0.67003661
0.70333391
0.69877571
0.66846526
0.66521448
0.69552511
0.72812134
""
0.65692616
0.59579867
0.60670829
0.61381823
0.64869136
0.64651525
0.61460733
0.59296781
0.67251825
0.66953766
0.62227184
0.67290753
0.60468769
0.49615768
0.63393342
0.56125188
0.59586567
0.58737028
0.5986253
0.6535517
0.60485822
0.59192741
0.61737972
0.67866325
0.57426858
0.36820325
0.37029517
0.30950874
0.47320935
0.29086778
0.55146217
0.55699831
0.57330978
0.63588661
0.58953208
0.56197429
0.59094471
0.61284536
0.62588733
0.62185907
0.66054785
0.63130462
0.6145559
0.58736742
0.61244512
0.62721956
0.62786114
0.66097343
0.4989323
0.64185846
0.50646287
0.57582349
0.60383707
0.60888177
""
0.64398044
0.57032788
0.5161745
0.61500335
0.6287784
0.49004263
0.70010835
0.61312366
0.63616198
0.57897508
0.63161492
0.68762732
0.67269039
0.64819288
0.60866392
0.61454189
0.62756658
0.60582161
0.60436195
0.61905944
0.55504835
0.59318572
0.54784286
0.55878502
0.62228972
0.65770507
0.60584879
0.63600755
0.64486611
0.58904952
0.57307899
0.67834502
0.66167629
0.60993725
0.61855292
0.60352355
0.60239363
0.58938384
0.57496595
""
""
0.53605515
0.41965085
0.63302296
0.61697656
0.60897017
0.66743451
0.58051759
0.56742305
0.63629061
0.57052004
0.56698149
0.56886262
0.59033126
0.62034398
0.60301417
0.6465323
0.59315377
0.55707532
0.58914846
0.57718772
0.53398597
0.5871315
0.62870836
0.57196438
0.54573476
0.58413541
0.48253778
0.66070855
0.64409328
0.67401284
0.66421676
0.64223886
0.69255471
0.64003944
0.70878375
0.67739129
0.60602212
0.70576394
0.61670983
0.66137755
0.56987709
0.54938698
0.64578205
0.59377509
0.59493834
0.62664711
0.6667366
0.60017616
0.62475634
0.61191815
0.6214658
0.72881424
0.36583057
0.51064622
0.56985021
0.50159377
""
""
0.53449512
0.53986382
0.49363586
0.49101594
0.43155777
""
0.53948188
0.55005825
0.61732954
0.57035118
0.52496034
0.50641096
0.54506898
""
""
0.52273852
0.47842407
0.50179482
""
""
""
""
""
""
0.52069128
""
""
""
""
""
""
0.47959408
0.3535209
0.55115974
""
""
0.52024794
0.61936837
0.5616219
""
0.64955956
0.66378206
0.63760072
0.62394118
0.68520004
0.62309217
0.64124715
0.61014044
0.65351647
0.70013177
0.74276292
0.66788018
0.70058477
0.60709018
0.70946425
0.67960757
0.72211868
0.71456081
0.72698945
0.57369572
0.6317926
0.61898726
0.60939348
0.63856572
0.6302464
0.63261843
0.63449705
""
""
0.61464787
0.54559869
0.54449975
0.62799019
0.64437973
0.59606373
0.66917789
0.63832235
0.66622204
0.58604318
0.62653172
0.59948164
0.61892521
0.59779906
0.66672438
0.60886776
0.54979408
0.64266449
0.59007335
0.61923259
0.45928314
0.55229229
0.70269215
0.64492261
0.60365403
0.64502454
0.55986696
0.55624467
0.63902038
0.64883745
0.63768011
0.65793061
0.66178244
0.74790841
0.68785906
0.67855233
0.75981992
0.67448503
0.64655173
0.63778126
0.6154688
0.65334499
0.62832665
0.60964978
0.56096435
0.65454447
0.57639521
0.65799069
0.70617133
0.61520439
0.66582483
0.67331779
0.6871357
0.71476847
0.65415561
0.71926892
0.74238127
0.68260866
0.6839928
0.66245824
0.67687577
0.7026521
0.61911243
0.56392395
0.62481618
0.66794598
0.59690386
0.6023764
0.63045156
0.5961979
0.65627426
0.66005665
0.65037668
0.69171333
0.67429292
0.67413145
0.6594786
0.67908204
0.58802193
0.69874561
0.73234379
""
0.69122463
0.6674608
0.6657064
0.73733908
0.70551461
0.6959998
0.71615762
0.67062265
0.67614287
0.6621154
0.64153153
0.63097835
0.57450956
0.68301266
0.661834
0.67774814
0.65208304
0.64208525
0.58635527
0.61039603
0.63054824
0.62426025
0.6109758
0.61839563
0.65067148
0.67878771
0.65647054
0.65566397
0.61944151
0.6202724
0.58012509
0.64418119
0.72788095
0.70937639
0.70922172
0.66331184
0.61671901
0.65899038
0.6057291
0.59050018
0.65737808
0.67284578
0.66010123
0.65886319
0.72761101
0.69537568
0.62669271
0.65094793
0.65149575
0.63929832
0.62604868
""
""
0.49819157
0.66651076
0.62671012
0.59083533
0.63503528
0.66376036
""
0.5828687
""
0.5415172
0.52602309
0.65056562
0.66271591
0.60784042
0.59052074
0.62496632
0.55749524
0.64681077
""
0.60650235
0.65242577
0.65896106
""
0.50094861
0.64195371
0.67802179
0.59025902
0.68234271
0.57852769
0.66853631
0.69120049
0.61433548
0.61267602
0.63650405
0.67264998
0.64437842
0.69418931
0.67385626
0.66533136
0.67893088
0.56488532
0.57002503
0.56318754
0.63216579
0.64588809
""
0.65415043
""
0.62454605
0.66684204
0.66056347
0.5990122
0.52297747
0.59928334
0.60188907
0.67210585
0.63117564
0.71426415
0.65421522
0.60380787
0.67148167
0.57883209
0.571199
0.69700634
0.7475825
0.71106446
0.73798037
0.73651683
0.65104407
0.69972873
0.70012999
0.63427424
0.71692711
0.68320918
0.7004891
0.69411176
0.67129332
0.65437025
0.72468734
0.7284497
0.70817709
0.66414291
0.70671386
0.6083895
0.66318911
0.68337858
0.7608521
0.68025076
0.67328125
0.68012649
0.73724717
0.68222994
0.73350632
0.70883095
""
0.60283929
""
0.69654667
0.60865986
""
0.41472211
""
""
0.62603462
0.62646484
""
0.55430746
0.55256367
0.59201783
0.54541397
0.61285508
0.62931186
0.65252745
0.61783594
0.64816141
0.61464971
0.63612992
0.62098294
0.64310557
0.63635278
0.630925
0.58509153
0.65727955
0.56414896
0.57971638
0.63180804
0.63865888
0.62278926
0.58803439
0.64008456
0.57443184
0.56946826
0.54671943
0.62060243
0.60746783
0.51010865
0.57530105
0.55419326
0.57025886
0.59856623
0.58290732
0.56372911
0.54595304
0.52206522
0.63720137
0.51940024
0.55661869
0.56847674
0.60501611
0.55460364
0.54595721
0.54826748
0.49134204
0.54160476
0.57646614
0.54934502
0.55978566
0.51537865
0.52785885
0.52611756
0.54219031
0.52698576
0.47685573
0.52429652
0.4350265
0.43888566
0.49266049
0.46280709
0.51534092
0.59540558
0.58259177
0.50173122
0.52228868
0.49087757
0.57403654
0.4163028
0.45769691
0.53079093
0.48927459
0.50185955
0.50539279
0.48469833
""
0.42125922
0.3874799
0.55091548
""
0.57368135
0.57729429
0.46955913
0.57261759
0.41469699
0.49241924
0.41035083
0.64702922
0.49772513
0.40969807
0.50694305
0.57260054
0.56603742
0.55804926
0.54170221
0.52927905
0.5434593
0.56695074
0.56887484
0.58453673
0.54469967
0.60392368
0.55466431
0.61414897
0.60340488
0.57968515
0.62135959
0.64805263
0.57387584
0.53762597
0.58958113
0.59933871
0.66638613
0.58840048
0.62188196
0.62852651
0.61446172
0.60996157
0.4314093
0.54842502
0.55541456
0.6603843
0.5753178
0.5889048
0.53329527
0.61485678
0.58832818
0.51969707
0.48963976
0.47647476
0.39781475
0.5442782
0.36936533
0.46663991
0.55774003
0.52201515
0.4780983
0.51309979
0.53046948
0.53537089
0.56469506
0.52074653
0.58186466
0.58451408
0.58213907
0.61724615
0.59824157
0.4999764
0.53105634
0.59629232
0.49799785
0.43531626
0.5756278
""
0.52677
""
0.33322188
0.53457689
0.52004403
0.45085141
0.59257078
0.55918199
0.58923858
0.5384897
0.55336463
0.55758822
0.57187027
0.53728801
0.47409061
0.56413126
0.61461002
0.64495194
0.6250062
""
""
0.53372431
0.60495895
0.50417787
0.57389021
0.54344541
0.43632147
0.43748051
0.56998128
0.57028174
0.62837994
0.60015529
0.62727231
0.4958142
0.56506002
0.5795716
0.57992423
0.66594982
""
""
""
0.59244066
0.51628083
0.61413795
0.63508129
0.54541564
0.58229131
0.55503535
0.41385064
0.54476911
0.51593614
0.55274779
0.5860424
0.5913009
0.50425643
0.48886874
0.55024916
0.56306678
0.5866186
0.60044718
0.61757231
0.51815599
0.5962503
0.62258625
0.50125021
0.55525357
0.48511663
""
0.48016796
0.41672313
0.32926169
0.47132269
0.53908318
0.50372291
0.52739376
0.53266621
0.5684855
0.58762991
0.56889486
0.51549578
0.6350832
0.59311843
0.59072387
0.62975192
0.5303089
0.54003179
0.53232986
""
0.49668196
""
0.55383199
""
0.66821307
""
""
""
""
""
0.47791535
""
""
0.55393791
0.60427523
0.63214093
0.5661962
0.56358945
0.61679953
0.4583602
0.57830679
0.66066432
0.56539303
0.66374993
0.66482478
0.64174694
0.67192894
0.59921688
0.55050528
0.52071661
0.68812746
""
0.59136695
0.51974398
0.52268642
""
0.54276013
0.55304074
0.58218193
0.58927244
0.52137065
0.59669918
0.61059743
0.64702201
0.64295512
0.64201921
0.67840409
0.62575138
0.64934564
0.69031751
0.66190368
0.53444362
0.59534448
0.58354241
0.63499147
0.62307066
""
0.5041303
0.4886159
0.5409596
0.60744029
0.64025068
0.60036916
0.56948364
0.62975907
0.54051417
0.5136022
0.53919441
0.53326118
0.56156743
0.56070614
""
""
""
""
""
""
""
""
""
0.47501829
""
0.46945933
0.5749616
0.5273391
""
""
0.57902277
0.60513091
0.42212591
0.50620908
0.53249806
0.58655989
0.51735157
0.58191091
0.59604073
0.52648622
0.52530128
0.55173093
0.51936263
0.49028879
0.47520295
0.54338384
0.50583154
""
0.54457211
0.43965334
0.56092483
""
""
""
""
0.62611204
""
""
""
""
0.60158908
0.49274153
0.59108788
0.5322578
0.60224217
0.54497719
0.58950472
0.55640996
0.60363692
0.54327589
0.52678519
0.55929744
0.49429604
0.5956409
0.60031158
0.55141097
0.58986759
0.54701912
0.55257791
0.51218462
0.56602633
0.51161391
0.5705328
""
0.52284676
0.58138275
0.59463435
""
0.49177787
""
""
""
0.60312766
0.6296764
0.65552682
0.62471056
0.57687664
0.62547708
0.62818664
0.62202984
0.53798783
0.58587593
0.65351599
0.57031476
0.56597769
0.64113003
0.6481719
0.67604429
0.63298863
0.66188151
0.60498726
0.55915928
0.5874061
0.70052534
0.64561546
0.64800894
0.68535042
""
""
""
""
0.4116345
""
0.55096656
0.59634525
0.49300152
0.41958407
0.50029069
0.42894813
0.45370153
""
0.54928094
0.5025565
0.52417469
0.46515158
0.64544791
0.56953669
0.56411016
0.47535995
0.52637172
0.44728741
0.59010506
0.61437804
0.55802149
0.53061736
0.5923053
0.47130528
0.52169555
""
""
0.54201972
""
0.6200496
""
0.56397122
""
0.57090384
""
0.52474505
0.62344456
""
0.60448128
0.49573299
0.57002681
0.59779286
0.54856479
0.59403819
0.60827959
0.56175137
0.50507551
0.57755184
0.59175891
0.50419319
0.53142077
0.56999725
0.58608115
""
""
""
0.43942824
""
""
0.51837766
0.53924221
""
0.6069876
""
0.49031514
""
0.69838262
0.55225796
0.4983722
""
0.6285224
""
""
0.49828649
0.71058315
0.53499901
""
0.54394257
""
0.55468655
""
0.4447751
0.61941725
0.56960833
0.44584641
0.5744741
0.60815495
0.50621307
0.56874615
""
0.55930501
0.50271362
0.49879736
0.52184784
0.52527165
0.49220434
0.51581979
0.56633258
0.4346171
0.45754546
0.55072224
0.55997545
0.65584743
""
0.50116849
0.67841476
0.48434138
0.48340622
""
""
0.58275318
0.589746
0.54334873
0.60833293
0.6740697
0.68656468
0.6571396
0.61674714
0.57569069
0.54621434
0.55279827
0.49045917
0.49418983
0.54820275
0.55972362
0.46276686
0.46907353
0.64531112
0.6358515
0.58993214
0.50531518
0.62669879
0.65014791
0.65742689
0.65603405
0.61306947
0.653543
0.67286462
0.59815085
0.62662959
0.66065139
0.64572275
0.6414637
0.61686021
0.66980523
0.61597019
0.6282022
0.62408417
0.58290279
0.64550072
0.63732928
0.61261219
0.63307935
0.65847987
0.67439097
0.63039225
0.61828595
0.65582585
0.63833225
0.66028124
0.61892343
0.66620886
0.62232792
0.64996195
0.6770975
0.6801855
0.67196804
0.61100721
0.64843935
0.62724024
0.59711593
0.56484491
0.61289984
0.56310153
0.57031661
0.58341271
0.58634955
0.54945004
0.54901367
0.53682286
0.61890709
0.56870586
0.55576664
0.51684904
0.55077517
""
""
""
""
""
""
""
""
""
""
""
""
""
""
""
""
""
""
""
""
""
""
""
""
""
""
""
""
""
""
""
""
""
""
""
""
""
""
""
""
""
""
""
""
""
""
""
""
""
0.67820644
""
""
""
""
""
""
""
""
""
""
""
""
""
""
""
0.69486457
""
""
""
""
""
""
""
""
""
0.57588351
""
""
0.66856652
""
""
0.54679275
""
""
""
""
""
0.62086451
""
""
""
""
""
0.63568646
""
0.59446836
0.75167418
""
0.50662708
""
""
""
""
""
""
""
""
""
""
""
""
0.65633821
""
""
""
0.65025133
""
""
""
0.42315948
""
""
""
""
""
0.42008582
""
""
""
""
""
""
""
""
""
""
""
""
0.60702473
""
""
""
""
""
""
0.48603415
0.5171591
0.52029848
""
""
""
""
0.57141584
""
""
0.608293
""
0.71941525
""
""
""
""
0.56545544
""
""
""
0.61760616
""
""
""
""
0.56640911
""
""
0.62007779
""
0.60344833
0.6950562
""
0.59625524
""
0.62163281
""
0.60114497
""
""
""
0.7188099
""
0.62950385
0.60834968
""
0.58298272
""
0.49900749
0.74722999
0.63682777
0.62125897
0.59434372
0.54749471
""
""
0.55923688
0.62045115
0.64574695
0.65770495
0.58261752
0.72945088
0.65119439
0.58706391
""
0.67060393
0.61961806
0.62331414
0.47945368
0.68314803
0.72832
0.73394716
0.73397928
0.72656184
0.70840615
""
""
0.7172305
0.43806735
0.66552258
0.62289411
0.53295529
0.64733738
0.56499636
""
0.60243207
0.5970825
0.71038109
0.56825012
0.60004419
""
0.73380232
""
0.65366989
0.52289122
""
0.70582789
""
""
""
0.58779228
""
""
""
""
""
""
""
""
""
""
""
""
""
""
""
""
""
""
""
""
""
""
""
""
""
0.59581012
""
0.59555048
""
0.52254146
""
0.45996261
""
""
""
""
""
""
""
""
""
0.50781965
""
""
""
""
""
""
0.49712515
""
0.59550136
0.71623784
0.60530901
""
0.57578218
0.63090384
0.62951171
""
0.53195018
""
0.47742662
""
0.55290365
""
""
0.54417437
0.59433168
""
0.5235191
""
""
""
""
""
""
0.63542223
0.69098812
0.78370959
0.80165952
0.7533465
""
""
0.58283395
""
""
""
0.62539583
0.52211261
0.49727723
0.45648766
0.46518132
0.43685931
0.51583415
0.57329398
0.4365769
0.45187747
0.44250265
0.49388835
0.53134686
0.6189099
0.59944957
0.59972954
0.55559134
0.53599912
0.56769979
0.56737709
0.56143695
0.53924644
0.59509379
0.60708296
0.52841377
0.57023847
0.5582794
0.51368392
0.52942163
0.55038679
0.54890126
0.5504303
0.600245
0.56610578
0.57196784
0.58797675
0.53961068
0.62975639
0.6008662
0.56942922
0.60684353
0.65577376
0.55714852
0.50358766
0.51549858
0.5653984
0.53848517
0.50196832
0.49708116
0.59590644
0.57873487
0.63785845
0.56401926
0.59214509
0.56920326
0.61289424
""
0.50674802
0.60197407
0.59060091
0.60855258
0.5790419
0.55669439
0.50241065
0.57588238
0.56972677
0.58799082
0.60370529
0.60813856
0.5869112
0.55951208
0.57957149
0.55459309
0.53389484
0.57527095
0.54004914
0.56929976
0.60724622
0.57144409
0.55094475
0.56182981
0.65569204
0.65221417
0.57788432
0.50710744
0.5806042
0.54065788
0.6000275
0.53561449
0.59702861
0.54687947
0.56426936
0.62495321
0.61467528
0.49671239
0.48481101
0.58577043
0.41960898
0.5667907
0.50114363
0.48393881
0.55746448
0.54569602
0.57843876
0.57759643
0.57249528
0.54527819
0.57965779
0.58986408
0.62099129
0.63430649
""
0.56386924
0.52227914
0.54954404
0.54683882
0.55284822
0.55824471
0.56044
0.55653936
0.56508821
0.54480475
0.62145114
0.56045789
0.57693934
0.57251507
0.56091839
0.49457601
0.54041457
0.57095087
0.45338455
0.55904943
""
0.60185289
0.57048696
0.4571985
0.36426997
0.53248709
0.48892683
0.56648821
0.5126977
0.56725717
0.6264587
0.58257467
0.55231094
0.61706406
0.61005056
0.54165041
0.62965983
0.59858406
0.56094623
0.59788769
0.50374651
0.51585281
0.58252758
0.5342893
0.54104275
0.58232963
0.56564802
0.5234673
0.52592856
0.6005342
0.53319907
0.55632722
0.57901949
0.55998975
0.55093151
0.62808001
0.55822486
0.61130255
0.56556696
0.53994215
0.62545031
""
0.52627134
0.58037394
0.43980789
0.57306689
0.61973292
0.54975796
0.5359807
0.49122483
0.51275498
0.59936142
0.54201657
0.61662674
0.6441251
0.62062961
0.62027341
0.60929734
0.5814805
0.59638393
0.54125792
0.60338521
0.62156469
0.48124316
0.57236654
0.55864525
0.62836307
0.56254029
0.57979465
0.53187281
0.56939512
0.58516324
0.55092645
0.61108845
0.56695068
0.57404137
0.52656072
0.53785563
0.56738847
""
0.51951224
0.59787351
0.52589762
0.55044478
0.59827256
0.56989533
0.54690993
0.56320161
0.51808786
0.55303991
0.53468484
0.57979316
""
0.57968032
0.55389184
0.60282648
0.53432995
0.55662841
0.56989324
0.61635131
0.68105763
0.61754835
0.56663477
0.53193402
0.51855785
0.67226416
0.60832095
0.64115822
0.64665854
0.62042016
0.67167115
0.60789293
0.64296085
0.59968317
0.64705926
0.57342863
0.6452176
0.59324545
0.5663293
0.64352274
0.61662281
0.52465832
0.62752187
0.58352852
0.62932497
0.64267856
0.61886054
0.5190739
0.69821078
0.65654397
0.69980496
0.57652199
0.59712583
0.62372315
0.52241915
0.56421775
0.59567899
0.55047536
0.67128772
0.65577644
0.61963379
0.59866285
0.58503944
0.58675396
0.61776465
0.56627542
0.63430226
0.51349854
0.59518337
0.58397186
0.64742953
0.65574467
0.64805007
0.59366643
0.63626927
0.6582973
0.58416808
0.61692512
0.61752892
0.6369791
0.55692273
0.57825851
0.54061687
0.56776994
0.43811944
0.51704746
0.52233183
0.48392776
0.57738036
0.6148811
0.62250894
0.47770143
0.54073012
0.55252039
""
0.54683703
0.5269497
0.43482059
0.60792506
0.64703459
0.58014101
0.63537157
0.55349296
0.54933673
""
""
0.5021944
0.48442519
0.58322704
0.52678555
0.51606321
""
0.39292386
0.54353911
""
0.55090684
""
""
""
""
""
""
0.50307578
0.57026476
""
0.46370053
0.51707584
""
0.56689996
0.58396965
""
0.63861525
0.54462516
""
0.52789086
0.57931465
0.57158178
0.53557408
0.59968364
0.59451926
""
0.66906667
0.62968868
0.4461574
0.50778192
0.49303088
0.52013242
0.52525687
0.52528816
0.44387794
""
0.57781589
0.69346362
0.59389675
0.51718885
0.68212527
0.54999715
0.50565451
0.45500365
0.47862154
0.52748293
0.46603519
""
0.34960905
0.57834578
0.59201515
0.6455754
0.65481675
0.57892603
0.58796525
0.59661794
0.5644995
0.62242889
0.6298272
0.58859205
0.64262092
0.6459955
0.6263321
0.60648376
0.62591785
0.63002729
0.65249228
0.57350403
0.4931505
0.51765025
0.6627444
0.60590655
0.59653544
0.55781561
0.6706022
0.67732441
0.67837262
0.68446416
0.67310828
0.62108374
0.65676624
0.64864779
0.62062579
0.56928033
0.67351079
0.61732292
0.65871817
0.59275866
0.6116184
0.65379918
0.6022808
0.53888869
0.58857071
0.64616132
0.62281889
0.63213646
0.63056439
0.61543536
0.67134523
0.59858459
0.61957192
0.53596157
0.57077181
0.61140102
0.63332695
0.56834555
0.57943827
0.60118026
0.59397459
0.61471832
0.53803337
0.56612509
0.54230696
0.59203851
0.59683108
0.62772948
0.62026769
0.65654016
0.61620218
0.61804485
0.64463949
0.62195718
0.59801245
0.56462401
0.62159187
0.64306116
0.62679589
0.53116071
0.58383858
0.62762105
0.61504662
0.63543195
0.57568723
0.63361377
0.62814176
0.53761369
0.50911057
0.58508795
0.64392626
0.58704233
0.60470259
0.63946414
0.60708082
0.64417922
0.63782126
0.67043012
0.58433503
0.64396739
0.62165201
0.62314403
0.6510542
0.64657855
0.67812133
0.60270375
0.65353286
0.64317149
0.62209696
0.58635497
0.67155433
0.65845895
0.69752502
0.66501713
0.66135305
0.65140527
0.64099842
0.62040514
0.57458603
0.61396772
0.56486148
0.6431269
0.66238731
0.67686206
0.63705426
0.65358502
0.63976192
0.61155093
0.599338
0.64060712
""
0.62264723
0.58636546
0.60011905
0.62739408
0.57552606
0.64378983
0.63751477
0.64581782
0.6385867
0.58250153
0.60459566
0.55816221
0.60600322
0.53384256
0.56965244
0.61930835
0.59299338
0.56770062
""
0.61448669
0.44155124
0.42608452
0.65558666
""
0.53942794
""
0.72675371
""
0.42556223
0.55986601
0.64966065
0.47980312
0.52756047
0.5831722
""
""
0.58854681
0.52983969
0.57427931
0.53030473
0.47748929
0.54055017
0.54246849
0.58679181
0.5742718
0.56799603
0.55931562
0.54256088
0.50029814
""
0.54330254
0.55178565
0.53744787
0.56833422
0.55483848
0.54710984
0.57899141
0.61354935
0.51544839
0.55913454
0.55134833
0.54293519
0.59255147
0.51814735
0.60000831
0.54995888
0.52448595
0.52039021
0.57812923
0.46872851
0.49539784
0.5760783
0.55410123
0.52961189
0.55564374
0.57648933
0.57337785
0.55378234
""
0.58369851
0.5878219
0.60368699
0.57507527
0.63059986
0.58340359
0.5170269
0.58743823
0.61045665
0.55136931
0.58124334
0.6396215
0.62239468
0.6150285
0.528543
0.63190705
0.58350492
0.54819441
0.4863067
0.57642174
0.67523181
0.61095315
0.55612403
0.635571
0.56825078
0.57441497
0.57914364
0.53798157
""
0.54857939
""
0.58313733
0.58657509
0.5477556
0.63042742
0.57889146
0.51609576
0.57884878
0.60043335
0.5451656
0.55775219
0.54443061
0.55556321
0.60273039
0.51789635
0.6019547
0.61635488
0.56200999
0.57855779
0.52722389
0.57444012
0.52580607
0.59285682
0.57265794
0.5858373
0.57533854
0.57445306
0.54219472
0.57684219
0.58109319
0.57097656
0.58196962
0.57331544
0.48260957
0.50195163
0.54148942
0.52310228
0.59377491
0.50870454
0.58453381
0.63724941
0.45256487
0.62795794
0.59264857
0.56750536
""
0.66161662
""
0.69133991
0.59211534
0.55086684
0.65478605
0.66449988
""
""
""
""
""
""
0.67603153
""
""
0.61108762
""
""
0.61405635
""
0.56086904
""
0.66931486
0.40291265
""
0.43826881
0.74337572
0.64998549
0.65100783
""
""
0.63486749
""
0.6880632
0.64490432
""
0.5794102
0.73587698
0.60770607
0.56287956
""
0.54896677
0.55446696
""
0.5930565
0.64748043
0.68938023
0.65808833
0.61880475
0.48183274
0.63216341
""
""
0.62576789
0.5405488
0.42972538
0.5274353
""
""
""
""
""
0.54472029
""
0.5495131
0.47469643
0.65488809
0.4765431
0.67636663
0.54686701
0.64965284
0.58327943
0.51071829
0.54879004
""
0.48427382
0.40691084
0.54215896
0.68425989
0.51540518
""
""
""
0.69520956
0.49381554
""
0.62542659
""
""
0.60580474
0.50100845
0.73864949
0.59869653
0.54354292
0.6069901
0.66135114
0.67109907
0.59286767
0.48911747
0.68490076
0.56904113
0.48571756
0.55945385
0.52038634
""
0.63727063
0.63235617
0.63993812
0.55702496
0.53644907
0.57387698
0.56535256
0.63429838
0.50933695
0.61204445
""
0.59442902
""
0.72460753
0.64384824
0.63105571
0.52704322
0.70698911
0.47593492
0.67302781
0.70291495
0.69926852
0.62520534
""
0.66480607
0.60369521
""
0.57823092
""
0.59285402
""
0.71528059
""
0.59377283
""
0.58317047
0.55892259
""
0.51032811
""
0.58194673
""
0.60151702
""
0.66668147
""
0.56642359
""
0.68911952
""
0.7248984
""
0.62805045
0.65545487
0.66124779
0.65467507
""
0.64346021
""
0.44280815
""
0.47156096
""
0.40924582
""
0.42388731
""
0.3755095
0.43345985
0.46328914
""
0.39309329
""
0.376537
""
0.3418414
""
0.43933615
""
0.36099496
0.4926585
0.44895995
""
0.434003
""
0.50690246
""
0.59215254
""
0.59349889
""
0.6325258
""
0.60562962
""
0.62311494
""
0.60109586
""
0.634471
""
""
0.65874285
""
0.70173931
""
0.61852378
""
0.67730623
""
0.67418373
""
0.57349747
""
0.5900898
""
0.57026696
""
0.59586024
""
0.59322292
""
0.63487971
""
0.65271449
""
0.589441
""
""
0.61468798
""
0.61111653
""
0.55050963
""
0.56416786
""
0.65448719
""
0.63354087
""
0.63832122
""
0.64482874
""
0.63099253
""
0.57242727
""
""
""
0.53532237
""
""
""
0.63017946
""
""
""
0.44678706
""
""
""
0.4143756
""
""
0.4529621
0.59420323
0.39685789
0.39739987
0.42765421
0.54417944
0.36129355
""
""
""
0.43709087
""
""
""
0.54168242
""
0.56614989
0.48488286
""
0.40128005
0.61164886
0.31758949
0.66023892
0.6204927
""
""
0.5216682
0.53218663
""
0.43849435
""
0.5902611
""
""
0.55353588
""
""
0.67890823
""
""
0.62677544
0.61167634
""
""
""
""
""
""
""
0.62483871
""
0.58551091
""
0.61175174
""
0.68831742
""
0.56699657
""
0.70363319
""
0.58566904
""
0.55383116
""
0.58115315
""
0.60288417
""
0.65739167
""
0.6094662
""
0.59283233
""
0.61308116
""
0.61791998
0.6984058
""
0.48686773
""
0.5051623
""
0.42897442
""
0.53405041
""
0.58251899
""
0.59471011
""
0.60142547
""
0.58345032
""
0.60457575
""
0.61149359
""
0.60139728
""
0.57283187
""
0.55346876
""
0.55719519
0.55850911
0.45227346
""
0.62398398
""
0.45678252
0.48819202
0.64782596
0.54711419
""
0.42388889
0.68127853
0.47573364
0.55834389
0.59322143
0.47837532
0.48133799
0.50091523
0.43907678
0.39359662
0.39049315
0.35856146
0.63240826
0.4339591
0.54862988
0.63308471
0.52789032
0.50981545
""
0.5821355
0.52654839
""
0.50792259
""
0.49371636
0.61395752
0.48606494
""
0.60781139
0.65781158
0.56503278
0.53233433
0.62915778
0.58880854
""
0.53065687
0.68176043
""
""
""
""
""
""
0.35466915
""
""
""
""
0.59300125
0.63879538
""
""
""
0.56940687
0.63495791
0.57002568
0.4729749
""
0.33507761
0.65617532
""
0.57436162
0.42827338
0.45546448
0.34675628
0.4082343
0.3419984
0.43383044
0.3735624
0.35421169
0.60990793
0.41582721
0.5195725
""
0.51618624
0.3823154
0.56931716
0.33990324
0.57586765
""
0.58302957
""
0.61237139
0.51957744
0.58671457
""
0.61534798
""
0.57543433
0.55024219
0.6052826
0.61696213
0.56889129
0.66940105
0.58819562
0.55790246
0.76976299
0.59437561
0.55854797
0.61897475
0.50456411
0.54098225
0.56861782
0.60243505
0.72283417
0.56394279
0.53992701
0.60704845
0.62043071
0.57576895
0.65876013
0.55043173
0.61222619
0.58202136
0.61091048
0.61697501
0.63133806
0.6383791
0.63199013
0.58501333
0.57876432
0.63432491
0.54384321
0.57113421
0.68076038
""
0.56160337
0.66304064
0.67607403
0.66033888
0.67519814
0.5618825
0.6960175
0.53029847
0.60858399
0.65589648
0.68768805
0.6101951
0.69556028
0.63476533
0.63323128
0.69824868
0.68324572
0.77163774
0.66979712
0.62943298
0.7175675
0.59011513
0.55836266
0.69173896
0.64699918
0.48905683
0.66291523
0.56881517
0.67692536
0.75113946
0.66546601
0.60141182
0.57074159
0.49410385
0.62590069
0.5381
0.6799143
0.62185365
""
0.65348738
0.63360786
""
""
""
""
0.55869663
""
""
0.60194379
0.39867067
0.53921723
0.6300109
0.62243104
0.70061487
0.5200122
0.49542072
0.5428974
0.50774634
0.59990066
0.62698835
0.522672
0.56209743
0.49998012
""
0.51035869
""
0.50283211
0.53733969
""
""
""
""
""
""
""
""
""
""
""
""
""
""
""
""
""
""
""
""
""
""
""
""
""
""
""
""
""
""
""
""
""
""
""
""
""
""
""
""
""
""
""
""
""
""
""
""
""
""
""
""
""
""
""
""
""
""
""
""
""
""
""
""
""
""
""
""
""
""
""
""
""
""
""
""
""
""
0.64158255
""
""
0.6754567
0.49881655
0.65964407
""
0.51012897
0.58367467
0.55515063
""
0.59315133
""
""
""
""
""
""
0.73634613
0.51955777
0.67262119
0.64180118
0.48925492
0.67166483
0.6670149
0.46504253
0.70051581
""
""
""
0.40964419
0.47883818
0.68330002
""
""
0.51692259
0.53412104
0.55516225
""
""
""
""
""
""
""
""
""
""
""
""
""
""
""
""
""
""
""
""
""
""
""
""
""
""
""
""
""
""
""
""
""
""
""
""
""
""
""
0.56639659
""
""
""
""
""
""
""
""
""
""
""
""
0.58779758
0.5945152
0.64973205
0.6151371
0.58994836
0.55641961
0.53803492
0.53465056
0.56982595
0.58248264
0.59684294
0.59449828
0.5841608
0.61804187
""
0.5932532
0.59057146
0.5702408
0.5666998
""
0.58308017
0.5815748
0.54643816
0.5480814
0.61556315
0.63750547
0.56409085
0.54808122
0.59556931
0.61267722
0.60799849
0.53364342
0.54679716
0.57212269
0.55711389
0.5212245
0.57943869
0.58777821
0.56044519
0.59218037
0.5182429
""
0.57090753
""
""
0.52176565
0.51353109
0.53815597
0.52713978
0.48140097
0.42053473
0.44305629
""
0.53363872
0.46258426
0.59746933
0.52416569
0.43603122
0.52853394
0.55549783
0.45259777
0.57643938
0.57124972
0.41683161
0.45463505
0.33299643
0.4134165
0.54655886
0.46434671
0.48583868
""
0.48681715
""
""
""
0.4936597
""
0.51574183
""
0.48314244
0.37498584
0.55800951
0.64742821
0.50680929
0.56549066
""
""
""
0.50236666
0.54941475
""
0.48472843
0.49142042
0.51492161
0.57413548
0.5832231
0.61558467
0.61334991
0.52538633
0.42060521
0.45946369
0.47357997
0.51300055
0.45179817
0.56048554
0.53910959
0.55107731
0.44426861
0.49806854
""
""
0.50154674
0.47335255
0.51113462
""
0.50878865
0.4707253
0.35970548
0.63966614
0.63288867
0.62553751
0.6346764
0.65473998
0.58298087
0.61671627
0.52640653
0.64269459
0.58497298
0.56583327
0.60002869
0.59557402
0.56345308
0.66034269
0.63387167
0.62884939
0.61641234
0.66366869
0.67647606
0.57447672
0.66274595
0.67151451
0.61176884
0.63923299
0.66298169
0.53438145
0.60881144
0.61484164
0.62601995
0.64823771
0.65800679
0.67192256
0.65861911
0.60834157
0.58718121
0.63769102
0.54393822
0.57825977
0.60965157
0.60792005
0.63802522
0.67156518
0.65881097
0.69914353
0.61005783
0.66132236
0.6000455
0.6448189
0.61740994
0.64950633
0.62626678
0.54452771
0.62212276
0.57590657
0.6104933
0.55945927
0.62021297
0.55310857
0.55650526
0.5995844
0.60256785
0.58817959
0.64621675
0.64170879
0.56536376
0.62800682
0.67611361
0.660474
0.52821285
0.63712257
0.65021247
0.56189972
0.59279722
0.55482256
0.5792169
0.51087904
0.63535994
0.57531333
0.56769305
0.62191498
0.60232878
0.60258859
0.58192211
0.5630008
0.58376229
0.52660358
0.59374422
0.56655437
0.65250784
0.6483407
0.65913302
0.53998512
0.59483564
0.58074671
0.61630869
0.63664466
0.60353035
0.59297222
0.60467267
0.6018334
0.63771725
0.63358194
0.62518936
0.58371979
0.5684455
0.5989911
0.59203625
0.63149881
0.54171604
0.57902437
""
""
0.52907401
0.56049782
0.65711552
0.63464248
0.58093441
0.58730525
0.56357402
0.39328241
0.61249483
0.55371499
0.54017949
0.53423232
0.53944606
0.58378083
0.56154656
0.61441308
""
0.64292544
0.66787601
0.68183732
0.71600318
0.71696782
0.70149678
0.69716561
0.72626853
0.67211264
0.6109066
0.69605333
0.65127492
0.66318297
0.63656181
0.72056609
0.72183967
0.76948887
0.71161628
0.68763041
0.73717034
0.74932247
0.74595129
0.66141236
0.7423439
0.73908055
0.72988296
0.71429598
0.64103401
0.71930164
0.71838301
0.63808221
0.72753268
0.72744161
0.65296006
0.66571212
0.68039232
0.7538498
0.66936004
0.70489866
0.66581631
0.63674903
0.66320926
0.71419507
0.69241744
0.68328267
0.69691092
0.60693502
0.62623894
""
""
0.74227595
0.69741255
0.69609362
0.7015872
0.70390487
0.66371512
0.61259156
0.56522197
0.59902275
0.62226015
0.55877882
0.69316876
0.68832803
0.64619237
0.67226863
0.71762836
0.69132733
0.72427052
0.644831
0.70875823
0.66449618
0.63737434
0.57741535
""
0.71300441
0.73683923
0.75202602
0.75396675
0.58368152
0.73676366
""
""
""
""
""
0.56740433
""
0.60247266
""
0.61452222
0.55891114
0.59470755
0.5989784
0.54841417
0.38536984
0.69854438
0.64905274
0.7087391
""
0.73352903
0.69332385
0.68297583
0.66349977
0.68343073
0.71963948
0.6770311
0.64793295
0.60990703
0.6701265
0.65636456
0.7156657
0.68179387
0.68880576
0.69845653
0.66742516
0.77000445
0.70064551
0.68760198
0.56413746
0.66059953
0.67941093
0.69733393
0.71207106
0.69269747
0.69244188
0.63393486
0.69134945
0.69241542
0.64491302
0.73261827
0.61836088
0.53697395
0.63858569
0.67132598
0.65395916
0.67235297
0.7424081
0.64665365
0.74094397
0.68662316
0.59975338
0.73330164
0.66586947
0.71654212
0.62870002
0.66030735
0.71010041
0.66547912
0.71370387
0.76616466
0.72579026
0.66450435
0.66932613
0.6843701
0.70545799
0.64555806
0.70341074
0.64549911
0.68010998
0.63218814
0.66581333
0.66453195
0.67033875
0.69274539
""
""
""
0.67984802
0.66579771
0.60696405
0.72471547
0.70663345
0.55543846
0.61357462
0.6071254
0.63547701
0.65887302
0.66653675
0.65362197
0.67644918
0.63273984
0.70381385
0.76086175
0.71338534
0.73112971
0.67462969
0.68944126
0.7242828
0.73182201
0.72046924
0.7445749
0.68043464
0.67872506
0.68955392
0.68600857
0.60818493
0.70925993
0.56436282
0.63488638
0.61293304
0.56935644
0.60050201
0.68282533
0.69518393
0.65631396
0.62729162
0.65564245
0.60927927
0.62908703
0.61726117
0.63760376
0.64488208
0.63437951
0.70894611
0.70968765
0.73479992
0.79183823
0.69666553
0.67152423
0.69068736
0.66408831
0.65827644
0.67635208
0.72829551
0.66356528
0.76098514
0.7272104
0.70505553
0.7621575
0.66787481
0.77545303
0.7040835
0.73769778
0.6681006
0.70142925
0.68296319
0.70929384
0.59205371
0.68706727
0.70574552
0.71430242
0.78726655
0.77896911
0.68799341
0.7396993
0.63492793
0.72252834
0.68620127
0.6492101
0.69491917
0.74874038
0.63551432
0.65033591
0.6734271
0.6726858
0.64090586
0.65688604
0.65198863
0.70583242
0.69690228
0.69700974
0.71731776
0.67191821
0.70255846
0.69471562
0.6758945
0.68762171
0.6915862
0.68089873
0.65814692
0.69183749
0.74356472
0.69871742
0.73252636
0.64653015
0.68666202
""
0.52580214
""
0.50144166
0.64230394
0.60284448
0.71783507
""
""
0.64783627
0.70755076
0.67690623
""
0.61475986
0.67226708
0.44548517
0.54881716
""
0.57683814
""
""
""
""
""
""
""
0.60202914
""
""
""
""
0.56730115
0.53636211
0.5961073
""
0.6530202
0.7408784
0.59391117
0.54531658
0.55173796
0.43006316
""
0.52579784
0.68318337
""
0.63540292
0.56132627
0.59454983
0.62648171
0.60953116
0.60370719
0.59617972
0.61315387
0.47972921
0.65686035
0.54626018
0.61340153
0.74833751
0.70619708
0.48263398
0.61618847
0.70652622
0.58631945
0.53548932
0.5017603
0.60215443
0.56090498
0.72257304
0.45170754
0.6917643
0.48992276
0.65033603
0.59886825
0.54774761
0.59546906
0.56836057
0.56776875
0.66437221
0.7303009
0.71277255
0.56944585
0.60327142
0.79839015
""
0.73028523
0.62379491
0.66677612
0.67699748
0.68502188
0.60452402
0.71463853
0.60224503
0.69354522
0.59494597
0.59075058
0.62570739
0.60719919
""
0.61628979
""
0.61603159
""
0.6511451
0.685776
0.74197525
0.65979517
0.66145205
0.66113025
""
0.66777736
0.58687675
0.54102314
0.63097519
0.70187038
0.56960458
""
0.76717442
""
0.6704632
0.64329672
0.67740291
0.55889994
0.54008716
0.66513294
0.65793473
0.59884703
0.53114724
0.68121707
0.38444135
0.6789549
0.61867386
0.60071611
0.70332485
0.6514886
0.53375036
0.66235048
0.59032899
0.6151014
0.60948271
0.72368622
0.71566647
""
0.65633345
0.66355681
0.66733283
0.62981808
0.57474679
""
0.68141043
0.68447924
0.60552001
0.63971883
0.70895159
0.64725196
0.59747213
0.52596098
0.62818849
0.62715381
0.56923378
""
0.6167357
0.65456873
""
0.5773505
0.6378752
0.71780121
0.56663489
""
0.65694916
""
0.60345721
""
0.65665764
""
0.67012018
""
0.6425454
""
0.71192092
""
""
0.63816053
0.59559298
""
0.64290369
""
0.54929185
""
0.57388437
""
0.5921011
""
0.59036696
""
0.50544149
""
0.59494823
""
0.69056731
""
0.59517562
""
""
""
""
0.56255931
""
""
""
""
0.52609068
""
""
""
""
""
0.67637008
""
""
""
""
""
""
""
""
""
""
""
""
""
""
""
""
""
""
""
""
""
""
""
""
""
""
""
0.61350745
""
""
""
0.45441657
""
""
""
0.42474225
0.57963216
""
""
0.57950711
0.42585149
""
""
0.55805445
0.61628282
0.58658004
""
""
0.50482219
0.50316888
0.65371644
""
0.61815798
0.48939934
0.580989
""
0.62258202
0.53081477
""
0.54526359
""
0.64248937
0.55442917
""
""
0.65167052
0.61315483
""
0.56920171
0.41637397
0.54593843
0.50890529
0.47811443
0.49537057
0.49629429
0.437116
0.54925776
0.52034074
0.42139983
0.48734275
0.44989341
0.51206928
0.53807616
0.59321034
0.55185759
0.52694166
0.58940285
0.55323631
0.50782067
0.54858917
0.61992663
0.62069792
0.61415279
0.65062302
0.64677453
0.49110252
0.6148802
0.59557587
0.50182259
0.55656868
0.60120648
0.58783919
0.63421321
0.61202079
0.46488217
0.48841736
0.50697821
0.49068883
0.61710262
0.58977842
0.61228842
0.56414574
0.58997488
0.57781273
0.57206702
0.56881601
0.58209699
0.56320834
0.62718868
0.58889681
0.62150162
0.62117797
0.6149857
0.61739659
0.58000642
0.58603412
0.62994957
""
0.48122063
0.33567283
0.59831744
0.50757623
0.51889277
0.46338999
0.39595976
0.42995226
0.53347915
0.53653234
0.49197838
0.49589029
0.61691648
0.55713814
0.57550514
0.51163661
0.51295364
0.60664362
0.57291687
0.6357733
0.59830177
0.52391106
0.46236983
0.53293228
0.51447976
0.64828062
0.55146801
0.48322055
0.66112244
0.59824717
0.56260824
0.61152649
0.575234
0.52088958
0.63281077
0.70054418
0.6011259
0.57616639
0.59327114
0.64334089
0.61706138
0.48927942
0.61435157
0.57884079
0.62249207
0.48757061
0.53763944
0.53352469
0.54374039
0.61426866
0.61306036
0.5853858
0.62664115
0.58704764
0.65090442
0.63314706
0.57040691
0.54461199
0.58921623
0.48192206
""
0.61208433
0.64021516
0.49744225
0.4183453
""
""
0.54853916
0.61719561
0.56827134
0.58345133
""
0.56716913
0.37390494
0.50127727
0.56108135
0.51964545
0.43501908
0.45555267
0.47135407
0.53044885
0.55947667
0.48987785
0.4274736
0.43707693
0.48235485
0.42005202
0.61172086
0.56831408
0.54067755
0.45673832
0.49330208
0.3835291
0.41411647
0.52099466
0.56123817
0.33047232
0.52473193
""
0.50162876
0.4836708
0.60405231
0.4588334
0.36617664
0.35045049
""
""
""
0.63218492
0.59314203
0.60890245
0.65163058
0.62513578
0.635827
0.52006799
0.39509711
""
0.45368847
0.55299354
0.65389216
""
0.53008324
0.42288232
0.43853474
0.49606818
0.5038476
0.61551237
0.59467894
0.53374296
0.60122037
0.62413591
0.60096538
0.60704261
0.54332423
0.62613893
0.60114086
0.56824356
0.58197606
0.5385623
0.62011552
0.6224246
0.64779377
0.59937447
0.59835684
0.54405087
0.55089539
0.62238812
0.59758729
0.64680707
0.57202011
0.58193868
0.59751499
0.64652395
0.59206969
0.58952659
0.59360451
0.53854722
0.56892717
0.60073996
0.57558692
0.63025856
0.53377986
0.66277331
0.62866729
0.59725732
0.64942646
0.57938731
0.63046902
0.56031567
0.59536445
0.64296544
0.6234532
0.60979146
0.62015629
0.60420251
0.58158535
0.55684382
0.59718859
0.51579738
0.46596262
0.56649435
0.55161673
0.55282098
0.5785442
0.64137942
0.6311602
0.65152222
0.62139606
0.67044455
0.61890638
0.6806047
0.64997637
0.71036863
0.64945459
0.69934905
0.60448521
0.63901424
0.65745455
0.63118321
0.62854117
0.55463475
0.59060335
0.66357446
0.60831034
0.58590144
0.62789339
0.63617367
0.69068789
0.59072798
0.58752668
0.60163432
0.61001724
""
0.64778376
0.61845517
0.60316199
0.58557528
0.57261282
0.52711159
0.5653857
0.61631453
0.6106655
0.54868031
0.58887744
0.62588245
0.53704649
0.53996319
0.5659743
0.58275706
0.5643084
0.59761095
0.60692823
0.57109976
0.4783735
0.5870198
0.5714677
0.56607342
0.54628664
0.64685255
0.60116154
0.52412814
0.40753138
0.4104521
0.43113768
0.53346258
0.55365777
0.48686638
0.65891111
0.53141534
0.59810334
0.56173319
0.52508563
0.53388494
0.6466642
0.61175889
0.63542354
0.57478142
0.58150178
0.60904491
0.58719832
0.56429839
0.60783422
0.60574102
0.61673075
0.62485278
0.60904431
0.64294147
0.58671612
0.56469864
0.59046692
0.57598394
0.62519932
0.49129322
0.56445491
0.57585734
0.62264913
0.63905865
0.64421684
0.64127415
0.66492975
0.66382807
0.64877456
0.61520404
0.56406713
0.61489058
0.61215502
0.65500045
0.59640127
0.63793814
0.6928519
0.59856588
0.65914595
0.65658873
0.67493707
0.67778677
0.58683133
0.7218551
0.6479882
0.66503
0.6362111
0.65848899
0.71604627
0.60515803
0.63698876
0.62436271
0.60720974
0.65628505
0.63962185
0.6445086
0.61382014
0.6671412
0.41136891
0.41863239
0.42812935
0.44770384
0.54064697
0.56247574
0.53904867
0.59765464
0.53108788
0.53215712
0.55675346
0.54833633
0.5569005
0.54732859
0.56868607
0.59554297
0.58131433
0.61296082
0.59802425
0.593328
0.57661414
0.56578392
0.58410686
0.56655341
0.57343543
0.53288215
0.55457145
0.52387017
0.59022748
0.58244431
0.4952223
0.58391029
0.62078875
0.5422532
0.53255749
0.52276742
0.61084932
0.68398374
0.54229623
0.60180587
0.58768022
0.56997925
0.61204106
0.59680575
0.53068918
0.50664473
0.49443671
0.59345907
0.58269179
0.5302363
0.51659602
0.56101835
0.60373223
0.55413961
0.6233353
0.54987973
0.54888141
0.60125059
""
0.54650295
0.52600539
0.54796708
0.57760525
0.63630176
0.67072302
0.6423012
0.61965734
0.67125368
0.6610446
0.69991386
0.65336859
0.67237663
0.66752762
0.64526904
0.69757313
0.64823067
0.62864667
0.7071144
0.66585797
0.61742496
0.71571511
""
0.54383171
0.67933977
0.57346582
0.65405869
0.67008889
0.571356
0.71126932
0.60444915
0.61099559
0.55529773
""
0.46415675
0.64730549
0.55045539
""
0.5823772
0.68455607
""
""
0.61485654
""
0.72459418
0.58686858
0.58083177
""
0.65023178
""
0.58808559
""
0.58211845
0.61024684
""
""
""
0.55588454
0.62020791
0.60138959
""
0.44251347
0.65811771
0.59889084
0.5632121
0.55020207
0.64086241
0.64089811
0.5019576
0.55224109
0.60396177
0.61723429
0.50477809
0.51888365
""
0.62943751
""
0.5523445
""
0.69746095
""
0.66497797
0.5825783
0.57074237
0.57272351
0.52440429
0.5824365
0.46833837
0.62597954
0.53098071
""
0.53910232
0.48032668
0.56052101
""
""
0.42920524
0.46352923
0.53444451
0.54390484
0.63397557
""
0.5559532
0.54464799
0.59143114
0.51216787
0.54744774
""
0.60431355
0.65031177
0.65430868
0.61110157
0.53352749
0.47727844
0.55282748
0.59189808
0.67796272
0.47886765
0.58836222
0.72674012
0.46143198
0.6797899
0.64312553
0.52393436
0.55358601
""
""
0.63077605
0.59142983
0.63706261
0.63770622
""
0.57465321
""
0.58362424
""
0.69773835
""
0.55494738
0.60830879
""
""
""
0.58534569
0.43011752
0.6784066
""
""
""
0.58315057
""
""
""
""
""
""
""
""
0.60753787
0.50506878
""
0.50350153
""
""
0.64121598
0.52689511
""
0.52602983
""
0.71226323
""
""
""
""
""
""
""
""
""
""
0.68144286
0.59915906
0.49564973
0.61501694
""
0.57996738
0.5334658
""
""
0.54359287
0.56579876
""
""
""
0.62087202
0.63794595
""
0.69218558
0.59411091
0.65548438
""
""
0.57463914
""
""
0.75684857
""
0.56324667
""
0.511518
""
0.35629797
""
""
""
""
""
0.51204008
""
0.55428189
""
""
""
0.65855342
""
0.71467167
""
0.70611113
""
0.61485875
""
0.72300786
0.63104784
""
0.54474407
0.5656485
""
""
0.77263534
0.57415378
""
0.59035218
0.60424876
0.5572322
0.61762178
""
""
""
0.54515105
""
""
""
""
""
""
0.70819318
""
""
""
""
""
""
""
""
""
""
""
""
""
""
""
""
""
""
""
""
""
""
""
""
""
""
""
""
""
0.58907294
""
""
0.59852928
""
""
""
""
0.488085
""
""
""
0.53333753
0.66905898
""
""
""
""
""
""
0.61017686
0.55352074
""
0.53947371
0.51994491
""
""
""
""
""
""
""
""
""
""
0.63609272
""
""
0.46986288
""
""
0.60091668
""
""
0.54513299
0.67010152
0.55128223
""
""
""
""
0.39254963
""
0.70286238
""
0.66202044
0.64060605
0.63108718
""
0.67228234
0.70758724
""
""
""
""
""
""
0.61720812
""
""
0.58435214
""
0.641666
0.67584425
""
0.57517135
""
""
0.6048559
""
""
0.65738058
""
""
""
0.57167923
""
""
""
""
""
0.63928521
""
0.4928174
0.67716163
0.68884093
""
0.49977794
0.53967762
0.60203958
""
0.67812937
""
0.5549348
0.65724421
0.59007221
""
0.64034307
""
0.67529982
0.58243161
""
0.8123908
0.66129661
0.59104043
0.64568162
0.68295008
""
0.6502586
""
0.64452124
0.57703274
0.6497069
0.62513071
""
0.58370364
""
0.66903704
""
0.61763233
""
""
0.77119553
""
0.64390302
0.76544893
""
""
""
""
0.6483894
""
""
""
""
""
0.61740923
""
0.60413682
""
0.63501662
0.67280161
""
0.67731827
0.60480785
""
""
0.79395896
0.69585574
0.68098187
0.72348827
""
0.67406601
0.68853867
""
0.62145662
""
""
""
0.60349429
0.61710018
0.68486232
0.62843305
0.67379874
0.66990054
0.62603503
0.48834938
0.71841377
0.63882887
0.690216
0.66923493
0.60407764
0.58186269
""
""
0.59769684
0.56907147
""
0.52580076
""
0.61546761
0.57392025
0.72715092
0.68350399
0.72587734
0.56795037
0.53662771
0.60446101
0.60210377
0.50772178
0.58088487
""
0.58747882
0.53985453
0.53528219
0.58344918
0.62039596
0.47577345
0.64187032
0.55209661
0.56617224
0.67176014
0.55995327
0.55244952
0.6745097
0.71376193
0.64062065
0.65747917
0.54383653
0.50393689
0.48832026
0.54463917
0.54653966
0.59621769
0.57378232
0.52545929
0.53819788
0.54161626
0.62595886
""
""
""
""
0.5178858
0.44896117
0.62503713
0.64220208
0.64762837
0.5669024
""
""
0.56773448
0.64833421
0.60029793
""
0.56725931
""
""
0.64591676
0.55598456
0.56312156
0.61237305
0.616063
0.48851353
0.66978043
0.65051228
""
""
0.59320903
0.65797758
0.66082919
0.65953487
0.71743178
""
0.65011138
0.59513569
0.65187484
0.71027589
0.68882751
0.71174312
0.68881065
0.67329657
0.72856385
0.41428348
0.54735404
0.54940224
0.72907424
0.65528041
""
""
""
""
""
0.66241556
0.68165469
0.67042935
0.64579821
""
0.72986192
0.64850479
0.62583709
""
""
""
""
""
0.44618699
0.46893212
0.47480792
0.72737199
0.66267276
""
0.50035298
0.79662442
0.69612992
0.67331702
0.66755599
0.63708717
0.73540229
0.66639668
0.68918711
0.68683285
0.73411459
0.54912138
0.71675575
0.62058228
0.60344404
0.6806379
0.6853832
0.77709794
0.64515322
0.73347962
0.6565187
0.62806058
0.64523536
0.43586698
0.63558596
0.68455398
0.62729216
0.61390388
""
0.70974559
0.57561511
0.6725232
0.60061121
0.72710973
""
""
""
0.58670306
0.5813027
0.61145216
0.63706648
0.55639756
0.57667369
0.64282531
""
""
0.60883987
0.5708974
""
0.65831888
0.70388782
0.67038655
0.74192834
0.66354263
0.75632447
0.5680362
0.60288823
0.69027704
0.57204014
0.65652692
0.68920976
0.6793198
0.64532715
0.6805203
0.65532786
0.70817292
0.53570998
0.71258938
""
0.71939564
0.49677414
0.67188752
0.60055184
0.61713284
0.68930268
0.59642237
0.6933862
0.67929929
0.66921675
0.68882769
0.64122921
""
0.6449284
""
0.60158861
0.60508251
0.7406407
0.62941182
0.6997298
0.68707639
0.64271349
0.55682915
0.5566166
0.54420787
0.47239748
0.40342912
0.36734977
0.51698697
0.47120994
0.54461855
0.57855707
0.64406013
0.63026416
0.61868304
0.62157428
0.50492632
0.55346167
0.58841151
0.57928091
0.58878022
0.581159
0.61047453
0.60360086
0.64070684
0.62873751
0.56387687
0.59923512
0.54671335
0.63634664
0.63765365
0.62291998
0.63716906
0.6215204
0.64758694
0.69740319
0.61259484
0.61172038
0.65430045
0.62637186
0.65095079
0.59567511
0.61972892
0.54982054
0.56108552
0.56765646
0.43609041
0.65154314
""
0.64410955
0.6131826
0.69318366
0.62325794
0.73652107
0.57906294
""
0.5633952
0.67795485
0.61449152
0.66718709
0.61814004
0.67812896
0.66273338
0.68527633
0.59497523
0.72814977
0.6316753
0.56305516
0.65668809
""
0.72086817
0.66360813
0.67647594
0.76241785
0.69336075
0.61153817
0.58042681
0.56342524
0.59051341
0.68427187
0.71029037
0.69787884
0.65133822
0.67475742
0.605744
0.75322777
0.67328727
0.70289832
""
0.57263499
0.64571655
0.70337075
0.70977253
0.70707625
0.72841847
0.64754152
0.67302507
0.6501826
0.70446432
0.70932281
0.6841498
0.74779439
0.69160473
0.66769367
0.67466557
0.55976665
0.72919405
0.68643409
0.67392683
0.72310293
0.72697258
0.57541019
0.63979989
0.6533342
0.71961361
0.65864182
0.66173077
0.63150358
0.67872828
0.67134219
0.66556811
0.67516392
0.52680343
0.65129822
0.66375208
0.68975133
0.60282749
0.49753922
0.66994292
""
0.66076952
0.50345707
0.68432391
0.64656675
0.56534261
0.67339826
0.65898812
0.64759934
0.65182006
0.65980166
0.65966028
0.63596386
0.66004902
0.7301991
0.66722143
0.64002126
0.66043174
0.68105441
0.61830735
""
0.42649907
0.50003767
0.71630704
0.66601235
0.68359995
0.72405022
0.70945275
0.63751823
0.62390077
0.63374823
0.62512875
0.65247881
""
0.73674673
0.73520589
0.7388773
0.68419814
0.65171552
0.65008092
0.64982986
0.67428416
0.67651445
0.6778636
0.69690704
0.62769425
0.6771518
0.68524504
0.6902591
0.71961164
0.70827335
0.61515051
0.58227789
0.64716512
0.3617996
0.46867383
0.69582731
0.63704294
0.74307787
0.65824014
""
0.64752382
0.65423316
0.65696537
0.46678793
0.3977468
0.42567393
0.37568823
0.47627568
0.68666875
0.42831969
0.44071683
0.35317355
0.57615393
0.61623043
0.63134593
0.65506905
0.68483901
0.68263859
0.73307329
0.70420164
0.66269743
0.52739519
0.60841
0.56001282
0.58861268
0.64992177
0.68107617
0.5205214
0.60048127
0.56123519
0.58150822
0.51179594
0.55418313
0.56322771
0.62806928
0.53071612
0.54861408
""
""
0.52689087
0.53827578
0.59457427
0.5189324
0.58648652
0.51810163
0.54596561
0.54794896
0.54184878
0.50196654
0.49725333
0.56572843
0.60498208
0.50559163
0.5371179
0.55974615
0.55190104
0.60662991
0.55044228
0.56365526
0.56260705
0.52388662
0.63612092
0.64800984
0.55566192
0.57992762
0.6266619
0.5600909
0.56320846
0.50744689
0.61475974
0.61285508
0.56095552
0.64238751
0.63026547
""
0.50955433
0.59429806
0.60447901
0.60874695
0.65505856
0.58087963
0.62718636
0.5991739
0.64895523
0.5989359
0.57111847
0.57309371
0.59430528
0.67359662
0.63930464
0.63702089
0.64804137
0.67309809
0.65732855
0.66186136
0.65621138
0.67840058
0.61627275
0.70083386
0.70169663
0.68374747
0.68263942
0.62462032
0.56422859
0.6128903
0.52957773
0.48014724
0.36832982
0.63689512
0.6478889
0.49288538
0.51716369
0.40446103
""
0.43631771
0.5543257
0.4601005
0.50078368
0.59457272
0.55108404
0.54899436
0.65574855
0.6102041
0.67139667
0.72707349
0.62947124
0.60306656
0.68806291
0.62034488
0.68341839
0.64083558
0.64225131
0.6585598
0.64031965
0.58664519
0.56902033
0.64799839
0.62053519
0.69191992
0.62778932
0.64592779
0.68795526
0.62716824
0.50242084
0.56257617
0.59196222
0.57894164
0.55597079
0.59783804
""
0.55937165
0.5986191
0.60802859
0.58873111
0.57068437
0.54963624
0.51878715
0.52930081
0.52973622
0.53340638
0.58833313
0.59022617
0.583166
0.5464806
0.59638184
0.53349513
0.61549342
0.49611431
0.48291257
0.59140474
0.59441769
0.52620316
0.5795598
0.59405839
0.56349862
0.56167012
0.54389036
0.55150855
0.49587199
0.56896293
0.59938532
0.57051212
0.47450924
0.54809195
0.58045053
0.50953156
0.56903857
0.50170028
0.57209414
0.56787223
0.52735549
0.53250152
0.62499768
0.55892611
0.54541749
0.50747901
0.60843825
0.55787522
0.5928241
0.57440907
0.72417623
0.67610908
0.67529058
0.6872561
0.74395639
0.70219392
0.69504213
0.67382503
0.69116133
0.67027414
0.67264825
0.49903494
0.61904991
0.55560333
0.63393444
0.61550146
0.56321138
0.63354009
0.73610538
0.68895948
0.64881903
0.65872502
0.73179018
0.62205082
0.72656476
0.63260651
0.6622957
0.62219828
0.67726302
0.71183252
0.7163142
0.70904875
0.73575908
0.69842297
0.6991964
0.58488482
0.62802726
0.74945861
0.67963803
0.64663452
0.72781968
0.68525922
0.66791648
0.74490488
0.72735977
0.69270349
0.66247034
0.69677216
0.59328759
0.63193434
0.72807395
""
""
""
0.57611907
0.65492201
0.62169737
0.616386
0.65759021
0.61542332
0.6154815
0.61269337
0.6324091
0.66580701
0.64264905
0.59997618
0.62796432
0.66566139
0.66654748
0.65670127
""
0.56555301
""
0.65392798
0.62626195
0.61801791
0.69186568
0.57473874
0.60698885
0.62379378
0.54102486
0.62627715
0.65689337
0.63425469
0.64130473
0.62801802
0.64812839
0.63503063
0.63862151
0.63937283
0.64190626
0.62921304
0.67013508
0.63314646
0.72126579
0.67434651
0.6712057
0.67384791
0.68306303
0.68736392
0.61945236
0.62527704
0.68777478
0.64870864
0.71266186
0.66465402
0.66185987
0.71176791
0.65775919
0.64041919
0.67784125
0.63433766
0.68616939
0.67064458
0.69337702
0.64806968
0.61395782
0.67793143
0.69655579
0.62806934
0.6045596
0.53050452
0.62959778
0.5949946
0.65129113
0.56183481
0.561351
0.55800557
0.71251506
0.60210711
0.64321715
0.58439708
0.65584987
0.51434857
0.55818194
0.61991757
0.4713932
0.55228192
0.62325644
0.5256952
0.58879125
0.55640894
0.51361895
0.63544989
0.63597316
0.55801731
0.61578667
0.63159436
0.6340887
0.55231649
0.65510511
0.54154623
0.67193884
0.62184
0.61015767
0.66271037
0.69120336
0.60048699
0.55906814
0.69577551
0.64603215
0.69044131
0.67974848
0.65380931
0.64063144
0.67611909
0.66287446
0.624798
0.67303818
0.68335742
0.69883472
0.63101661
0.60727966
""
0.63637948
0.54700905
0.55009538
0.56473899
0.64620149
0.62371349
0.64376616
0.69743705
0.6736846
0.66652507
0.64617419
0.66702348
0.66212761
0.69071025
0.67490345
0.59496582
0.63922811
0.66025519
0.63242871
0.66614956
""
0.6461758
0.7085675
0.66701692
0.597121
0.58023298
0.63397932
0.65096021
0.60907286
0.64148957
0.59499061
0.58593792
0.66320062
0.65119755
0.6793772
0.56773454
0.60357994
0.68149388
0.56906831
0.65865409
0.65437078
0.69401956
0.62635326
0.6474008
0.56101948
0.61114091
0.5925898
0.62971234
0.67626917
0.62894219
0.62637907
""
0.66595978
0.56629723
0.65478992
0.65027839
0.63367105
0.62527943
0.54173499
0.63196146
0.62846768
0.62396049
0.68487465
0.65504301
0.62583792
0.65706033
0.62271005
0.62532896
0.6408779
0.64634883
0.60695702
0.64715618
0.65238786
0.63978678
0.59119147
0.65512627
0.66870546
0.57273996
0.61089015
0.5906651
0.61078328
0.62031275
0.61108953
0.57391357
0.67257547
0.65235013
0.63177478
0.58593136
0.57406634
0.58509976
0.49301428
0.61819512
0.66248512
0.62009072
0.6387763
0.6093418
0.60846817
0.63939965
0.61432701
0.56831908
0.57340181
0.59622943
0.54158294
0.61242855
0.60162872
0.62476635
0.55199343
0.57411051
0.51629531
0.55350435
""
0.53930277
0.57509696
0.63081753
0.65761644
0.66106874
0.70109135
0.66675419
0.53892457
0.61010325
0.65658194
0.62036514
0.70345885
0.58960611
0.63696468
0.64624
0.53680426
0.56703079
0.64202738
0.58763278
0.6321702
0.67714071
0.67839593
0.6713472
0.58160061
0.62168396
0.59446347
0.60378033
0.60387301
0.65809697
0.58980072
0.57132155
0.63719249
0.65035421
0.6026274
0.63812578
0.65803349
0.57700884
0.56596124
0.49814406
0.59695256
0.5981791
0.59452784
0.57327473
0.56014061
0.57925767
0.41330159
0.45299211
0.54952902
0.56708038
0.51379949
0.53447956
0.58272123
0.60267913
0.47935608
0.3967056
0.53628939
0.596533
0.61179948
0.5844171
0.61711413
0.5851922
0.53842896
0.5640564
0.59485155
0.54137683
0.55188471
0.55134809
0.56637114
0.56526411
0.53093183
0.56009346
0.38278079
""
""
""
0.59656668
0.66840762
0.5685758
0.58831352
0.58664882
0.53867084
0.59286481
""
0.57501256
0.59390128
0.60787213
0.59275466
0.51167035
0.52722806
0.54239023
0.57227165
0.53966421
0.54566872
0.56384367
0.55108583
0.61225033
0.63147843
0.50858933
0.58366126
0.53841096
0.49638659
0.54620665
0.61350572
0.60572708
0.56923693
0.5617494
0.59068507
0.62251687
0.54497266
0.59530437
0.56213403
0.42075559
0.51498812
0.58162427
0.46716389
0.62411976
0.5167352
0.57948959
0.47569305
0.56663865
0.53589922
0.56278265
0.62491602
0.5297085
0.65280485
0.57494277
0.6005832
0.61788481
0.60671812
0.6155898
0.55890715
0.60881811
0.57319236
0.55959535
0.54490834
0.48205176
0.58649296
0.53706455
0.54681373
0.63609469
0.6462723
0.53360826
0.55539382
0.57342654
0.5821721
0.54828191
0.56494105
0.5794037
0.55796427
0.66406918
0.55911314
0.6428442
0.49206567
0.53293526
0.51210022
0.54469877
0.59596467
0.53848547
0.50641614
0.57896829
0.54002666
0.58012301
0.58797908
0.47966924
0.54529268
0.5665468
0.54768449
0.49601582
0.54233527
0.54472828
0.51773977
0.60739416
0.57340026
0.59770226
0.58603173
0.58833498
0.57847399
0.58599967
0.59078109
0.60135442
0.61996996
0.57137859
0.59275132
0.60063303
0.54940432
0.57114154
0.59145546
0.53545785
0.58585042
0.55349869
0.57278597
0.57355744
0.54423147
0.56057072
0.58392173
0.51839262
0.57525778
0.54611361
0.58177507
0.4692207
0.61019164
""
0.48733255
0.53259772
0.561369
0.67843378
""
""
""
0.58308989
0.67095351
0.54598987
0.64520621
0.70320052
0.6705932
0.62538266
""
0.39395669
0.54036212
0.62591749
0.72638243
0.68580109
0.51145411
0.6779421
0.66328627
0.71424145
0.7038734
0.67611003
0.69686401
0.69378287
0.54482788
0.6456905
""
0.66567755
0.67845505
0.7170589
0.71614909
0.63245577
0.68148226
0.70846891
0.71223843
0.64029914
0.65994465
0.66560924
0.61640596
0.6134963
0.6053704
0.63314265
0.67307788
0.61458051
0.72269386
""
""
""
""
""
""
""
""
""
""
0.62296695
0.50243556
0.58498722
0.66431051
0.60128492
0.6443575
0.60199302
0.76307827
0.77366483
0.80225074
0.73102319
0.73419434
0.65122581
0.77963847
0.67797816
0.75237548
0.6998983
0.75354046
0.6807546
0.5744701
0.66344827
0.61412311
0.63911504
0.67777288
0.60824716
0.69371718
0.56398278
0.62970001
0.63666904
0.65868771
0.55460125
0.56453824
0.69151306
0.67497301
0.70722163
0.71285146
0.68371403
0.70496082
0.67298245
0.65805787
0.6805743
0.6977126
0.68701994
0.67865121
0.74862951
0.69564235
0.51194102
0.55276591
0.57561374
0.58461291
0.6390326
0.66137671
0.68474889
0.77960879
0.69078392
0.67373925
0.79656661
0.74132752
0.657067
0.69435626
0.64241111
0.71544856
0.60865766
0.67603451
0.58366722
""
0.63587064
0.59208542
0.69778913
0.6973418
0.72728914
0.74396682
0.72964185
0.72465056
0.72489315
0.67246145
0.6480329
0.5876748
0.69334358
0.67123538
0.69747895
0.72058713
0.70196176
0.7330181
0.65025371
0.60708374
0.71949005
0.62548369
0.55735523
0.67491186
0.65892035
0.68474501
0.57366902
0.64287317
0.62115377
0.66648406
0.53089154
0.61849302
0.66075569
0.69553649
0.66924775
0.67170924
0.69567633
0.62782872
0.66768795
0.62944114
0.73121911
0.66437972
0.61305815
0.65442318
0.67996603
0.68475401
0.66155624
0.60820204
0.47495455
0.63137686
0.68590409
0.68560582
0.70824504
0.63759106
0.66204739
""
0.68746489
0.62337375
0.66002673
0.60754883
0.67778385
0.63463521
0.65551049
0.70035791
0.65692186
0.63453656
0.57196194
0.60238177
0.55284303
0.61645389
0.69530731
0.6970771
0.69158304
0.59810412
0.65224421
0.5409084
0.64919251
0.69340008
0.7332952
0.67373985
0.72901124
0.53214848
0.64602882
0.66631806
0.69138116
0.64709723
0.62842566
0.6742397
0.66297281
""
""
""
""
""
0.57962823
0.5886845
0.62484205
0.60244387
0.60266411
0.5677315
0.58765256
0.55847239
0.62449759
0.59202546
0.56420255
0.54635841
0.54472452
0.51848066
0.56507164
0.55192852
""
0.48675665
0.46777788
0.47211578
0.44692418
0.52860504
0.45086044
0.63906324
0.60061163
0.55629265
0.47979572
0.49813524
0.46150559
0.50176746
0.58288109
0.47293714
0.54782486
0.60257393
0.52577859
0.49408251
0.53555471
0.5215652
0.57566226
0.54804182
0.58126837
0.54475045
0.50880724
0.54061562
0.58213687
0.56651586
0.53464276
0.5042128
0.54015744
0.54033333
0.54719949
0.53361934
0.53689367
0.49013358
0.50557047
0.49878287
0.48730713
0.42492589
0.49074423
0.52470899
0.53140503
0.44327745
0.45644239
0.51716113
0.56221879
0.537642
0.50127798
0.54161197
0.52496648
0.4239133
0.40072256
0.44507208
0.47547019
0.44707158
0.45673701
0.45648703
0.45488882
0.44088224
0.4185282
0.49145746
0.55771202
0.57126176
0.47983092
0.64126843
0.59944862
0.55993217
0.54804474
0.5351761
0.60574287
0.59122097
0.56551063
0.63805473
0.48324236
""
0.60462934
0.55042905
0.48686275
0.52192378
0.54959381
0.52953964
0.54386342
0.48032916
0.37525544
0.54797572
0.4852308
0.57171267
0.55615538
0.5239042
0.49117899
0.49885648
0.54065061
0.51922554
0.51524717
""
0.47094357
0.48025867
0.46491435
0.45742691
0.43935409
0.46364862
0.40713748
0.68580985
0.4120664
0.49604881
0.53760493
0.57009935
0.519611
0.463752
0.48299173
0.47049776
0.54158604
0.47518188
0.59534252
0.54934061
0.49008438
0.50931036
0.41109547
0.55369979
0.38115564
0.49185717
0.4555068
0.5016737
0.39900574
0.44821748
0.48510966
0.42139608
0.47424248
0.38957202
0.55894804
0.50610787
0.50352323
0.54551297
0.55694664
0.4210844
0.63068163
0.50090337
0.48447049
0.54967165
0.57752281
0.52119607
0.54241937
0.55347472
0.49516168
0.55440968
0.53467453
0.51942754
0.54695553
0.44225338
0.50996357
0.48153099
0.496227
0.5527485
0.49674904
0.57466644
0.53036785
0.51037985
0.47820279
0.52372581
0.50623482
0.50013679
0.48560956
0.49568963
0.53433335
0.51079369
0.48922205
0.53727132
0.54080379
0.5142687
0.47292855
0.45696226
0.46905586
0.52795297
0.49662736
0.48760486
0.54507041
0.50715947
0.51975769
0.53367203
0.46780306
0.47899869
0.44285652
0.47583231
0.41493601
0.40997401
0.4605934
0.46297234
0.51096982
0.5079754
0.52155507
0.44261789
0.52832657
0.45214874
0.49259263
0.51841319
0.52315944
0.5293535
0.58027232
0.55423176
0.628555
0.61853033
0.58888906
0.53312981
0.56289726
0.51487803
0.52223468
0.55852216
0.57037354
0.48722652
0.48214519
0.4629558
0.42125639
0.51173872
0.55164486
0.51208979
0.55845982
0.43762165
0.52565867
0.52195889
0.51354873
0.63225347
0.58202457
0.51154625
0.54953408
0.51100844
0.43427387
0.43634415
0.39600545
0.469612
0.54511636
0.5115661
0.50118423
0.46541855
0.43206984
0.40740702
0.48401025
0.47380021
0.45869231
0.5374735
0.49045157
0.48712108
0.50768685
0.60733914
0.54092193
0.47464028
0.48014858
0.4725672
0.48002943
0.5110817
0.41614786
0.56272632
0.54994369
0.56190079
0.47703049
0.47988191
0.54511255
0.55832785
0.49940953
0.50041586
0.51277524
0.59811002
0.47765118
0.52829754
0.6414066
0.50260741
0.5304274
0.4854925
0.52772766
0.49478066
0.5884887
0.45235083
0.53465849
0.46219277
0.52797449
0.52669793
0.56178826
""
0.62095851
0.41170344
0.47663149
0.61248428
0.54977548
0.49968451
0.50502652
0.50407594
0.57833391
0.55043334
0.56179476
0.47226858
0.49029049
0.50781339
0.61444628
0.51500595
0.55965263
0.51131481
0.45356575
0.55543917
0.56774247
0.54350364
0.37312609
0.41103041
0.36734703
0.51465511
0.53840208
0.50527126
0.50053954
0.47538999
0.56411481
0.48569974
0.53102952
0.50860757
0.53473353
0.51760519
0.63102973
0.53052849
0.56476945
0.51707202
0.63284397
0.52267528
0.48561728
0.5886218
0.50683641
0.49407178
0.5340879
0.51013309
0.51647741
0.55570602
0.57660604
0.54335487
0.56903517
0.55728245
0.45519599
0.43933713
0.4718219
0.49760875
0.46494836
0.43357995
0.61730015
0.54748541
0.53724915
0.51267934
0.51271957
0.46436095
0.52286667
0.47685033
0.55137432
0.49249497
0.49891821
0.48884004
0.52198511
0.49047732
0.58568048
0.50408292
0.38190329
0.5283882
0.52982146
0.49855468
0.55561429
0.49624467
0.53110313
0.55096829
0.52394491
0.48817369
0.52454036
0.57361776
0.52168363
0.49406412
0.50101095
0.53219223
0.48308212
0.49723932
0.51878697
0.475941
0.45395061
0.50682867
0.47021797
0.51088881
0.55362976
0.46186867
0.50749511
0.52893311
0.54866242
0.56957096
0.64680207
0.56410474
0.53059936
0.48140493
0.53147352
0.43027043
0.49100962
0.55822843
0.49114963
0.54343414
0.5334419
0.62039417
0.45952868
0.51205516
0.57900947
0.35135874
0.39416045
0.59199429
0.62356651
0.61507326
0.52078718
0.52375609
""
""
0.53596926
0.50850475
0.52196294
0.50818712
0.46413025
0.47848216
0.43775171
0.47251371
0.3527863
0.49744189
0.46026289
0.555444
0.50426537
0.62167466
0.44595632
0.5003491
0.38981974
0.55265844
0.5626353
0.53941631
0.56360853
0.57023495
0.5046764
0.52462882
0.56232011
0.48192352
0.50255805
0.48274252
0.56406105
0.52526444
0.4857069
0.54363132
0.52334625
0.52941006
0.57427132
0.3553319
0.57855785
0.52564704
0.52267295
0.48369738
0.52153027
0.52653795
0.55263257
0.49485013
0.53955019
0.51713687
0.51779538
0.56715518
0.61502695
0.54940975
0.49929771
0.51586926
0.52360046
0.57995456
0.40405446
""
0.54583722
0.53375667
0.54478878
0.56278169
0.4738043
0.50907892
0.5441376
0.45500597
0.51143086
0.51419693
0.51712424
0.45224872
0.48616177
0.54733253
0.40666363
0.49477035
0.58688617
0.53118271
0.486285
0.5117898
0.60284746
0.58137941
0.53518444
0.52692747
0.50161165
0.51016235
0.51159602
0.54644924
0.47110125
0.47975272
0.5016368
0.46035478
0.57193148
0.48375934
0.55643058
0.47171074
0.42146274
0.51563811
0.406335
0.53849041
0.5166797
0.48743361
0.56666839
0.49997509
0.50369161
0.50074333
0.49171904
0.48890316
0.47526643
0.53549534
0.59259343
0.59912682
0.57179117
0.49574915
0.54707372
0.48118278
0.51478094
0.54263884
0.55968678
0.59759867
0.55457658
0.59843236
0.52865732
0.64355999
0.57852215
0.52933043
0.51891881
0.44701114
0.47155923
0.583619
0.53216499
0.54862309
0.51834524
0.47963059
""
0.4995212
0.57039446
""
0.53210855
0.45774141
""
""
""
""
""
""
0.4354552
""
0.5703007
0.58552146
0.59765953
0.55141473
0.58489215
0.60309058
0.53788501
0.33268487
0.47034663
0.54276603
0.52630085
0.47806948
0.60273248
0.53538257
0.53301799
0.47467673
0.5981831
0.52521271
0.60329336
""
0.56070906
0.57867557
0.58153909
0.59309191
0.57735318
0.61517507
0.63545901
0.61006051
0.53125626
0.61375618
0.60383362
0.64429677
0.49445775
0.4813512
0.64900553
0.59135634
""
""
0.42793649
0.47743261
""
0.50659066
0.4632214
0.48740727
""
0.5027262
0.55293882
0.55338645
0.50985605
0.53150487
0.50390536
0.55232644
0.42818239
""
""
""
""
""
""
""
""
0.26182285
0.50949347
0.54129249
0.55434775
0.56809628
0.59695834
0.42543247
0.42141542
""
""
0.48517871
0.42978731
0.37324399
0.47082138
0.6533373
0.51499611
0.52931589
0.5026058
0.64835829
0.6093815
0.65971404
0.56707793
0.60591471
0.48732367
0.50754499
0.53758061
0.54054201
0.59413105
0.49029824
0.54755127
0.49507546
0.60103172
0.47523493
0.4788641
0.46358606
0.5150401
0.49518594
0.61458915
0.56542152
0.51200706
0.49901482
0.58912772
0.49897832
0.62081575
0.52822572
0.52384114
0.56814092
0.4869878
0.53153336
0.54357636
0.59478998
0.51603979
0.557953
0.5737769
0.58403367
0.56931484
0.44484332
0.45712277
0.45679292
0.46489987
0.57737178
0.57371515
0.53023797
0.54981256
0.56914121
0.61173308
0.53977931
0.57415026
0.55990422
0.6314292
0.6759057
0.63474488
0.59167248
0.57718444
0.52237236
0.53140497
0.58442676
0.57248139
0.62103176
0.51855791
0.61282676
0.55852616
0.55711925
0.54479468
0.52538526
0.55642569
0.53664833
0.54333401
0.4435322
0.50404221
0.53367007
0.5750615
0.49600828
0.51002449
0.50439948
0.49413806
0.51391226
0.54766494
0.49489853
0.57976258
0.49919546
0.5217042
0.53881645
0.56877303
0.50360972
0.51151359
0.42895681
0.53231084
0.49936479
0.50741303
0.45565167
0.42907578
0.39118746
0.49292189
0.43692908
0.56460261
0.45587254
0.5001024
0.50398409
0.47337887
0.43954235
0.47497773
0.43268743
0.46552461
0.44162047
0.42276573
0.41997659
0.50417757
0.52764463
0.47870293
0.355369
0.38970837
0.40436846
0.47466874
0.51187271
0.55480725
0.46943823
0.52737701
0.59043664
0.55941457
0.62016624
0.52437401
0.61261398
0.52510184
0.59652954
0.62602901
0.53680134
0.51621318
0.50046891
0.44199938
0.40746191
0.47904277
0.48133123
0.44407037
0.62687927
0.56260461
0.50159538
0.59452981
0.56794065
0.45275918
0.52050221
0.57862127
0.57041198
0.50064832
0.56029946
0.50649905
0.47830352
0.50838298
0.50380206
0.59222335
0.54741353
0.54460073
0.56933039
0.4907549
0.492533
0.57875156
0.49327776
0.55664122
0.51831466
0.49363282
0.52554882
0.49926502
0.59145033
0.49947342
0.48894715
0.34842506
0.6120438
0.53700924
0.62825227
0.61918467
0.52715218
0.45553049
0.46142483
0.35135356
0.52061832
0.47313169
""
""
""
""
""
0.29518607
0.48253343
0.46937144
0.5089547
0.49345872
0.47103354
0.59434104
0.58640665
0.59194452
0.48377717
0.59296447
0.58496743
0.62388694
0.45006037
0.55059314
0.58793616
0.47615847
0.52339822
0.50240523
0.53925031
0.5171268
0.48951316
0.59366804
0.45648161
""
0.36291623
0.4124842
0.51260376
0.49218252
""
0.54513276
0.51731449
0.57742
0.34437028
""
0.46891853
0.40882355
0.45527518
0.55266851
0.55982244
0.37731576
0.54177904
0.52719289
0.51138526
0.50495058
0.44387424
0.46832591
0.42151916
0.55423021
0.50013006
0.546197
0.53367525
0.51773709
0.50994921
0.59783685
0.56263942
0.60052371
0.54336232
0.60562301
0.59005177
0.59994143
0.54765016
0.5589183
0.6359868
0.59283721
0.5994792
0.57436055
0.59766549
0.60524917
0.64426553
0.51218802
0.59442049
0.63026899
0.55538148
0.58383715
0.61280769
0.59207815
0.64038795
0.57279819
0.65490413
0.61076844
0.55366808
0.46666995
0.63955665
0.60389507
0.66794443
0.58619475
0.50534058
0.60802728
0.56187272
0.55427372
0.58735853
0.48364073
0.52680856
0.5518499
0.51815134
0.56993455
0.55659598
0.57564378
0.53668672
""
0.54691184
0.58112991
0.53999883
0.55952847
0.50313354
0.52880567
0.49467492
0.58131939
""
0.51426268
0.55490381
0.54607463
0.5465185
0.50693148
0.52771461
0.50738227
0.56512636
0.53283858
0.46188402
0.5544107
0.52577156
0.57722127
0.47591108
0.56547356
0.56135917
0.59379584
0.52241361
0.50598133
0.48247582
0.51350725
0.44924447
0.49733174
0.44355464
0.47827312
0.4975279
0.52997488
0.51346725
0.4644599
0.46770269
0.46676123
0.45649099
0.55537754
0.54606962
0.46406016
0.53957105
0.52153331
0.45290229
0.55726022
0.47462806
0.47611439
0.56735694
0.44591022
0.52505022
0.53614092
0.53731912
0.53108847
0.49398366
0.50607955
0.53555053
0.54080188
0.47359163
0.54513735
0.55281979
0.51036698
0.49170074
0.55048537
0.49786457
0.46066266
0.51292753
0.45074332
0.51177973
0.49077043
0.53128284
0.52723861
0.54046738
0.55727839
0.50143939
0.53587729
0.5088073
0.46457976
0.57855475
0.52949315
0.56090617
0.5662753
0.49366969
0.50135398
0.47508845
0.46998402
0.43791056
0.46758541
0.57706934
0.42659861
0.44701833
0.55100679
""
0.52518195
0.3022168
0.42958829
0.45396763
0.50807858
0.53091168
0.63845581
0.5060603
0.47689328
0.58554274
0.5503673
0.45846385
0.52280879
0.55660719
0.52092457
0.54967785
0.51116139
0.56942874
0.53257418
0.52124423
0.4294475
0.54032403
0.49635965
0.50613475
0.55721277
0.64314395
0.53906381
0.46438217
0.47335055
0.5423829
0.53164047
0.60701454
0.54426104
0.5592702
0.5591867
0.52322912
0.69122136
0.58973128
0.50758332
0.53680366
0.47390845
0.59943318
0.51614064
0.56503266
""
0.49201956
0.52037674
0.53379583
0.4891946
0.49381655
0.55986744
0.40343651
0.38257024
0.4939194
0.53380048
0.49787751
0.57568192
0.59269196
0.51957566
0.57993466
0.51005155
0.5153237
0.48679578
0.55985969
0.5377878
0.58872592
0.53548652
0.53150576
0.59283173
0.58255261
0.55270135
0.54118878
0.573098
0.52741909
0.50840783
0.49372867
0.53925419
0.52724552
0.54269415
0.55312198
0.53669637
0.48441294
0.58614928
0.55366796
0.45219901
""
0.49724293
0.50664026
0.55152398
0.50764894
0.50700414
0.58040214
0.57498819
0.51778698
0.57717705
0.52866858
""
""
""
""
0.58349395
0.56932276
0.5855754
0.4915452
0.58710784
0.55704868
0.49382943
0.49203068
0.5039131
0.47596255
0.51594543
0.48484519
0.58906919
0.56409848
0.49005964
0.49793592
0.49873888
0.4656837
0.54389286
0.48095736
0.55402577
0.54241002
0.49549481
0.55029041
0.5042811
0.59166664
0.57315862
0.61429387
0.47523728
0.45974699
0.48757812
0.41219881
0.51142573
0.50365859
0.5069651
0.48442471
0.43284935
0.5254913
0.50682586
0.49720263
0.50033885
0.46982491
0.50556803
0.4892104
0.53047782
0.47305748
0.48661646
0.48726347
0.50648236
0.47194779
0.4956744
0.45400855
0.45930359
0.56377292
0.51538736
0.52523363
0.54097462
0.51799434
0.43590516
0.60715765
""
""
0.5796544
""
""
""
""
0.42881411
0.46008122
0.49479738
0.52022058
0.44622448
0.50409079
0.53802007
0.56753993
0.53308284
0.58296251
0.42861947
0.52432609
0.61517709
0.44170642
0.51328349
0.49556652
0.59681112
0.48674005
0.49619979
0.50651586
0.43963814
0.54612643
0.50833732
0.49455181
0.51913399
0.55482954
0.56642896
0.51352763
0.51968503
0.51326513
0.4826
0.569125
0.520459
0.48116997
0.6062445
0.58573592
0.61506104
0.54193562
0.62297672
""
0.6320284
0.55365813
""
0.66221499
0.58190382
0.66466063
0.62480593
0.56906211
0.70428717
0.57417339
0.66559303
0.66111583
0.59583032
0.59757394
0.64053017
0.59693748
0.62709188
0.57020497
0.59659356
0.58883303
0.50236499
0.53920633
0.61030138
0.49548501
0.49901012
0.55073071
0.44631195
0.49145794
0.61317188
0.48623756
0.55278391
0.60359031
""
""
""
0.5796569
0.45464879
0.55406994
0.46011651
""
0.32792938
0.49814311
0.37243515
0.43288264
0.4250569
0.5247643
0.5047363
0.43865982
0.48484921
""
""
""
""
""
""
""
""
0.42353222
""
0.37755042
""
""
0.44104037
0.56173718
0.46980149
0.64192367
0.55770004
0.36617652
0.51899755
0.64974707
0.5951944
0.65002805
0.67190439
0.46107152
0.59822905
0.62410265
0.65419167
0.6029641
0.56147254
0.55839467
0.46392137
0.5720439
0.53457367
0.58214152
0.39790347
0.58014673
0.58972108
0.59869921
""
0.58402342
0.62509155
0.65444046
0.59522498
0.59164476
0.48928773
0.5119254
0.58789206
0.54904079
0.56345725
0.55528229
0.63150871
0.56962359
0.5322029
0.57742524
0.54133254
0.53246176
0.58566284
0.54652983
0.59379619
0.62192225
0.66575527
0.62541723
0.64666462
""
0.51677561
0.57289463
0.47266582
0.64408636
0.59996289
0.57034993
0.58008784
0.65148658
0.66232413
0.57780153
0.60444349
0.5589751
0.63393021
0.66767764
0.50042862
0.64169896
0.67066598
0.61696613
0.54799479
0.60055
0.4924632
0.70615488
0.63528872
0.63467705
0.48696586
0.57289356
0.618945
0.58733916
0.58672845
0.61023653
0.57985586
0.50194478
0.52977532
""
0.6176163
0.59989274
0.53137594
0.49760514
0.50827593
0.55245644
0.57368034
0.59355634
0.56237531
0.59587532
0.60003453
0.46745396
0.58075267
0.62097019
0.5062241
""
0.57783866
0.62629658
0.57963723
0.53630221
0.58775908
0.63125455
0.63267952
0.57803088
0.60944134
0.49128097
0.53430778
0.59053743
0.57901323
0.52533513
0.65341651
0.51121593
0.56205177
0.59472197
""
""
""
0.48368374
0.46170735
0.50957435
0.53600544
0.5169372
0.52950847
0.4897607
""
0.56607485
0.47970453
0.59337187
0.49675795
0.53846657
0.51310676
0.50605136
0.49338129
0.50143135
0.5102281
0.54972178
0.52341628
0.53215855
0.58431363
0.56050426
0.48047531
0.5393905
0.59400433
0.54298156
0.46545011
0.47534433
0.51371503
0.5071944
0.59891409
0.6315344
0.57657582
0.55372131
0.57767904
0.59091336
0.58730894
0.50638318
0.55371684
0.52749211
0.55087668
0.57525557
0.53706783
0.55104244
0.52996284
""
0.49229395
0.44041976
0.58874959
0.46291199
0.40726072
0.5933193
0.43154508
0.39043799
0.45814312
0.38774759
""
0.54615295
0.45807147
""
0.52867883
0.53280038
0.49853536
0.53634316
0.44072261
0.50380421
0.57721192
0.60403705
0.55049038
0.55444002
0.48830801
0.57185268
0.53384537
0.53509879
0.56143653
0.56101507
0.5321309
0.52034503
0.55648285
0.57383114
0.48492214
0.57077211
0.51242238
0.51120716
0.4877193
0.47540367
0.52226394
0.52363873
""
0.57227552
0.62487119
0.59967339
0.47631198
0.58104223
0.49834055
0.49785787
0.53668892
0.50404358
0.47385678
0.55849153
0.47512594
0.50450373
0.55557245
""
""
0.59989917
""
0.51759034
0.53739369
0.51688558
0.46855614
0.53928953
0.53255785
0.56394339
0.49451727
0.463911
0.53463989
0.59062433
0.60875624
0.50371158
0.50521618
0.47105661
0.44498941
0.3858541
0.48826328
0.54341441
0.50174505
0.59353781
0.45246136
0.57208985
0.4994953
0.54820579
0.56010276
0.52099216
0.54219073
0.541053
0.51189643
0.57621986
0.57520562
0.57398218
0.56389397
0.51428473
0.59970349
0.54340333
""
""
0.57472032
0.54936647
0.62909734
0.62318546
0.62476295
0.61718869
0.58988202
0.61078334
0.44188628
0.54225403
0.61119556
0.46360776
0.47826454
0.37699449
0.47598979
0.56767845
0.54363394
0.49931094
0.54814208
0.56625962
0.582497
""
0.48730549
0.51230896
0.51217741
0.54057562
0.43783832
0.49970058
0.51666409
0.58123267
0.4202657
0.51300013
0.52513319
0.50254524
0.53665441
0.48930535
0.5797438
0.53105307
0.51151872
0.52873284
0.56953734
0.54959929
0.5361855
0.51314187
0.57980412
0.61125469
0.47709876
0.53526539
0.56658709
0.64790863
0.59432703
0.51731658
0.65365368
0.57866389
0.50960529
0.56648016
0.59742922
0.46444118
0.46377739
0.44688901
0.47105569
0.54292393
0.58937854
0.6417613
0.49991313
0.48467812
0.6281001
0.53655213
0.59266108
0.55243027
0.53000891
0.54388142
0.53503764
0.48858881
0.54654092
0.56767172
0.52146107
0.4933199
0.49427411
0.48840097
0.50510567
0.47295237
0.45015246
0.54268885
0.59856415
0.4544102
0.55921739
0.51266307
0.48928538
0.42273656
0.46923426
0.60776287
0.46603844
0.44551364
0.52477831
0.47707278
0.54232812
0.49457496
0.51630163
0.50166011
0.48240882
0.45833847
0.53397995
0.47942424
0.51262832
0.45685685
0.50141436
0.54156548
0.58940578
0.54727137
0.51089412
0.46171668
0.54660958
0.59624428
0.50875473
0.51833969
0.57607621
0.62230426
0.48382571
0.4395234
0.49009183
0.48166814
0.58286667
0.49456644
0.47824931
0.49313539
0.45568115
""
0.48895893
""
0.43660972
""
""
""
0.40408665
0.5469138
0.50556308
0.41826829
""
0.52785778
0.50611585
0.35800633
0.4699378
0.53743172
0.56569368
0.52073669
0.47128621
0.55549455
0.42790893
0.45324448
""
0.4152194
0.43089551
0.35126913
""
0.52622616
0.47578329
0.43445864
0.58728802
0.41067007
0.47371569
0.45777294
0.49009129
0.53890389
0.51879263
0.52532268
0.47966918
0.50771308
0.52982587
0.53274512
0.47691962
0.50427204
0.43942878
0.57286686
0.55868018
0.52461499
0.5336014
0.39799431
0.52193838
0.41377905
0.56082648
0.54609078
0.47103643
0.47620791
0.50210375
0.49563771
0.51767176
0.51716006
0.51756316
0.53292841
0.51534575
0.49891746
0.563254
0.52816492
0.57895458
0.55158037
0.50271547
0.47122258
0.51894343
0.46802294
0.53482825
0.48505005
0.50557876
0.54331046
0.4913902
0.51423162
""
""
0.45574787
0.47764096
0.50148106
0.52937627
0.52648699
0.48454341
0.45595768
0.42309004
0.48268035
0.4990944
0.46340013
0.5072186
0.48732862
0.52168202
0.51822013
0.53525823
0.55282474
0.55593169
0.57587522
0.51955295
0.54336667
0.4898563
0.50749916
0.51730406
0.54482383
0.51073766
0.48290741
0.47189835
0.51253361
0.47101107
0.52676213
0.58036155
0.52182502
0.55804068
0.59055978
0.4885225
0.54841298
0.57175356
0.52197367
0.51061636
0.5368591
0.57211536
0.55960375
0.46388173
0.46420959
0.47285011
0.4663125
0.51466286
0.50929761
0.56395876
0.50738555
0.46950999
0.48027638
0.44108608
0.51801538
0.45215017
0.45605916
0.59740233
0.50636524
0.44035888
0.54395247
0.49234796
0.4805831
0.47009173
0.44867977
0.48046985
0.5151245
0.51454031
0.39776388
0.55442274
0.5113318
0.48334578
0.51198804
0.51206875
0.62580496
0.51567155
0.50575542
0.45761099
0.47099075
0.47007728
0.4636279
0.51343274
0.54967725
0.54825282
0.50038731
0.48388928
0.56579316
0.54132968
0.57921064
0.54408818
0.55945033
0.58708054
0.50372136
0.55024159
0.5540517
0.55890071
0.5871377
0.53203398
0.52329719
0.55787975
0.55285615
0.61675191
0.53141314
0.50855798
0.58821273
0.57337391
0.50559407
0.52258295
0.53810251
0.58255541
0.54766572
0.55686349
0.53594017
0.5487439
0.51649278
0.51245344
0.55679679
0.55746895
0.55996454
0.58403093
0.69534379
0.59334075
0.63653052
0.63641435
0.58020526
0.45782116
0.51515013
0.54264617
""
0.51604468
0.50220156
0.54404962
0.6530596
0.58421516
0.40299225
0.41077042
0.47337955
0.46340552
0.52882349
0.52108717
0.5812766
0.6307041
0.51367515
""
""
""
""
0.50553727
""
""
0.57009745
0.5505892
0.69578791
0.65597492
0.63939124
0.61615163
0.50982505
0.55913305
0.57443982
""
0.40548131
""
0.6257301
0.5478797
0.70121998
0.6122902
0.51270896
0.56130856
0.56072432
""
0.63187754
0.57152343
0.6149562
0.61969513
0.5858441
0.61010629
0.59463394
0.62064415
0.61754096
0.5274303
0.55967098
0.60830927
0.52872968
0.61434245
0.51967847
0.55801028
0.53392446
0.60254073
0.5752719
0.51743859
0.46282339
0.59081495
0.55336517
0.59202015
0.63796675
0.64485401
0.64140576
0.66399592
0.61578971
0.59276247
0.57774711
0.48516408
0.59482634
0.56607372
0.54017133
0.60647029
0.56901479
0.59293735
0.60093933
0.59796876
0.65092069
0.56440115
0.5169965
0.53655684
0.49307224
0.5782299
0.66813576
0.64611137
0.69578528
0.55840069
0.55746949
0.61552578
0.61432672
0.63595819
0.61639434
0.49505889
0.60477364
0.59295934
0.53902596
0.52562243
0.61276025
0.63749021
0.64837343
0.59321439
0.60912293
0.61353707
0.59339643
0.67351204
0.6378271
0.61024797
0.63242573
0.55907059
0.5771991
0.5611344
0.60875624
0.60537851
0.62044394
0.64820182
0.56482822
0.5835703
""
0.60383898
0.68085223
0.55141026
0.65034407
0.66876
0.54342735
""
0.52586448
0.66543555
0.59789687
0.66740549
0.64403093
0.58188081
0.57101667
0.59101462
0.65130574
0.53861469
0.6384629
0.58307761
0.5824309
0.63384259
0.69420034
0.63973582
0.57696271
0.57324493
0.6496489
0.54900801
0.61886162
0.52425063
0.64968038
0.66296327
0.65085948
0.65015107
0.56830144
0.59412903
0.56007999
0.59785455
0.62019616
0.49173
0.65660948
0.63908732
0.6672132
0.57901764
0.64604878
0.56770253
0.58260292
0.46808234
0.56610447
0.60445642
0.49973246
0.51878351
0.53446269
0.59757239
0.52193749
0.52576303
0.51600718
0.56524402
0.52063632
0.61590046
0.56426746
0.55249828
0.56768936
0.67630798
0.54695219
0.57541442
0.54686308
0.57409531
0.51787096
0.58588332
0.52315313
0.54833287
0.52463096
0.45041201
""
0.5443511
""
""
0.52618319
0.52791262
0.54459041
0.59535378
0.63204265
0.58769089
0.48194683
0.45925212
0.50921285
0.53708011
0.53340781
0.50349015
0.47413749
0.56029171
0.46841878
0.55447167
0.49750981
0.47622296
""
0.52946746
0.52697712
0.37437764
0.54799539
0.51971072
0.55333424
0.5821988
0.52117121
0.53106302
0.48682973
0.49292362
0.48565555
0.54052901
0.54262024
0.51417726
0.48399472
0.524777
0.57792938
0.56953543
0.6101504
0.55945396
0.56103551
0.50310248
0.38504612
0.48728257
""
0.48519081
0.47499931
0.48881301
0.47658885
0.47072226
0.48930281
0.50188416
0.49050584
0.54186708
0.44439927
0.46716008
0.55166161
0.46768546
0.48716131
""
""
""
0.51226747
0.64106685
0.62316179
0.56301206
""
""
0.5019421
0.49804547
0.46226403
0.45815152
0.49215394
0.5105561
0.59333175
0.59286445
0.56593007
0.5204041
0.55009967
0.53784496
0.5167169
0.48070589
0.48960081
0.53350788
0.55983931
0.46634662
0.52688015
0.51478088
0.4975611
0.42017639
0.60504079
0.64758748
0.66178834
0.56963843
0.62242126
0.72959507
0.44361994
0.65415859
0.60009837
0.6564182
0.62856299
0.6851725
0.69762909
0.67697144
0.64908344
0.75432473
0.57160807
0.59718627
0.62314439
0.65960884
0.62159801
0.65391815
0.6494872
0.58360684
0.64528853
0.60832536
0.62609571
0.65502787
0.65629011
0.68017328
0.6699295
0.62182236
0.58795863
0.57117939
0.61552745
0.62917334
0.63559806
0.5846377
0.6278891
0.56801248
0.58055675
0.60171121
0.56649798
0.60210913
0.56937218
0.57012749
0.59490877
0.59676683
0.64576477
0.63134235
0.67683971
0.54301709
0.58670241
0.62551463
0.60411543
0.61310571
0.57519752
0.63872868
0.67625797
0.64629245
0.66081262
0.67738014
0.65878981
0.63314849
0.64454597
0.64452964
0.61520416
0.64247543
0.65256828
0.67646164
0.67823166
0.66274494
0.60092562
0.67121595
0.68690026
0.62124676
0.61649823
0.66955
0.55025566
0.5575822
0.58396643
0.56014162
0.60322529
0.60120898
0.56193954
0.65107054
0.6049878
0.65740836
0.57700753
0.58495992
0.64918494
0.61664867
0.62098777
0.61424947
0.63997197
0.5763334
0.58517343
0.6124863
0.62910777
0.56689394
0.60929388
0.65735459
0.67645544
0.67046678
0.58869219
0.64827043
0.72380662
0.66736299
""
0.70202017
0.72402406
0.76587385
0.67985106
0.67795342
0.6937142
0.71748346
0.70974559
0.67693955
0.64686298
0.60953766
0.65122902
0.70968002
0.76799017
0.68844479
0.66827416
0.65619981
0.69040215
0.67990321
0.61064744
0.63733709
0.68835914
0.6650753
0.58428091
0.67783612
0.59814584
0.63742822
0.6314171
0.63321143
0.65805942
0.68067265
0.68041271
0.62498587
0.68807638
0.66073632
0.62529975
0.68722469
0.68688363
""
0.67028248
0.58716029
0.69441742
0.5975731
0.63932961
0.62059623
""
""
0.64709485
0.67364156
0.67375773
0.72747916
0.66450006
0.66713756
0.70162523
0.71122354
0.71103704
0.67281979
0.68252414
0.59877002
0.64465362
0.62850147
0.62131339
0.57669801
0.63508421
0.64774054
0.65994895
0.65832591
0.61504889
0.65690857
0.60559136
0.62207884
0.66289562
0.62463933
0.70057374
0.63497609
0.5624246
0.63104266
0.66190505
0.61273164
0.63607764
0.61381626
0.6138941
0.70096564
0.58108771
0.71515054
0.68427193
0.62428421
0.69304556
0.67607343
0.73943752
0.69945365
0.66672069
0.6933893
0.68356681
0.72232664
0.64815223
0.48437619
0.53698123
0.52177668
0.47935185
0.50793546
0.48721051
0.59008485
0.63213152
0.60340637
0.55193436
0.60958254
0.59469044
0.5070616
0.53522837
0.58616126
0.62856126
0.60225892
0.54850239
0.54220331
0.53237778
0.66697067
0.62001753
0.50695616
0.47937599
0.48390052
0.42527464
0.45005307
0.4882035
0.514314
0.59298408
0.55220735
0.43594396
0.41424331
0.42716429
0.34753251
0.36532682
0.60580719
0.65777296
0.36954597
0.49645704
0.57585686
0.51864022
0.48434949
0.53039181
0.62001598
0.59900099
0.5990411
0.56444991
0.55470669
0.56457382
0.53009892
0.49296883
0.52044588
0.5492934
0.55442536
0.37727433
0.49796203
0.49573305
0.53209865
0.52794695
0.39642349
0.55140549
0.49021828
0.52242208
0.45767972
0.54241484
0.54755151
0.55207825
0.58291548
0.5428254
0.59879792
0.52065778
0.54160076
0.52166146
0.5214448
0.44358721
0.45018446
0.44335198
0.43965787
0.51760966
0.35085833
0.55210602
0.53857934
0.42238411
0.48020047
0.48836747
0.4680095
0.50439161
""
0.61212957
0.56757432
0.54526365
0.52860671
0.57359076
0.62711602
0.5847196
0.67512953
0.71292484
0.64294177
0.57500696
0.59772521
0.57301295
0.52373374
0.63882571
0.55125493
0.5847038
0.60910618
0.59614307
0.57573515
0.59813619
0.57017195
0.57669294
0.55658042
0.43390235
0.49571946
0.57487571
0.5492509
0.55396956
0.63405782
0.60577029
0.6292882
0.54961121
0.50821489
0.52015746
0.49798387
0.50205559
0.51250333
0.46117342
0.5092634
0.46820846
0.54031473
0.50971085
0.37382308
0.40333602
0.45625246
0.41584387
0.57484239
0.55279493
0.42663378
0.61754841
0.56078809
0.51310968
0.61907303
""
""
0.57339519
0.59795499
0.58286417
0.58434969
0.42582586
0.53434509
0.61061656
0.5585472
0.56629163
0.58523852
0.5888468
0.62560147
0.58245015
0.54027814
0.64255184
0.59879929
0.59560341
0.62051535
0.45193028
0.59403259
0.62401694
0.62477738
0.63304394
0.61244833
0.57275099
0.62599522
0.5909903
0.62322605
0.57030457
0.54984403
0.64977431
0.5941273
0.62643504
0.62513
0.66655791
0.62132484
0.68177319
0.57995391
0.54336798
0.56918323
0.53279036
0.42204031
0.46365288
0.57160646
0.5961889
0.55724555
0.5482384
0.43823603
0.37887314
0.45801845
0.59970814
0.5005765
0.47420898
0.51320857
0.44737691
0.42019328
0.53686571
0.54419786
0.44475576
0.39708236
0.46086439
0.49421865
0.55517548
0.57645994
0.52239609
0.50908738
0.54880989
0.55722952
0.54877549
0.56693333
0.49932829
0.59245253
0.52605081
0.55094784
0.48714408
0.52190828
0.54540128
0.59782046
0.56685346
0.55433959
0.52142519
0.53957319
0.56992203
0.34641647
0.45231897
0.40142238
0.47207746
0.55133677
0.3589634
0.34829322
0.44066548
0.3892175
0.45402971
0.42899093
0.46938738
0.47281536
0.44638124
0.54533422
0.4777289
0.54540062
0.64521015
0.50520563
0.54644525
0.5559305
0.55409259
0.546763
0.57353354
0.53853112
0.60465682
0.57043451
0.60880148
0.58147615
0.49852595
0.52295434
0.56500298
0.48263326
0.51115161
0.5759272
0.55346459
0.51017189
0.62466151
0.56778753
0.55859798
0.56643063
0.44364676
0.55992186
0.50127536
0.50082368
0.49456546
0.54516751
0.48610851
0.63719469
0.64654404
0.64464366
0.60408628
0.57485849
0.64667547
0.55189431
0.51930344
0.5978328
0.55126464
0.57131189
0.53781581
0.52834302
0.53450781
0.53042686
0.53184873
0.52447724
0.53963584
0.52632713
""
0.59790581
0.5490253
0.55038083
0.54664886
0.51424152
0.5505476
0.60194016
0.59103078
0.53802407
0.47973976
0.47513771
0.50084734
0.49907923
0.56364977
0.50626671
0.49823779
0.55580425
0.53711724
0.45283249
0.52050799
0.5270927
0.51975614
0.48930851
0.51234514
0.56595397
0.5778932
0.52965325
0.55945623
0.55083197
0.53680927
0.54275036
0.61525297
0.58519882
0.54558098
0.55046225
0.4933005
0.55532455
0.53909385
0.56108189
0.58759296
0.56839573
0.51769853
0.49987856
0.56722754
0.4387179
0.45664626
0.47991696
0.56661105
0.53030175
0.55288053
0.5299623
0.48569998
0.51038492
0.43866947
0.44224033
0.53950292
0.53314948
0.55730283
0.58125836
0.60116035
0.5564605
0.49622962
0.50899512
0.52158052
0.57075518
0.51229179
0.50291252
0.57344556
0.49055102
0.55985099
0.47672072
0.3580732
0.49417016
0.42618605
0.44089213
0.4105297
0.45355758
0.41464457
0.3834441
0.38651484
0.42340183
0.42155287
0.51073974
0.56703889
0.50426191
0.41219983
0.45523906
0.38988224
0.36596125
0.48575383
0.50655013
""
0.45260921
0.43507922
0.45310321
0.34607631
0.45345035
0.32069731
0.36872545
0.37561512
0.35077447
0.31210655
0.50048214
0.40767139
0.44461802
0.44507092
0.42173713
0.43911371
0.45070899
0.47392955
0.54710895
0.51916182
0.55414581
0.51118636
0.52882487
0.58660328
0.51838446
0.48358104
0.58836824
0.61898923
0.5442161
0.62693542
""
0.51100278
0.29250637
0.24458124
""
""
""
""
0.33007976
0.39429995
0.471349
0.42339733
""
0.46682015
""
0.35117376
""
""
""
""
""
""
""
""
""
""
""
""
""
""
""
""
0.45527217
""
0.34946615
0.36840007
0.47274694
0.40520713
0.5042302
0.44060746
0.42059594
0.51316792
""
""
""
""
""
""
""
""
""
0.54961485
""
0.46770567
0.45598704
""
0.45868817
0.39850762
0.53850532
0.55694807
0.47932115
""
""
""
""
""
""
""
""
0.67037994
""
""
""
""
""
""
0.57977837
""
""
""
""
""
""
""
""
""
""
""
""
""
""
""
""
""
""
""
""
""
""
""
""
""
""
0.6651668
0.60941738
0.59396666
0.50251389
0.44333422
0.5934754
0.5430209
0.55016387
0.59805489
0.54408807
0.52363092
0.48823157
0.46145415
0.54883927
0.49703735
0.54874015
0.48142993
0.59151137
0.41731238
0.67332232
0.6688233
0.60051984
0.59578162
0.66215402
0.64521521
0.67215002
0.58838004
0.53374583
0.55102158
0.52848387
0.58150899
0.51953351
0.55617636
0.59838283
0.58003181
0.59733403
0.59011
0.54656237
0.60931247
0.67018276
0.67137754
0.73628324
0.61700493
0.62240678
0.66691828
0.52632052
0.56164539
0.56064487
0.59488624
0.58309877
0.55390561
0.58570522
0.50992018
0.61195254
0.50675309
""
0.61116457
0.60993451
0.57529634
0.71200573
0.533535
0.35436288
0.43255395
0.51703948
""
0.6139161
0.61183566
0.59813708
0.65789223
0.54105115
0.63387805
0.52235812
0.51628953
""
""
""
""
""
""
""
""
""
""
""
0.62885523
0.61477917
0.5135895
0.56512105
0.54899174
0.56562597
0.56649846
0.53311878
0.54723477
0.50316817
0.47676268
0.57843828
0.51787281
0.57120997
0.59389699
0.65885508
0.57210439
0.56102389
0.64281082
0.61301726
0.58361059
0.52736807
""
0.57685965
0.57656914
0.64775449
0.56288528
0.52378666
0.57153922
""
0.66218573
0.63901728
0.62415457
0.68446827
0.6602965
0.5488342
0.54375756
0.56995988
0.63244325
0.53121847
0.53264076
0.51206291
0.55890256
0.62187672
0.5398016
0.57320803
0.55957794
0.55596977
0.51923561
0.50880384
0.48903593
0.49959478
0.47538829
0.64157361
0.64193386
0.61628497
0.62009913
0.534778
0.51051241
0.54859954
0.58408427
0.6091246
0.58981138
0.58073038
0.63726658
0.60833412
0.58770204
0.59646869
0.5746966
0.62836784
0.60162151
0.60809308
0.62149024
0.63380283
0.61283112
0.58368248
0.64269805
0.62790102
0.61573768
0.60020572
0.56361616
0.57589525
0.59372663
0.58997971
0.64783454
0.65531737
0.67108554
0.64066362
0.6196804
0.64134377
0.57118827
0.62814087
0.59502172
0.55757409
0.56197906
0.55749071
0.5729835
0.56449246
0.57061911
0.59146988
0.58561707
0.61194849
0.58582461
0.57950902
0.5698542
0.60893285
0.59739172
0.64863396
0.61659127
0.63155013
0.59183097
0.60502255
0.62719607
0.67791933
0.58754224
0.56724006
0.53050363
0.56170875
0.57112658
0.57256049
0.71580094
0.69865519
0.62376058
0.66909534
0.57915235
0.62783957
0.63827509
0.64472437
0.61244237
0.64816177
0.62893414
0.64271027
0.58807969
0.69628829
0.68311012
0.67994672
0.59271324
""
0.58417809
0.62597293
""
0.5713712
0.61028695
0.57954931
0.72289234
0.60693336
0.7082715
0.65816593
0.68387455
0.60080749
0.54131925
0.56747311
0.62762672
0.61852252
0.57095677
0.61030179
0.61619377
0.66094327
0.62464696
0.54951143
0.65091586
0.63701266
0.66309875
0.67663825
0.6541214
0.64892572
0.58165699
0.66853005
0.74366778
0.59918797
""
""
""
""
""
0.63484228
0.64102399
0.65359437
0.65227997
0.62996197
0.68016267
0.67649847
0.58200663
0.66803986
0.60073215
0.65683496
0.51081431
0.64103824
""
""
0.63371372
0.66593254
0.66232473
0.6292699
0.67478025
0.54072261
0.53096527
0.69370937
0.63316685
0.46346349
0.51209021
0.45205104
0.6763221
0.41730192
""
""
""
0.6695323
0.56358647
0.592812
0.66415972
0.55275333
0.56772572
0.59000009
0.52793247
0.47327524
0.56389201
0.59220767
0.62026006
0.59621257
0.60804456
0.58084619
0.54372531
0.53924131
0.55053699
0.57308817
0.53885549
0.60553193
0.54504162
0.47598383
0.58945978
0.56066954
0.55875963
0.57033271
0.51241374
0.45729747
0.59609312
0.55515814
0.67216724
0.67721105
0.58258337
0.63847297
0.67736357
0.59598827
0.59541291
0.56731629
0.62187052
0.54771209
0.64502996
0.5546518
0.59041148
0.64440548
0.61527336
0.61990368
0.64464921
0.55235595
0.6762802
0.56300008
0.59664625
0.63305861
0.58214056
0.57013834
0.64287013
0.58069015
0.58040905
0.584916
0.61735606
0.60490745
0.60048825
0.53249002
0.50362986
0.47327214
0.51256979
0.52325624
0.5160445
0.61304218
0.65892142
0.66367388
0.63705766
0.58232808
0.60552502
0.52906495
0.5711422
0.55512547
0.61895967
0.60627896
0.58708918
0.60939789
0.5808233
0.56017941
0.52981842
0.508623
0.54551417
0.53170377
0.52378196
0.53253013
0.47414404
0.45681745
0.54718262
0.4849582
0.45398501
0.54544985
0.58466589
0.56849611
0.58898836
0.66587847
0.65034479
0.6612069
0.61862969
0.50407529
0.48083362
0.50830108
0.45319232
0.55093974
0.48221311
0.51043248
0.57553267
0.54073536
0.6121043
0.64137584
0.52247703
0.49085334
0.45255476
0.43915763
0.55255789
0.51002818
0.43533492
0.41638154
0.39000073
0.35335726
0.45014605
0.38950253
0.39791813
0.37328613
0.4924666
""
""
0.53943169
0.40548101
0.32987303
""
""
0.35801569
0.32877877
""
0.4117057
0.47444767
0.58316684
0.53814644
0.332627
0.41861308
""
0.44621924
0.37841186
0.38710967
0.47471479
0.45034784
0.58524108
0.43693331
0.58226591
0.37074524
0.55131453
""
""
0.43893901
""
""
0.3262538
0.58415681
0.60563242
0.24883565
0.40562162
0.42388746
0.56746274
0.39495328
0.3604354
0.46787065
0.36605254
0.4190301
0.35014638
0.36858976
0.46703988
0.44285604
""
0.46544769
0.37879452
0.34116551
0.38889399
0.53335881
0.51873851
0.44688922
0.43556759
0.4276644
0.3441391
0.64429021
0.59765404
0.67356372
0.62092078
0.67972559
0.66473776
0.5835138
0.63450116
0.59390825
0.45425552
0.56210816
0.59373426
0.55042499
0.59458572
0.62834448
0.5726586
0.59168911
0.65245527
0.6588437
0.58963954
0.60506201
0.54332149
0.59840739
0.64069587
0.63265967
0.62639827
0.60053909
0.57826227
0.66896051
0.62212157
0.60400271
0.51602685
0.57530886
0.63930374
0.52632904
0.53344089
0.57121563
0.5675506
0.58048344
0.51831949
0.54909468
0.52606368
0.62367797
0.47611356
0.63325465
0.61101878
0.5425595
0.54973471
0.6657365
0.57971668
0.61127114
0.56405455
0.56353527
0.58649719
0.50176412
0.48045757
0.53151917
0.56708336
0.58493918
0.65240663
0.63681656
0.57819629
0.59568983
0.62667286
0.53022891
0.54905957
0.53371054
0.56061012
0.60701442
0.61811149
0.64708936
0.6644938
0.49044341
0.60240203
0.5071153
0.57736939
0.54884619
0.61296058
0.60694784
0.59129888
0.35369289
0.48109114
0.3666651
0.47670391
0.53939819
0.43199903
0.4619264
0.38375399
0.39176631
0.49030542
0.48228052
0.44819888
0.54013687
0.53331882
0.56459314
0.62733799
0.52796853
0.52593398
0.55105919
0.61557281
0.52121061
0.56255645
0.62207037
0.6226052
0.60100627
0.61519682
0.5242663
0.58206528
0.4942143
0.4230116
0.53025502
0.51313144
0.57673061
0.52853107
0.56946033
0.47670364
0.48214498
0.42872721
0.39779204
0.49107578
0.50129282
0.47233084
0.47169495
0.51201397
0.41408557
0.4218066
0.4192847
0.45452291
0.50256288
0.51997757
0.52658528
0.61638117
0.57531196
0.42767558
0.4794006
0.56299871
0.35289389
0.42694238
0.42351195
0.45346019
0.42278963
0.46598184
0.5914399
0.66970575
0.65148896
0.49391496
0.46195075
0.53878438
0.49182501
0.5393182
0.50905985
0.45710826
0.46954891
0.49784163
0.42784885
0.44961983
0.42543715
0.4843176
0.60041779
0.47252902
0.40136307
0.48009381
0.4766525
0.49045625
0.52796274
0.58452845
0.61378437
0.52230608
0.53667092
0.53967476
0.51909858
0.55159503
0.54246211
0.51463932
0.50424385
0.59932065
0.52482039
0.57876337
0.5018422
0.4999657
0.52235925
0.55594915
0.58961046
0.50321925
0.59320849
0.49183807
0.50086606
0.49277857
0.52784038
0.54468179
0.57448226
0.60228175
0.56933075
0.59167844
0.56503713
0.53863579
0.59749526
""
0.53877634
0.45829752
0.68534106
0.67859763
0.54911309
0.62404823
0.43802673
""
""
0.56622338
0.56369698
0.58362406
0.53992993
0.58008438
0.56752825
0.60662889
0.56262118
0.6251263
0.54567158
0.51640606
0.49034414
0.444318
0.54673785
0.53041792
0.54542702
0.5537948
0.55155158
0.63886082
0.63731432
0.64701319
0.60942221
0.53968197
0.55492413
0.57378381
0.67128986
0.66661716
0.66807193
0.65462345
0.63631928
0.57846558
0.50113028
0.61309528
0.62900645
0.59086251
0.52890277
0.49936941
0.53467244
0.54049081
0.45034581
0.51271546
0.45502335
0.44052771
0.54847378
0.46317893
0.59569621
0.53845459
0.56810486
0.6130349
0.60513455
0.60879618
0.64736348
0.59241962
0.60316736
0.67843962
0.58370918
0.5799436
0.54467475
0.5682568
0.47972959
0.53738815
0.49093238
0.58175027
0.47800294
0.48974794
0.53250873
0.59700429
0.57426679
0.56794345
0.55670619
0.54657555
0.61211246
0.55488724
0.53594476
0.47945124
0.49142763
0.54487401
0.48952079
0.60731584
0.53594726
0.53224343
0.51634675
""
0.52644074
""
""
""
""
""
""
""
0.5228079
""
""
0.37535813
0.41891795
0.37947416
0.39528382
0.42441434
""
""
""
""
""
""
""
""
0.49962899
0.68349659
0.6182372
0.58641976
0.55141723
0.56019789
0.63521403
0.60583961
0.3086496
0.61591405
0.65403914
0.5725615
0.59713084
0.53206021
0.50555348
0.51510441
0.40261167
0.46265927
0.51649845
0.55764216
0.55894452
0.52086818
0.62168586
0.52081698
0.4955484
0.54173791
""
0.52670884
""
0.45226207
""
0.5384199
0.55637318
0.57063067
0.50470752
0.32792434
0.45671833
""
0.42527482
0.39200768
0.48609322
0.60487664
0.57877654
0.53703773
0.5840795
0.49207532
0.43388379
""
0.35929617
0.41969639
0.44537038
0.40156305
0.44757733
0.41980681
0.46108988
0.493332
0.39734355
0.55691499
0.53132951
0.47604695
0.57314306
0.47824168
0.47142965
0.56288385
0.55778158
0.57998997
0.39731658
0.48406261
0.5410369
0.47040892
0.60193205
""
0.49961054
0.48306367
0.60958791
0.52041
0.55841345
0.66874218
0.63287711
0.64822656
0.59150642
0.56001759
0.63049144
0.61471146
0.6422025
0.57546437
0.62909698
0.51173562
0.51061141
0.59976798
0.55506581
0.64609325
0.645473
0.69087726
0.55798841
0.53268468
0.58495617
0.64081681
0.63137186
0.64674735
0.68073386
0.69467175
0.63441032
0.68422914
0.6367709
0.60913259
0.60626835
0.64368862
0.57167542
0.57593954
0.60328549
0.55262482
0.53528285
0.55806178
0.57153803
0.5834282
0.54291183
0.58122015
0.49808067
0.54146093
0.46259534
0.58047473
0.56047291
0.53420979
0.51843202
0.56042773
0.62146646
0.61997241
0.63392311
0.54807693
0.59577453
0.66312754
0.58479762
0.65157694
0.58385855
""
0.56072998
0.60834962
0.69270438
0.48356372
0.60223353
0.51091307
0.64418977
0.45659855
0.66833645
0.60481495
0.5912233
0.56393492
0.51116067
0.57656896
0.57695097
0.63621426
0.69164032
0.60757947
0.66481513
0.63246351
0.59098172
0.64799696
0.58859348
0.61445338
0.70233804
0.70376474
0.51507491
0.59466571
0.45751792
0.64339799
0.6175375
0.62192208
0.64495188
0.62399048
0.64177626
0.6335907
0.49948573
0.5050807
0.49420851
0.49480298
0.47248134
0.4826887
0.43572161
0.59576517
0.64106905
0.58023596
0.55868411
0.54472691
0.48829335
0.33892202
""
0.50372118
0.38744617
""
0.66346592
""
""
0.53654402
0.36681595
0.68086696
0.48901698
0.57133687
0.62708676
0.5645591
0.61544943
0.52322751
0.53138268
0.627621
0.49831963
0.50709677
0.55944401
0.57871002
0.5963912
0.61338365
0.56464243
0.50742757
0.58329588
0.57934129
0.55636853
0.49568599
0.54998082
0.54537827
0.57300925
0.58044523
0.56193167
0.57500464
0.56333685
0.59464288
0.60857314
0.53627455
0.5998174
0.59373879
0.56885618
0.48044407
0.44420227
0.51278883
0.52522022
0.50126296
0.51445615
0.46650603
0.50886887
0.54735905
0.51421463
0.50119716
0.50154656
0.51109207
0.46369961
0.49237746
0.47466537
0.57325274
0.61495662
0.55655324
0.58199447
0.53563154
0.54982924
0.63265204
0.59466535
0.56660509
0.56025553
0.56785524
0.58059251
0.53715187
0.63666403
0.56149185
0.58013844
0.49123392
0.56002766
0.52930129
0.56531119
0.57557845
0.4650864
0.4923155
0.46265665
0.53707469
0.43932053
0.53096855
0.49596512
0.44915456
0.49425185
0.52492988
0.34288731
0.60001373
0.58502948
0.4874436
0.55865747
0.52911842
0.57685542
0.54124093
0.42576075
0.56551558
0.62104863
0.56407028
0.60334307
0.58487463
0.55039048
0.55752373
0.64329952
0.58018637
0.54438967
0.53130317
0.51886749
0.55301797
0.54760921
0.55572098
0.58086044
0.46753427
0.49065331
0.54323417
0.5726701
0.55654901
0.52519572
0.56664097
""
0.5773077
0.53205711
0.56070238
0.5923816
0.57291895
0.61088848
0.58191901
0.60897732
0.57525378
0.64144576
0.60670531
0.62429005
0.60086209
0.56594694
0.55177844
0.60742027
0.53867763
0.58278382
0.56638932
0.57870728
0.48991922
0.60344696
0.5775094
0.52693492
0.64307547
0.60506588
0.61338043
0.63029051
0.60518134
0.58762848
0.65789312
0.62624055
0.54664379
0.53876573
""
0.58594191
0.5104987
0.47092804
0.56633598
0.54525411
0.5901522
0.66590303
0.6238274
0.62448585
0.57736135
0.6123926
0.55339515
0.5960713
0.55106342
0.62499595
0.56935632
0.55509311
0.58194053
0.57670921
0.62365729
0.66532081
0.61258304
0.55657089
0.52037948
0.51052439
0.46225056
0.53285784
0.52600586
0.46948993
0.47524425
0.50470048
0.43973583
0.48723683
0.49209005
0.47473609
0.50532395
0.47311473
0.52111989
0.53249508
0.44830301
0.4866721
0.46925527
0.5200175
0.44123626
0.50489998
0.4140183
0.55711401
0.51447648
0.54563874
0.54297519
0.60553294
0.54260957
0.61923897
0.52162075
0.53875101
0.57818443
0.56642038
0.5768429
0.520253
0.58771747
0.61194628
0.52788931
0.56077462
0.56823164
0.50405806
0.60260862
0.46514207
0.55480003
0.54725844
0.4358432
0.57325405
0.57922572
0.58233821
0.55681843
0.49252731
0.46816626
0.54396147
0.51742399
0.5475682
0.60494685
0.55798906
0.61689913
0.62655067
0.61277497
0.58077061
0.62242866
0.61202025
0.55014807
0.5303027
0.61348778
0.51288784
0.50030148
0.63770312
0.49440283
0.51701444
0.5312615
0.40723523
0.41594386
0.45884588
0.63257116
0.55366689
0.46676686
0.47313219
0.5207451
0.50259197
0.54416889
0.56053114
0.58651346
0.56146449
0.55310017
0.63118684
0.61257327
0.58593374
0.6069085
0.54130292
0.53967363
0.57843685
0.56497139
0.57404464
0.5371685
0.57740033
0.50499225
0.44153395
0.53951377
0.5105173
0.41736102
0.41946751
0.5339669
0.45715895
0.57184678
0.51701409
0.57348484
0.55130678
0.50838721
0.52753794
0.65196919
0.59697706
0.55128056
0.57120657
0.56994164
0.5956257
0.59030575
0.59946054
0.57451385
0.56212276
0.48328143
0.58181739
0.57567418
0.58477175
0.59578657
0.58606386
0.56456554
0.53578818
0.38489532
0.65413052
0.54075652
0.52998751
0.49468899
0.53787965
0.53252685
0.37519783
0.4490163
0.47918153
0.42730406
0.54658151
0.39469671
0.58252603
0.52825218
0.52580786
0.37833872
0.46735975
0.4329209
0.41799068
0.39319482
0.32108971
0.3946248
0.58009398
""
""
0.46527508
""
""
""
""
0.54063499
0.47503424
0.4006677
""
""
""
""
""
""
""
0.46224511
0.41080528
0.37516248
0.51390868
0.54067045
0.59054822
0.5772602
0.48534355
0.48318884
0.48812157
0.42726535
0.4635587
0.54187799
0.42490092
0.43309277
0.41904628
0.37212831
0.53262138
0.56673449
0.53101337
0.55049264
0.55906928
0.53756982
0.49411038
0.56262755
0.53728652
0.58384067
0.52399313
0.56820983
0.56047648
0.59112388
0.56562531
0.57910383
0.60420781
0.45406684
0.31855085
0.47194099
0.55703986
0.55264193
0.62225807
0.63245493
0.59055561
0.61300242
0.57670015
0.61925185
0.59020334
0.52983731
0.50579464
0.5415746
0.53609163
0.49774042
0.63423532
0.61173975
0.57094896
0.51605505
0.55996716
0.62244606
0.54069906
0.6233446
0.64449608
0.61783308
0.60313088
0.61912632
0.53978276
0.48955801
0.56582505
0.56085771
0.60411525
0.64079815
0.64937288
0.61207187
0.61308658
0.58492315
0.61176378
0.61982793
0.62062848
0.51438814
0.55551112
0.5953064
0.57291502
0.5672034
0.63907474
0.57114583
0.59003389
0.56841487
0.51515722
0.28178224
""
0.5655461
0.52975035
0.58480388
0.4988963
0.49958163
0.53505057
0.5028035
0.45887309
""
0.52077496
0.53450823
0.52116781
""
""
0.4624109
""
0.46563756
0.54373336
0.50337988
0.49370632
0.58099252
0.56231976
0.46008858
0.3035056
""
""
0.50539672
0.3698526
0.57614666
0.60134184
0.55882668
0.50865984
0.47947541
0.48708975
0.45150229
""
0.58115596
0.46410236
0.56077337
0.5571844
0.48136729
0.4694975
0.57996625
0.50192195
0.60940659
0.61217821
0.66858763
0.58940315
0.61984098
0.54663497
0.56956059
0.64969641
0.59239644
0.6022824
0.57532275
0.62622631
0.63218272
0.59995806
0.61090171
0.63364011
0.64924109
0.53656393
0.5561561
0.51058805
0.59952658
0.4899039
0.56878436
0.57064176
0.55680466
0.5380072
0.58731949
0.5228166
0.50472569
0.60378033
0.55864608
0.57003033
0.57977182
0.35945225
0.60927165
""
0.36526009
0.47060993
0.35802236
0.38023356
0.41837972
0.49093136
0.45656246
0.53064293
0.6072014
0.51756257
0.47317928
0.38113773
0.60334307
0.46248758
0.59279037
0.56488776
""
0.53383422
0.61074543
0.59906024
0.64055431
0.60081631
0.58694381
0.54172558
0.5972535
0.61310953
0.59538662
0.62788171
0.57696921
0.63501412
0.60413092
0.51746154
0.52763981
0.57584208
0.64582634
0.62646443
0.5291065
0.59293348
0.58874178
0.55741477
0.55151296
0.56783926
0.58238393
0.60528553
0.62039566
0.60268283
0.61870068
0.61215907
0.5644995
0.58385938
0.51777285
0.63597298
0.62745279
0.59323299
0.59822279
0.55907458
0.59910983
0.50178003
0.52113342
0.51768678
0.46016735
0.49066108
0.56331062
0.5903157
0.58130109
0.56855977
0.63568509
0.55638528
0.67057204
0.62043053
0.71086764
0.70198035
0.55823076
0.60445082
0.53829485
0.57782471
0.4967877
0.57982016
0.5994615
0.60745507
0.58348018
0.53212059
0.63074756
0.62274176
0.58189118
0.59078151
0.57929564
0.54080212
0.46917245
0.52877885
0.63024914
0.59484905
0.56308389
0.56787771
0.62146914
0.52891755
0.5931918
0.37936381
0.42219022
""
0.5262329
0.5562579
""
""
0.50609869
0.45937082
0.54502153
""
0.44864845
0.38620025
0.55270123
0.4515149
0.33133626
0.41897321
0.3767212
0.40712923
0.36028931
0.38886383
0.45172739
0.43451005
0.46821737
0.55408883
0.49871212
0.49736789
0.5346542
0.52896273
0.57267225
0.45974043
0.40041834
""
0.39437628
""
""
""
""
""
""
""
""
0.66399008
0.60446715
0.51864785
0.59388793
0.59181833
0.57079804
0.47997344
0.63545471
0.66195637
0.59919125
0.61788803
0.54929084
0.46866661
0.5017674
0.56477964
0.52326512
0.51968455
0.59879744
0.55298334
0.5350666
0.57078582
0.58778131
0.58923173
0.55816585
0.61157775
0.48482433
0.49030662
0.65320444
0.62475032
0.66177744
0.63495356
0.62464976
0.60662794
0.57939059
0.65679473
0.71763217
0.6708402
0.61392462
0.57656556
0.63054955
0.64846641
0.53843009
0.57338119
0.57487714
0.63371909
0.45291325
0.55495423
0.54236472
0.58274907
0.46535975
0.4953739
0.59430867
0.57353169
0.52011538
0.45679405
0.38122746
""
0.52546024
0.60823762
0.37797907
0.29880363
0.42225176
0.44730413
0.51778758
""
0.47474584
0.49611121
0.5368613
0.51779199
0.5266099
0.4794935
0.45601881
0.45471588
0.46180505
0.57714695
0.57457864
0.44781008
0.58668995
0.46862277
0.5236252
0.49229467
0.54484779
0.55970329
0.57023793
0.52270991
0.54063886
0.55307835
0.48423886
0.49988189
0.5409832
0.58451033
0.61126482
0.51861191
0.57494378
0.55918252
0.62724704
0.59211934
0.63122052
0.57409924
0.55916464
0.59152508
0.56301689
0.54837447
0.57824123
0.57896453
0.56096566
0.61471015
0.54227847
""
0.41844541
0.59214222
0.54566008
0.47538531
0.49730727
0.54694992
0.55370468
0.54946393
0.5211882
0.49129364
0.51230156
0.5164457
0.56761569
0.58520442
0.56266195
0.47262368
0.57337606
0.62473762
0.52427173
0.54474878
0.46784961
0.49154741
0.40427944
0.45577994
0.49214581
0.52830946
0.46601412
0.55741304
0.55956239
0.55492169
0.58890784
0.5883624
0.57843423
""
0.63010406
0.63283908
0.53795522
0.60512805
0.58366632
0.50177431
0.60802037
0.58525521
0.6251716
0.59951466
0.59235483
0.50438368
0.59315157
0.57848161
0.63417459
0.55382895
0.54928207
0.53872424
0.545035
0.50978261
0.48159394
0.50738192
0.52702057
0.44396481
0.46589109
0.55275744
0.53577858
0.46984372
0.5550701
0.48505616
0.52943027
0.54512835
0.54280716
0.50879586
0.54645383
0.45428914
0.51308829
0.52938813
0.4926697
0.44795236
0.47410983
0.57861483
0.51070142
0.60014236
0.64437306
0.63799411
0.57795119
0.55326694
0.52617651
0.55954891
0.52005035
0.4746379
0.53967589
0.52686179
0.58916712
0.54869205
0.55938029
0.45768324
0.52835834
0.52170813
0.52174449
0.5637303
0.54943514
0.52778226
0.57261282
""
0.54932606
0.55368704
0.52665389
0.55749613
0.57512438
0.56649506
0.52151638
0.49092752
0.60006005
0.5971874
0.56638712
0.51507771
0.52560812
0.51145589
0.59065002
0.59136671
0.52546716
0.51022661
0.5539667
0.54085845
0.52783042
0.53891653
0.6621595
0.65294576
0.65590692
0.6081773
0.62713891
0.66116703
0.68982995
0.48743689
0.45027369
0.39606586
0.41678324
0.43446553
0.4865368
0.47922942
0.60707748
0.56952506
0.53582025
0.46906456
0.40968129
0.38880032
0.56430799
0.52204919
0.55764014
0.58274335
0.60817295
0.58735675
0.60046154
0.5831635
0.58949256
0.58611214
0.5281257
0.55990863
0.53450876
0.53162956
0.58798122
0.58846104
0.32344759
0.57965273
0.5259183
0.46000677
0.52329683
0.46786949
0.5317871
0.55380946
0.54609251
0.51161999
0.52200663
0.47813627
0.4144102
0.48160613
0.52841282
0.51012635
0.48851243
0.44464913
0.56486654
0.59868556
0.60686016
0.60923898
0.59661305
0.59844619
0.55257988
0.51103657
0.55131048
0.52062368
0.56366932
0.57017583
0.54943174
0.584387
0.58821523
0.51043695
0.50109732
0.49632955
0.47896251
0.46343848
0.47196451
0.54696691
0.50885522
0.541614
0.50580305
0.48997214
0.34947017
0.54172897
0.43672726
0.44533494
0.37399304
0.41348195
0.53661126
0.39323145
0.49364406
0.60790837
0.58159751
0.59104103
0.4883858
0.50152087
0.51789355
0.64527661
0.54224294
0.55988544
0.5665226
0.52017003
0.60153872
0.62098283
0.57084668
0.60166806
0.64852691
0.67633897
0.58912021
0.45791394
0.58444977
0.45978436
0.60206121
0.55702442
0.58390284
0.45650941
0.41883901
0.4400278
0.51944613
0.43240869
0.52040231
0.57751524
0.48110721
0.44657633
0.54754615
0.47767785
0.47514766
0.41157398
0.36732304
0.42310005
0.32792044
0.44504002
0.41531685
0.45739135
0.50611436
0.35577658
0.44910765
0.59319621
0.60997218
0.54886949
0.60243952
0.58381253
0.60568315
0.59388006
0.63361889
0.62284803
0.56180632
0.5675047
0.59483302
0.64474756
0.61262673
0.62013757
0.6395191
0.6180433
0.58877879
0.60652363
0.60677779
0.62356144
0.46250165
0.55194902
0.57750863
0.5797714
0.57013196
0.56975979
0.62936652
0.66646653
0.63534003
0.63969123
0.53746599
0.5433647
0.53513062
0.53592378
0.62287903
0.57077163
0.55232364
0.54701853
0.55900216
0.53913534
0.56550157
0.55681258
0.57456255
0.54313755
0.57576221
0.59152049
0.54446352
0.55786949
0.53001356
0.47441453
0.59118271
0.51247668
0.44575289
0.56947297
0.56686592
0.57381856
0.59180558
0.55158633
0.57024413
0.56064934
0.58377278
0.53682953
0.53418618
0.52103031
0.46079296
""
0.52383262
0.45632109
0.52435374
0.50766027
0.48500955
0.36486372
0.45866066
0.53631854
0.49556366
0.40964317
0.46868131
0.41747004
0.36933786
0.39295501
0.46607724
0.54768795
0.50565386
0.50694764
0.35713851
0.35710353
0.35995826
0.46415338
0.45367408
0.48271346
0.56574392
0.36977807
0.33611685
0.4968811
0.48162779
0.39897993
0.45451453
0.43758467
0.4924117
0.57436121
0.62108493
0.53667653
0.41308218
0.49123308
""
0.51004845
0.60364771
0.63972789
0.64856517
0.61369419
0.58681631
0.54462034
0.48766559
0.47355226
0.53051746
0.57853746
0.39897424
0.46180677
""
0.35015473
0.41652614
0.43861389
0.42765656
0.49339926
0.50336486
0.54988301
0.50556231
0.45119625
0.50777763
0.54457736
0.56372863
0.59225446
0.55406916
0.55446297
0.60182738
0.58894569
0.53863913
0.54346484
0.58148944
0.6125859
0.60017139
0.63143241
0.66515791
0.64566904
0.53955323
0.59669107
0.57578808
0.64620864
0.62573946
0.62990546
0.61688459
0.61319691
0.62383288
0.6299262
0.52461523
0.59725618
0.57392639
0.55103368
0.4799605
0.51320332
0.56256193
0.55628383
0.61119711
0.56538111
0.56267709
0.58639181
0.56846923
0.59802288
0.56100827
0.52540934
0.52842182
0.55016506
0.60287923
0.5993551
0.60050255
0.68010736
0.68177843
0.55595374
0.64156467
0.60002625
0.58050549
0.53595591
0.59665924
0.63740861
0.64255756
0.63479239
0.57621664
0.56855637
0.6041953
0.54389971
0.69725347
0.65803444
0.68147677
0.57285893
0.69180578
0.63381356
0.64514393
0.70549965
0.52547038
0.45514631
0.33587047
0.38112012
0.41791153
0.4087393
0.41482255
0.52300161
0.4540498
0.54976547
0.53207582
0.66778296
0.55268085
0.45996636
0.4927313
0.5720194
0.60398185
0.53532046
0.53881973
0.52088165
0.53783476
0.55436265
0.59428585
0.60808653
0.58623552
0.55645531
0.56504679
0.57173908
0.54057813
0.61645061
0.58030331
0.61236823
0.5104928
0.5739308
0.55319536
0.51763868
0.56455213
0.60128647
0.49510837
0.56548941
0.53875107
0.49466506
0.47872552
0.60276175
0.62341714
0.54447693
0.45306304
0.46425894
0.54621434
0.56095755
0.56490397
0.50043553
0.52840984
0.4847793
0.44189981
0.58078539
0.57798105
0.65234149
0.5867793
0.60657084
0.61335003
0.55262184
0.51267743
0.61420184
0.58189464
0.54876423
0.50836104
0.61618447
0.62012529
0.5843451
0.53431654
0.52387649
0.57402116
0.53303045
0.5574947
0.52478164
0.54815966
0.55420107
0.58771425
0.56202632
0.54040873
0.57157332
0.5160569
0.59461093
0.53708613
0.61665535
0.61558402
0.58208448
0.62416226
0.58358181
0.5818029
0.42105064
0.55345565
0.51235133
0.54446244
0.51771396
0.50142139
0.45391366
0.536273
0.53351754
0.52758747
0.55501252
0.63010168
0.64958632
0.54084921
0.59305787
0.59583765
0.63204962
0.57417643
0.53555495
0.60604
0.55995256
0.53131258
0.53625166
0.57870364
""
0.61235803
0.63441843
0.60396278
0.63654935
0.64047813
0.6642921
0.6391331
0.62973213
0.53458512
0.59322745
0.60779136
0.54883999
0.60229325
0.54472399
0.48869044
0.53116781
0.53204376
0.55080634
0.54815936
0.53325075
0.46695676
0.4990969
0.54417652
0.45034653
0.56899524
0.52162021
0.57062763
0.61847633
0.57387322
0.62078917
0.54007125
0.54551232
0.58923203
0.5934751
0.50082725
0.52485031
0.56577677
0.55537432
0.60304391
0.60824579
0.57032359
0.44801205
0.57187951
0.52501416
0.5727542
0.57178527
0.56610709
0.57543337
0.54962331
0.53173602
0.55248243
0.52899146
0.5980382
0.60127693
0.62162101
0.57255447
0.56348878
0.63011765
0.60771656
0.47290248
0.53619653
0.61686873
""
0.59421504
0.58026522
0.54405677
0.5805226
0.57719612
0.50697929
0.61594772
0.59619552
0.56067556
0.57124609
0.59742081
0.63648212
0.63175726
0.60672402
0.5696187
0.55500191
0.67722023
0.53556824
0.53659171
0.61894727
0.56734729
0.62386715
0.62696457
0.62711942
0.54320496
0.56382686
0.61274964
0.53244817
0.54403991
""
0.5676862
0.45442057
0.58111924
0.56951016
0.57798016
0.53657818
0.54350352
0.59847224
0.57654142
0.55825543
0.57660347
0.54354262
0.56469309
0.50842875
0.50977433
0.44764376
0.47113863
0.48047015
0.65603101
0.58514947
0.59626222
0.58403832
0.50372058
0.51967698
0.54950327
0.6326831
0.68165034
""
0.61251104
0.62782389
0.56641734
0.56479412
0.63950026
0.66029054
0.52083951
0.60615891
0.57437044
0.50851411
0.46946213
0.45843685
0.54871839
0.47312102
0.56323642
0.48577654
0.48842838
0.39626801
0.44656774
0.51614571
0.58238775
0.61441326
0.54400927
0.44548246
0.56299365
0.58788908
0.59542137
0.63465768
0.62865514
0.59248269
0.55419677
0.55001765
0.45937729
0.51909959
0.60114282
0.56510067
0.60769761
0.63102728
0.60750663
0.56939203
0.54550821
0.6400556
""
0.57871234
0.59513706
0.61679655
0.63731509
0.57963872
0.59301221
0.56083375
0.61048537
0.63239634
0.58022547
0.60888773
0.58614922
0.56238592
0.62107742
0.60481167
0.5505954
0.60337555
0.56614166
0.60366696
0.57531053
0.56815159
0.49495846
0.57060808
0.59240359
0.51847255
0.54539782
0.52475506
0.51285553
0.49814591
0.47473919
0.51922238
0.54745668
0.5065881
0.4797107
0.52249831
0.51835203
0.48674479
0.51894528
0.49439499
0.76961011
""
0.49931455
0.49386156
0.53300393
0.44341952
0.54493237
0.48276064
0.53174615
""
0.56743455
0.57096344
0.52918911
0.59476078
0.52056491
0.51309764
""
0.52770674
0.52280092
0.59297609
0.56331116
0.5828321
0.58527529
0.61566502
0.61095464
0.55369067
0.61032653
0.5374105
0.50852853
0.5142985
0.6256541
0.67630917
0.61044329
0.56045574
0.55972153
0.51974571
0.64511663
0.60146916
0.58896941
0.60760039
0.59659767
0.56254274
0.56577092
0.50891483
0.57531506
0.56891459
0.61084741
0.50750017
0.5736289
0.57952577
0.56714118
0.58610731
0.59752876
0.45274368
0.59680021
0.74298579
0.58900666
0.55744231
0.51724994
0.5831297
0.53926355
0.49760905
0.52730113
0.49853745
0.57302541
0.50481504
0.4875001
0.4419207
0.50575119
0.56018162
0.60831094
0.63696939
0.56399262
0.58862942
0.52035689
0.5008781
0.55684376
0.49234569
0.53231776
0.47391981
0.45945224
0.50561547
0.38593036
0.40913218
0.51184386
0.51066029
0.60295808
0.58070403
0.59738111
0.60648018
0.58724821
0.50595498
0.60133719
0.540205
""
0.57971781
0.4516024
0.5825035
0.59638435
0.58889323
0.55416143
0.54337662
0.50348353
0.5595054
0.50464231
0.4866969
0.64683467
0.49539018
0.50794494
0.56834865
0.5106051
0.50536788
0.56144339
0.55673134
0.6180377
0.55501944
0.4618299
0.59678984
0.56898743
0.60501277
0.5424
0.49241942
0.56631446
0.54709291
0.53646392
0.54439533
0.59758973
0.5630402
0.64937109
0.61119395
0.52536923
0.52814424
0.54836011
0.48450369
0.51922333
0.52419871
0.52150917
0.54521883
0.57196677
0.70975173
0.59443361
0.67963147
0.65181369
0.65746015
0.49677089
0.55665344
0.57336301
0.4800429
0.61442411
0.57005471
0.65159601
0.55584222
0.61130023
0.54143959
0.60766369
0.59392649
0.50995696
0.61373717
0.54177499
0.50785071
0.60036439
0.58405644
0.53197974
0.56532061
0.56233233
0.41120222
0.52738416
0.59471112
0.58009702
0.59465951
0.60762304
0.64409274
0.59333789
0.62437171
0.46802109
0.57228827
0.619672
0.61137152
0.60009295
0.54524964
0.60716051
0.65505761
0.52327144
0.49906972
0.57741952
0.56172693
0.57352161
0.52305168
0.54930639
0.53899783
0.62963545
0.63143456
0.50663358
0.58483708
0.56840724
0.57113892
0.50736576
0.52065635
0.53058439
0.57143259
0.6073097
0.48802489
0.57876152
0.53541034
0.56384933
0.52741891
0.60780221
0.59880227
0.66228986
0.49654543
0.52921426
0.59973514
0.57455707
0.59219956
0.53080946
0.57413119
0.58883458
0.66149294
0.62326014
0.64167637
0.54087329
0.58517462
0.51627195
0.62386876
0.5976041
0.51527089
0.50682467
0.49854147
0.49371988
0.59503829
0.53001618
0.53478199
0.55784488
0.55776596
0.59161323
0.60579729
0.55184829
0.48888549
0.60030901
0.57825953
0.55172557
0.53293759
0.51819909
0.54091877
0.57009786
0.5427776
0.5525735
0.62056762
0.58779174
0.54367
0.53779042
0.60220081
0.56385148
0.51862818
0.55579203
0.56486028
0.57424414
0.64441639
0.57850045
0.60212481
0.59340692
0.52635622
0.56743181
0.57733178
0.57771653
0.53246111
0.52505839
0.49789149
0.53333408
0.52329832
0.48877648
0.47914109
0.5599997
0.55683255
0.49723724
0.54687649
0.64005452
0.69253993
0.6332944
0.6141296
0.56760085
0.49583596
0.58552653
0.49240944
0.56528723
0.67397773
0.52528358
0.57631749
0.54539388
0.54449123
0.54353148
0.58724076
0.55960655
0.57474804
0.5345853
0.57727641
0.44139394
0.56370467
0.46156594
0.53095722
0.43124476
0.60195231
0.6567322
0.53670549
0.47826728
0.51847142
0.56069416
0.5602476
0.5686751
0.54409778
0.48999119
0.55341297
0.59450155
0.51769298
0.60890108
0.59532958
0.54476553
0.5063622
0.53466487
0.59111065
0.46263659
0.52058846
0.5687536
0.52822298
0.51494336
0.56128258
""
""
0.48375368
0.46355021
0.52573222
0.55202663
0.42836562
0.40132827
0.42081457
0.45174006
""
0.70890158
""
0.61409289
0.57309753
0.52192861
0.56301624
0.47256646
0.45246753
0.42434534
0.44791123
0.43489873
""
""
""
""
""
0.44293967
0.45260778
""
""
0.7367056
""
""
""
0.41806409
""
0.38760301
0.3809889
0.43896216
0.40789574
0.45410344
0.40618584
0.31698209
0.44822723
0.42697042
0.45354876
0.55598378
""
""
0.49168554
0.44623765
0.4140529
0.41914079
0.43795097
0.37321132
0.50033212
0.45866585
0.5254578
0.51202631
0.48514289
0.51341492
0.44587299
0.43080994
0.43975869
0.42396888
0.53782308
0.67068076
0.61901373
0.61859316
0.62892675
0.55694425
0.60032028
0.54215902
0.55501217
0.61456805
0.50991094
0.58410597
0.63067961
0.55587345
0.47780398
0.55405962
0.56245571
0.56286943
0.55096239
0.5293265
0.64816666
0.57776964
0.59335315
0.53873199
0.50999808
0.55508995
0.57074535
0.58997643
0.56416583
0.5416038
0.54357338
0.61629504
0.45253512
0.48304272
0.51403552
0.51106632
0.42811024
0.48789087
""
0.49116507
0.46746415
0.52853626
0.53360951
0.51121229
0.566589
0.5703817
0.56303233
0.51339912
0.53629434
0.52013338
0.4405615
0.48055488
0.54193515
0.50644803
0.4696303
0.51434118
0.55582672
0.53357589
0.42835194
0.4073852
0.46918124
0.43324339
0.52545148
0.59540665
0.59753543
0.57862991
0.58494318
0.48866203
0.54714042
0.51849705
0.42909878
0.58190489
0.60195416
0.51736021
0.5712232
0.52387488
0.62088978
0.4979361
0.48168755
0.55179685
0.54830724
0.531672
0.55785441
0.51757574
0.50115532
""
0.49677944
0.52968848
0.57421499
0.53500438
0.4970535
0.53884763
0.44550028
0.48016655
0.61433339
0.58330876
0.6310035
0.66974986
0.60425907
0.59502572
0.60845083
0.58886456
0.50968933
0.53353637
0.64184678
0.48098332
0.57927448
0.65638077
0.62843221
0.52447575
0.62865937
0.60191005
0.67249119
0.57505828
0.64339805
0.50231862
0.62688476
0.59654814
0.5637064
0.61910444
0.5553056
0.57917804
0.50602335
0.5131337
0.62105525
0.61204749
0.65136117
0.64977598
0.56631482
0.47652778
0.53282255
0.63777936
0.60295939
0.64607441
0.59419382
0.64002073
0.66321999
0.55169362
0.59318602
0.60132086
0.6541242
0.67677158
0.58855402
0.59772187
0.59859985
0.62187493
0.54932612
0.59625727
0.60390496
0.70153731
0.61764896
0.56878918
0.57156843
0.57587039
0.59337479
0.5598321
0.58332676
0.55732054
0.62511867
0.59141439
0.53343362
0.54219264
0.56049258
""
0.57943654
0.48491094
0.62006843
0.59996146
0.58058941
""
0.59364992
0.54372561
0.48759189
0.41207621
0.51148146
0.55584341
0.56737369
0.56428838
0.50905222
0.57491809
0.57249308
0.52322257
0.57767463
0.53481847
0.56544816
0.51525605
0.50895488
0.55745113
0.50948846
0.55185407
0.64285308
0.5530892
0.54621351
0.51047516
0.42754775
0.53723997
0.47535214
0.51664966
0.53803635
0.57432294
0.48500523
0.49103612
0.57150602
0.56800836
0.5347448
0.58899057
0.51998436
0.54858303
0.53463399
0.64406097
0.64679784
0.47302714
0.52475941
0.52453297
0.50510907
0.54744989
0.60842705
0.58448434
0.58615565
0.56265306
0.55235338
0.53862691
0.57384521
0.54156798
0.56482887
0.59668183
0.5629071
0.55643213
0.54051763
0.51879007
0.50003934
""
0.5260275
0.58560473
0.62931567
0.52677715
0.57045931
0.53756386
0.55566365
0.57936954
0.49319997
0.54603124
0.4273251
0.41943774
0.57454121
0.54499435
0.57058352
0.41076756
0.52835107
0.49011201
0.47608298
0.46787852
0.56606787
0.56354743
0.60242742
0.59781063
0.57020468
0.59771824
0.57574242
0.55265027
0.55197686
0.46864206
0.47959408
0.52403998
0.56059498
0.51221174
0.65874785
0.50177616
0.627666
0.54798555
0.54142433
0.61567062
0.58646691
0.59243608
0.60841262
0.59926528
0.63865602
0.5951519
0.59964508
0.58712929
0.60901302
0.6776464
0.54036546
0.58737278
0.57596338
0.58098531
0.5672828
0.54029882
0.65109068
0.58098507
0.62441683
0.4816891
0.4864729
0.56348628
0.54533517
0.55345541
0.5930419
0.59132737
0.55145228
0.42891267
0.51712906
0.61877275
0.55782539
0.46186364
0.51374489
0.50501698
0.47024623
0.57409561
0.4693155
0.52484941
0.47897962
0.53964335
0.54284763
0.64199257
0.58826631
0.6212666
0.54882413
0.53932089
0.47871414
0.58997697
0.63717782
0.5929057
0.62860256
0.57241952
0.57211763
0.66839379
0.56308311
0.60908955
0.66867501
0.49933079
0.60398388
0.53260159
0.53342801
0.59685034
0.45757854
""
0.42644122
0.44718134
""
""
""
""
0.39352253
""
0.47377861
0.37230629
0.42571476
0.461404
0.50068581
0.52332979
0.5065676
0.42280105
0.58453125
0.36891428
0.44213754
0.60381007
0.44708443
0.51669997
0.45125464
0.54661334
0.55879915
0.56412315
0.46960914
0.55935442
0.55419177
0.58315873
0.48461717
0.53510165
0.55375046
0.62345701
0.54923218
0.6234045
0.61603898
0.50282156
0.62090486
0.45402262
0.58886713
0.48429823
0.49802592
0.58512223
0.57873213
0.51979107
0.60717326
0.5759142
0.54189432
0.55787545
0.56274861
0.54331702
0.38285032
0.53911835
0.61641568
0.65153146
0.58133221
0.55257249
0.52442086
0.48187381
""
0.65203881
0.55252808
0.59874028
0.4739204
0.55772257
0.58592629
0.63464952
0.59406972
0.43705192
0.56534415
0.52379942
0.60948956
0.60648727
0.56063199
0.54902345
0.51899552
0.54814732
0.49181384
0.54043835
0.51376802
0.50661218
0.51088858
0.53328538
0.51860303
0.49582225
0.56834072
0.55581588
0.56002599
0.52118343
0.51832515
0.60652524
0.54018593
0.61562312
0.57628322
0.58997834
0.63105959
0.59763747
0.54650933
0.54670399
0.56861585
0.58632344
0.59195966
0.60547447
0.56121689
0.56998181
0.57815027
0.64447188
0.62841475
0.56475371
0.61698544
0.62701923
0.64839
0.60246593
0.60908961
0.58215266
0.44193259
0.55271912
0.66782898
0.64957982
0.60264844
0.66698712
0.57994926
0.64674145
0.59170133
0.60501647
0.61098874
0.57835001
0.58608729
0.62165195
0.64227116
0.57049102
0.61820006
0.63857847
0.60006863
0.59519804
0.59664887
0.65143156
0.6799143
0.63344252
0.60615891
0.5421865
0.48437253
0.54867458
0.54181027
0.50707811
0.52848852
0.4243758
0.41407517
""
0.51060671
0.52217519
0.56772166
0.52649629
0.56552845
0.54434383
0.60524416
0.42739818
0.53047884
0.59357339
0.52036482
0.55051059
0.56873572
0.43950266
0.5328415
0.49036807
0.44971091
0.57704502
0.50371408
0.58508509
0.58472013
0.54487252
0.46742114
0.52459347
0.52329117
0.51123786
0.56885368
0.52005398
0.55809176
0.50647956
0.53019875
0.58136481
0.58232421
0.61869425
0.55996507
0.52532125
0.6270805
0.62627077
0.64953542
0.56583542
0.59220183
0.54294187
0.55349648
0.55185747
0.63305169
0.5138433
0.37013218
0.44329986
0.50864553
0.55211097
0.60389388
0.63019091
0.54374814
0.46996692
0.55078608
0.4892529
0.62181056
0.61611474
0.56975728
0.59345031
0.59031218
0.66288936
0.60622513
0.57760972
0.63582844
0.69430363
0.61802822
0.62010497
0.61859953
0.64885718
0.56973165
0.58579206
0.52958363
0.54462808
0.56348008
0.60706979
0.47666505
0.54283148
0.56748295
0.55743247
0.51543123
0.58446121
0.49579713
0.55226111
0.51259023
0.50431865
0.57917607
0.57257777
0.57516772
0.60232103
0.51991665
0.56326717
0.52994299
0.57880855
0.58799243
0.5925616
0.57907623
0.5967384
0.60175437
0.58175999
0.6342839
0.61978078
0.63849187
0.55437285
0.59024173
0.60379577
0.5863179
0.58254284
0.48992106
0.46907082
0.5790602
0.54337847
0.51862663
0.54595715
0.56494433
0.58900297
0.51937848
0.53506982
0.54064184
0.60125196
0.55397791
0.50321615
0.55953944
0.6004473
0.59494483
0.59781408
0.49312419
0.51533902
0.53508949
0.61139953
0.63272607
0.63251632
0.58361077
0.54870522
0.58224446
0.53262764
0.55679029
0.64225262
0.55001336
0.54706293
0.63114768
0.63821125
0.50157171
0.62166452
0.57945663
0.63601089
0.64020383
0.5754723
0.59171557
0.55194747
0.5658744
0.62360913
0.60164064
0.57854682
0.59325874
0.60791302
0.59270573
0.57997155
0.53482443
0.56457222
0.55549306
0.56936079
0.61058599
0.5838905
0.52005607
0.54514754
0.56660998
0.59398061
0.5372619
0.56119537
0.58630985
0.56798857
0.54249275
""
0.52969474
0.53326124
0.5095945
0.58681303
0.51586235
0.55513436
0.60745651
0.47776645
0.535025
0.55686504
0.52070212
0.5849033
0.56738877
0.52735859
0.57376182
0.59918129
0.53368044
0.53871602
0.52656609
0.61241037
0.560691
0.51749712
0.55200863
0.52984494
0.53191519
0.43361738
0.46477601
0.44535002
0.57028991
0.51026672
0.54855841
0.54226971
0.48294044
0.60228842
0.54458547
0.58406496
0.5319308
0.50211382
0.57417828
0.55694389
0.49162602
0.5631988
0.55257314
0.61280096
0.53871214
0.50761318
0.52424926
0.45543125
0.51242721
0.54290259
0.537292
0.51266807
0.5346089
0.52393889
0.51738739
0.56232178
0.53007728
0.5915814
0.56626177
0.46695822
0.53690946
0.5409103
0.51625746
0.55685288
0.57154959
0.54199737
0.50639647
0.48221165
0.52708554
0.56823313
0.46662769
0.48747963
0.49809605
0.53477091
0.56703341
0.56125104
0.53517461
0.53818309
0.55340272
0.50493777
0.47629929
0.48748511
0.50642478
0.55751336
0.4848094
0.58561701
0.50633681
0.55107421
0.51977712
0.68203509
0.46875128
0.60893112
0.5340789
0.53740114
0.50467527
0.54962701
0.49215698
0.51781446
0.45294628
0.4226166
0.42707944
0.46927151
0.48265606
0.54911977
0.55321366
0.53384292
0.5599767
0.51040208
0.51108968
0.56536978
0.51032162
0.52078229
0.47251675
0.53425348
0.53180939
0.49349582
0.52247518
0.55981821
0.4578712
0.5306291
0.51889467
0.58777142
0.51147336
0.52065259
0.47138447
0.51846677
0.47451526
0.49670956
0.54595786
0.50442004
0.5492335
0.5362379
0.55284333
0.56011701
0.53837395
0.52435666
0.50677258
0.55304879
0.51663083
""
0.49454096
0.48914906
0.57821685
0.51967984
0.55985892
0.44541535
0.47737524
0.54296941
0.53516817
0.53545445
0.47176674
0.47872421
0.48815864
0.48488289
0.54148191
0.48237589
0.49968657
0.52373898
0.4742887
0.49038324
0.46339151
0.4956308
0.54332453
0.5230372
0.51996243
0.52862167
0.56253934
0.61368382
0.5680123
0.5586136
0.63328934
0.56102437
0.49220133
0.57248777
0.58206141
0.45015392
0.45857403
0.48585257
0.47489384
0.47508591
0.60818481
0.5491882
0.54719323
0.56702977
0.5606249
0.49465314
0.52010685
0.53253931
0.55357957
0.5324502
0.51251721
0.51270002
0.48528475
0.56068897
0.5601117
0.54526252
0.55952847
0.54716915
0.51902205
0.57772291
0.51779443
0.56360835
0.52512884
0.49764419
0.51464486
0.52906322
0.47443911
0.49749231
0.47213617
0.52615988
0.5234133
0.57589138
0.53564167
0.57530618
0.48434627
0.504758
0.4273085
0.57235521
0.5370546
0.47383669
0.48320189
0.57586068
0.57178485
0.53537381
0.55920422
0.57241207
0.56405246
0.48656416
0.5105918
0.51318818
0.53862113
0.51469105
0.49044311
0.55333596
0.56423819
0.55670196
0.5213362
0.58865499
0.5688982
0.51562357
0.47906336
0.55201203
0.51574731
0.5174312
0.41741103
0.56896567
0.56335104
0.37450564
0.56702846
0.55300355
0.48267397
0.49833646
0.41465375
0.51353425
0.51092881
0.4480499
0.57938558
0.55697823
0.54956841
0.50801182
0.56328881
0.46809503
0.51661825
0.53147024
0.53279245
0.45791209
0.50299859
0.48127729
0.57044739
0.47456661
0.53255242
0.4811025
0.48161909
0.52847332
0.45882031
0.51032996
0.53191185
0.47880369
0.46159756
0.51648623
0.54889095
0.46881226
0.52290666
0.50679028
0.53175968
0.4919042
0.55067891
0.58449638
0.54481941
0.46598357
0.53486043
0.56023544
0.48446599
0.39548227
0.51976019
0.54868972
0.51717508
0.57880193
0.52966154
0.54785407
0.57553154
0.54958296
0.58702183
0.50940412
0.52119493
0.50507081
0.51351076
0.58180797
0.52380478
0.47602001
0.5107131
0.55909115
0.59077376
0.53761178
0.47950891
0.44258231
0.49882838
0.51814246
0.4013918
0.49972907
0.45501575
0.45728278
0.43771926
0.51568788
0.54413855
0.54154474
0.58452535
0.57525641
0.59108198
0.56284541
0.52236193
0.55162448
0.48490825
0.55084944
0.49161041
0.52526098
0.50168645
0.55864322
0.43136689
0.5245536
0.54099566
0.55166715
0.58509916
0.52277797
0.50327039
0.56366903
0.49991319
0.55576378
0.6106559
0.58468193
0.57562292
0.55854249
0.67507362
0.55435377
0.5870285
0.62095535
0.54807436
0.57594848
0.56056273
0.49287277
0.60000193
0.5430479
0.54737443
0.63098609
0.56112605
0.53805155
0.6006127
0.52901804
0.52397478
0.62906939
0.5424878
0.5591929
0.58490455
0.59119612
0.55346555
0.56963015
0.522524
0.61000544
0.54964173
0.51491934
0.46198332
0.48561114
0.47424832
0.47727644
0.51428735
0.51063246
0.54998821
0.50139964
0.52702224
0.47805408
0.49046186
0.46254
0.37900901
0.47213233
0.5218994
0.47095701
0.51494783
0.4847115
0.56668395
0.53607327
0.47845176
0.50970531
0.47161517
0.52157646
0.53538603
0.58344889
0.48380437
0.39211398
0.37028635
0.58647245
0.47796828
0.54476595
0.5877068
0.47098917
0.52577752
0.5102073
0.53850961
0.54492551
0.51860887
0.53744686
0.51575291
0.55755621
0.5509482
0.55118912
0.56146735
0.39184967
0.42724532
0.49705034
0.38428894
0.48782608
0.55673361
0.42925978
0.47666594
0.48682767
0.47897905
0.56608605
0.46686724
0.5643096
0.5258202
0.46827447
0.57834333
0.48494214
0.57752442
0.51624519
0.43324885
0.46782687
0.57901907
0.56037742
0.65062088
0.59535438
0.49898338
0.59422076
0.45457745
0.49980849
0.54403645
0.55464077
0.49989143
0.48785371
0.57613885
0.57720834
0.52448827
0.53962815
0.56620103
0.64170015
0.59644568
0.59864235
0.61401659
0.59492451
0.59674209
0.59053791
0.51571465
0.5326466
0.60272235
0.53925079
0.58693594
0.61312342
0.60129362
0.58366865
0.60542285
0.58606607
0.50848013
0.52715886
0.44266897
0.41926026
0.48532152
0.49076945
0.44998282
0.51240891
0.53740323
0.52870148
0.53076255
0.46861571
0.53517413
0.5150677
0.47660199
0.50016946
0.52807546
0.49826512
0.52236807
0.47628611
0.50009596
0.54409212
0.56056106
0.48686439
0.49852133
0.53911233
0.52859092
0.53281593
0.49516919
0.55745149
0.59086215
0.63867772
0.56900561
0.51291412
0.48766705
0.5716362
0.5073843
0.50726223
0.51073921
0.49239671
0.52741241
0.55806804
0.61267865
0.49896345
0.56290311
0.57477623
0.53914529
0.51411527
0.57290214
0.55550867
0.56414878
0.52230829
0.48819017
0.58259678
0.56416851
0.5586403
0.5651716
0.56446749
0.5557285
0.55696893
0.51698995
0.52766633
0.54453671
0.59434181
""
0.40858293
0.54868889
0.56064898
0.5839147
0.53023571
0.53926843
0.5733037
0.53611481
0.50421196
0.51318145
0.4899922
0.55875397
0.56969696
0.55550349
0.50788856
0.54128033
0.56985825
0.5090754
0.51979762
0.58711702
0.57874459
0.6119743
0.53531098
0.55662113
0.60251427
0.5575074
0.55729967
0.52187264
0.52802747
0.56299281
0.59577316
0.53262663
0.61543107
0.57037073
0.61539423
0.56108248
0.56375623
0.56459534
0.55562615
0.53556889
0.51282942
0.56055498
0.53967279
0.59452993
0.55801958
0.6501531
0.55981839
0.61698031
0.52495313
0.55230439
0.5500946
0.51504976
0.50142723
0.59706748
0.64258581
""
0.6281786
0.62292767
0.54414743
0.59098405
0.56825757
0.57571316
0.51700312
0.56126952
0.5140931
0.5048039
0.55611086
0.58314508
0.57913661
0.51590198
0.50955927
0.57558817
0.60934776
0.52903628
0.57595861
0.48822436
0.55082184
0.53161597
0.46761742
0.56723022
0.52957821
0.61406171
0.60133088
0.60052639
0.58413434
0.66450906
0.57381606
0.633901
0.63688898
0.61964887
0.5338012
0.52492976
0.5977301
0.60033816
0.55126554
0.51888078
0.52320015
0.56279641
0.54744089
0.54389751
0.50056219
0.55109668
0.59220785
0.50103539
0.5627088
0.57905126
0.57566768
0.58585405
0.58996642
0.6251123
0.6285919
0.61425257
0.58768815
0.56199402
0.63893479
0.6001547
0.61249185
0.58240891
0.59220898
0.63778323
0.523691
0.57334566
0.51887733
0.5538643
0.58129501
0.61597532
0.62364602
0.56630057
0.58294761
0.58553606
0.57795471
0.56494659
0.57120496
0.58687246
0.55099177
0.52819103
0.52233309
0.49923566
0.53052831
0.55233562
0.57553363
0.52848101
0.54399884
0.65851718
0.59672457
0.59300536
0.57222289
0.59476078
0.63070869
0.5727095
0.5474261
0.57606173
0.5510726
0.53029829
0.5217011
0.51213259
0.61911196
0.56953448
0.59363198
0.55744904
0.5381639
0.56715488
0.59126151
0.59028077
0.53303814
0.57943064
0.56326401
0.55067527
0.50846183
0.52363127
0.57890636
0.6107586
0.55673254
0.52021819
0.49982864
0.45177954
0.53694105
0.55042017
0.66099232
0.62156534
0.59913629
0.61316013
0.58650833
0.61575723
0.59018588
0.59874398
0.61112148
0.59606528
0.64545226
0.60864466
0.64727098
0.58523005
0.60814553
0.60064358
0.5828141
0.64400905
0.67871219
0.64707297
0.55793232
0.60533679
0.56971598
""
0.62318724
""
""
""
""
""
""
0.46020955
""
""
""
""
""
0.47768527
0.55274791
0.65088987
0.69244576
0.75287968
0.62558746
0.55665112
0.54792058
0.59522313
0.61621159
""
0.58069527
0.51237738
0.54265058
0.5719943
0.54390442
0.45649269
0.5357883
""
0.54652214
0.56589574
0.57631862
0.56947362
0.57380569
""
""
""
""
""
""
""
""
""
""
""
0.62338591
0.68231183
0.61614001
0.70550275
""
0.57585424
0.59298939
0.61731678
0.50603962
0.56657356
0.6035744
0.53267252
0.55862677
0.57595122
0.47800216
0.46475124
0.59003979
0.505831
0.53663099
0.56922454
0.59601074
0.54261577
0.58835131
0.57732683
0.54178602
0.57750279
0.5734033
0.52930254
0.56992835
0.61969525
""
0.42886505
0.55742526
0.51635331
""
""
0.39523867
0.5062843
0.57595706
""
0.57003027
0.44045389
0.59270489
0.46394408
0.54929942
0.53623241
0.52028203
0.56863022
0.48696664
0.60564226
0.50199139
0.54295141
0.55477262
0.56287485
0.47524157
0.56611419
0.62161803
0.54510957
0.59058422
0.594522
0.61953461
0.55079746
0.63536203
0.5580107
0.51205444
0.53613836
0.55232978
0.60004318
0.58543211
0.62303817
0.6358605
0.64106596
0.65288991
0.71412694
0.68203652
0.69886231
0.68806815
0.68764383
0.66730171
0.64298493
0.63392311
0.62480718
0.64885318
0.68507034
0.65739208
0.63675135
0.63612098
0.5971837
0.55293959
0.56233311
0.51146668
0.6027782
0.55067426
0.50135767
0.64741999
0.63093323
0.63693362
0.58903724
0.5556581
0.58071911
0.66326135
0.61648011
0.60621971
0.64181316
0.54943323
0.65228945
0.57892466
0.63381708
0.67121035
0.60882473
0.6671477
0.67161518
0.63455743
0.61226916
0.65862215
0.59782362
0.56780219
0.55606741
0.62834084
0.57223862
0.5887031
0.50622803
0.5607444
0.54009074
0.60146266
0.60776955
0.68231839
0.63092518
0.61040932
0.64137304
0.64471012
0.48120531
0.56476772
0.57765394
0.49728587
0.65169507
0.60462976
0.61044109
0.57743907
0.66349196
0.62696445
0.65581959
0.64207262
0.62100703
0.61886054
0.62627953
0.60899383
0.5365063
0.57428688
0.645715
0.63883585
0.62356484
0.60206234
0.66228634
0.62743509
0.61821991
0.52809411
0.59623557
0.51742345
0.51529878
0.54570419
0.42638943
0.5743705
0.53082061
0.56623137
0.47092995
0.55742472
0.63164371
0.66613001
0.66033816
0.634516
0.67415285
0.57235396
0.5412249
0.59599787
0.58518922
0.60472637
0.58164787
0.63233596
0.64538103
0.64633173
0.66830581
0.66637015
0.64315963
0.64666408
0.69337738
0.68290788
0.67208523
0.69392705
0.6628024
0.68025351
0.59180689
0.67094034
0.62934923
0.62120181
0.64965153
0.67352003
0.68137705
0.63550454
0.6329748
0.62710518
0.64256597
0.67949688
0.65344685
0.62104231
0.57478166
0.62052304
0.62480867
0.66758764
0.67357945
0.61644846
0.63807529
0.54314208
0.53225166
0.5187248
0.56292003
0.55577719
0.6143117
0.50059944
0.50661206
0.47674942
0.43971029
0.56775641
0.53646886
0.56806117
0.59885043
0.58509839
0.66946709
0.63505954
0.65439016
0.63075531
0.66575587
0.6675303
0.63840175
0.61533767
0.68924719
0.49087062
0.51373911
0.55002022
0.52541107
0.6125657
0.62065798
0.61519873
0.63774157
0.55221218
0.59738344
0.56782556
0.50926799
0.56867868
0.48922461
0.5954845
0.60407281
0.57059318
0.48821035
0.54983217
0.53174651
0.56114405
0.56740355
0.39663565
0.4637773
0.48190948
0.52341664
0.48093387
0.61187142
0.56207687
0.55118775
0.58577663
0.57222593
0.58323586
0.64276958
0.62972063
0.62237525
0.58762312
0.56233299
0.59851938
0.55796403
0.57685006
0.66924852
0.6189059
0.55314142
0.50885051
0.58311647
0.59237874
0.55397367
0.57076484
0.6076715
0.61943042
0.62013042
0.60622334
0.56537569
0.59990364
0.61044371
0.51556396
0.64653915
0.6254741
0.54795069
0.60803312
0.58399588
0.60350025
0.62629843
0.50601995
0.46514422
0.59563684
0.46546718
0.5449596
""
0.52184945
0.46785694
0.52819377
0.47547323
0.57556581
0.54997981
""
""
""
0.60671902
0.55221146
0.54407942
0.52891165
""
0.59135824
0.56693208
0.56844848
0.50328195
0.55115479
0.59677052
0.56662112
0.58241689
0.54580402
0.59634614
0.4840211
0.69001472
0.63538837
0.65141195
0.55567819
0.72076482
0.5734309
0.59259731
0.64244819
""
""
""
""
""
""
""
""
""
""
0.628739
0.61317813
0.6290887
0.60060745
0.62491941
0.53903073
0.64206094
0.54200077
0.5963068
0.57296813
0.54992938
0.62845445
0.59659082
0.58389044
0.56593531
0.57652068
0.6369943
0.56449467
0.56592786
0.48827869
0.6256302
0.61501133
0.61169118
0.54126972
0.5361141
0.47357088
0.55079186
0.54988921
0.62437564
0.61371732
0.54064465
0.57261127
0.58298141
0.59666979
0.64113641
0.64605683
0.57580364
0.59537148
0.52131826
0.56989574
0.61630982
0.64521617
0.55172551
0.65263581
0.56536931
0.60667163
0.55233347
0.65193474
0.67985708
0.63038307
0.59105134
0.48824203
0.55732071
0.55094373
0.36539865
0.60178435
0.52927762
0.5936771
0.57206029
0.60737133
0.57449055
0.65943098
0.59463966
0.56086522
0.53196532
0.56785679
0.66236001
0.57788622
0.52416974
0.60042065
0.56619811
0.55205929
0.56916535
0.58012897
0.52357304
0.53099781
0.60227025
0.59114218
0.53458387
0.5788939
0.5497154
0.41487664
0.67799926
0.51970857
0.54587549
0.52182192
0.59726542
0.57958293
0.4785496
0.47528788
0.51330858
0.50344807
""
0.46297663
0.50095183
0.6022824
0.50305998
0.48037806
0.60064292
0.43844002
0.54284978
0.51316613
0.45911607
0.53661001
0.53523707
0.50501448
0.57866079
0.53317302
0.56972367
0.61251843
0.57670361
0.61797047
0.678563
0.6566487
0.58475018
0.57965523
0.67333651
0.62080455
0.55963367
0.64230299
0.62572569
0.65730751
0.73650461
0.62119287
0.67157775
0.62830824
0.70621055
0.53152359
0.61977786
0.64547724
0.66970122
0.64522195
0.64545178
0.62822175
0.61909366
0.65207899
0.64200753
0.63728619
0.60407591
0.61165673
0.62016392
0.57720006
0.66132915
0.66284025
0.62483013
0.6050871
0.6692
0.63432318
0.61588174
0.62748414
0.61264575
0.57192707
0.65026504
0.61954081
0.63736087
0.63266057
0.6497134
0.62975293
0.62534779
0.58919591
0.63364327
0.65522212
0.63374662
0.66678226
0.66033673
0.66097468
0.5827018
0.61241728
0.68036056
0.60241544
0.60487193
0.52564234
0.49133763
0.52763599
0.6127584
0.57230598
0.59574348
0.54747921
0.57688153
0.55805516
0.61828482
0.60748696
0.60074055
0.60232586
0.57069987
0.58525181
0.59158653
0.59944266
0.55634624
0.59493238
0.4818508
0.41804883
0.51300567
0.55240953
0.49215803
0.63778418
0.50825834
0.56163204
0.5770728
0.48495221
0.54461849
0.47772491
0.48396581
0.49512044
0.38821352
0.60570669
0.53722972
0.53453344
0.56751502
0.56062776
0.56963158
0.60326183
0.55979854
0.60005438
0.57931006
0.59851837
0.604514
0.55707628
0.55995131
0.6005246
0.5801065
0.64390713
0.62728876
0.59960717
0.6661917
0.63264042
0.57229567
0.57802582
0.61329824
0.61886674
0.65136486
0.55493128
0.53997779
0.50744069
0.55317926
0.59056371
0.55556816
0.57373804
0.55424649
0.57295907
0.64821821
0.55051279
0.58444536
0.53148693
0.55919987
0.512752
0.63026524
0.62509507
0.60733122
0.65227091
0.66691309
0.66353512
0.6054846
0.61165243
0.53829056
0.64758748
0.62807637
0.61335295
0.60881603
0.62474179
0.59815007
0.61012655
0.63722426
0.56522954
0.54276359
0.68270206
0.63524508
0.62784904
0.65467215
0.67818105
0.63546485
0.65048081
0.6274879
0.61101371
0.65773964
0.61607063
0.68735409
0.63847053
0.67532003
0.65216494
0.62863368
0.5909189
0.63717008
0.63523793
0.57870615
0.63916993
0.62824667
0.55710846
0.54689777
0.60783738
0.67720598
0.5845902
0.60673767
0.53467429
0.594791
0.63392866
0.57516283
0.64016932
0.67987293
0.6439929
0.61305386
0.63918173
0.67231971
0.6911422
0.62371379
0.70673555
0.665488
0.6798082
0.67974478
0.63192737
0.68657798
0.60344416
0.67161489
0.61587131
0.59482849
0.66830754
0.60623968
0.69120395
0.67769045
0.66290766
0.68018389
0.6989848
0.66892517
0.70385724
0.71547401
0.69227594
0.66257262
0.65697497
0.57209486
0.64459443
0.69928032
0.64574975
0.55484897
0.69748241
0.61178964
0.69423217
0.64371884
0.692168
0.7046693
0.63258499
0.65107787
0.56204593
0.5448997
0.56842142
0.62433749
0.58511847
0.62377077
0.55873317
0.61168069
0.58913678
0.58592767
0.6147995
0.6162532
0.61221153
0.61620361
0.6196636
0.66291314
0.61372226
0.6579361
0.61540353
0.6237219
0.58010793
0.55385435
0.44594413
0.48476574
0.53731108
0.59912109
0.53000832
0.55644023
0.59631604
0.64763385
0.644714
0.6055066
0.55005717
0.53393245
0.56201553
0.50249165
0.56847692
0.58210093
0.56171775
0.59622681
0.5567193
0.55648613
0.57515812
0.60647923
0.60848576
0.60044545
0.5866164
0.61847413
0.55902588
0.59526718
0.5901649
0.66280472
0.64368373
0.65955758
0.57649785
0.6378535
0.66917521
0.57578564
0.63558918
0.66909683
0.60604513
0.6142444
0.61096454
0.36471531
0.45729068
0.47412243
0.52709562
0.54307747
0.55235696
0.49882913
0.6067065
0.58357936
0.64816749
0.57859707
0.6263724
0.62348074
0.59843862
0.62551868
0.62922555
0.63891351
0.64796919
0.53401822
0.60572714
0.58101052
0.57081729
0.64900935
0.6258145
0.6156379
0.55100238
0.57771879
0.62384015
0.59861583
0.63170773
0.59807175
0.61892605
0.59111154
0.58305603
0.55637223
0.58577675
0.59585738
0.58519948
0.46247512
0.53062391
0.48312929
0.58074874
0.54280555
0.56645668
0.57220411
0.60930401
0.57162333
0.52772301
0.62964207
0.59438926
0.5490666
0.60733551
0.58736783
0.56662941
0.59226018
0.57039201
0.59132248
0.63333404
0.54323733
0.58988708
0.54803967
0.56227583
0.61492974
0.54082865
0.54505372
0.54581791
0.54395789
0.60290688
0.50890422
0.58180982
0.64100587
0.61966765
0.56575906
0.58233333
0.60037106
0.60875535
0.63747078
0.59247011
""
0.55660409
0.59822816
""
0.5911119
0.58405089
0.58467609
""
0.60221964
0.59889156
0.64636368
0.64995229
0.70679474
0.67554533
0.6550352
0.62664557
0.70909727
0.62142599
0.65759814
0.64361656
0.6570164
0.66376042
0.56564248
0.61208701
0.60115665
0.60017079
0.58475983
0.62068892
0.56758869
0.60154074
0.55581307
0.6366173
0.67439371
0.61841214
0.67316228
0.69122106
0.64857376
0.62792206
0.62491649
0.62791955
0.69435251
0.63491249
0.64277548
0.67379332
0.62256765
0.63695508
0.58612019
0.63026375
0.72545856
0.62159312
0.62676936
0.69144303
0.70795506
0.58298016
0.72270203
0.68428135
0.6530968
0.65337771
0.6214087
0.69358122
0.64637357
0.68712795
0.57675242
0.66742945
0.65154284
0.68956327
0.63531518
0.67604613
0.69032323
0.62850064
0.60299069
0.60346448
0.62083858
0.64160633
0.66855478
0.68584055
0.65925443
0.69417858
0.73225117
0.64769143
0.68325722
0.63626724
0.5934267
0.54436696
0.59886855
0.57508117
0.54052556
0.54330862
0.51156348
0.49791509
0.62103862
0.63022971
0.57998687
0.678424
0.58834863
0.64766651
0.71542698
0.61860168
0.6512168
0.62133235
0.67011267
0.6741783
0.61882669
0.6418907
0.61355609
0.62257361
0.58016598
0.54994637
0.57724786
0.58229274
0.56355757
0.52490485
0.62422854
0.68702811
0.56467229
0.67716575
0.6495499
0.60083914
0.65494066
0.61209065
0.60988855
0.59965289
0.6279977
0.58991057
0.55857849
0.5998978
0.59628648
0.54057461
0.55042499
0.61082822
0.5684849
0.59550053
0.63422447
0.55856311
0.53663284
0.5333184
0.56571609
0.59395498
0.52318478
0.58067483
0.56539488
0.59624147
0.57949537
0.54606992
0.54128271
0.55303329
0.56598568
0.54677904
0.58754402
0.50864685
0.57507306
0.60967141
0.54429287
0.61614048
0.57564622
0.58394194
0.56536442
0.54153341
0.51694971
0.55117983
0.6003921
0.53666115
0.57165027
0.5733012
0.57061905
0.59528899
0.5755105
0.51155668
0.5345127
0.56770837
0.68212569
0.57268
0.49061987
0.53910428
0.58373326
0.55125755
0.62965214
0.51373047
0.55184263
0.53274953
0.5793004
0.58737308
0.63513714
0.57309985
0.54576099
0.55874008
0.58182204
0.52287668
0.53652161
0.53368104
0.57485056
0.60176069
0.60648102
0.51712424
0.46837115
0.580401
0.54815263
0.55565304
0.58031142
0.51465267
0.52907044
0.64278287
0.62199092
0.66311353
0.53422564
0.62994826
0.60973167
0.6027177
0.59846932
0.52920431
0.62578982
0.5243063
0.64964312
0.60739899
0.61209673
0.628488
0.6724295
0.65522927
0.62504166
0.58923697
0.58290994
0.57004172
0.62750769
0.67901415
0.65719855
0.63002402
0.64190042
0.6291793
0.59539628
0.59770072
0.64063478
0.57648975
0.51524037
0.4866285
0.58276314
0.62226814
0.60291147
0.62652475
0.57184297
0.56472611
0.55397856
0.5749113
0.50391829
0.57965308
0.55211484
0.56944436
0.56726617
""
""
0.58264923
""
0.36222088
0.52067965
""
0.46184117
0.57576567
0.48096159
0.44246107
0.36777392
0.41027004
0.46028304
0.51295978
0.51159686
0.59124982
0.56418002
0.67944407
0.60702658
0.62363541
0.55649352
0.54343396
0.52301943
0.57959557
0.58675522
0.59125072
0.65215629
0.61259389
0.59683102
0.64195925
0.60315824
0.6109941
0.63255072
0.62969345
0.61638731
0.59002692
0.58395165
0.63184351
0.55658686
0.56042486
0.55441129
0.65933472
0.61136174
0.57457179
0.58868802
0.60545081
0.62036443
0.60679728
0.44151929
0.65661764
0.65258908
0.66698712
0.63405782
0.6423465
0.58258587
0.57270533
0.62866133
0.63591611
0.61470872
0.59388244
0.58512586
0.59620416
0.6269393
0.64426816
0.62308407
0.57029974
0.5310176
0.55288458
0.59934342
0.5309329
0.52522302
0.6157915
0.63805318
0.61654127
0.67291623
0.69180989
0.68048406
0.59415132
0.70215917
0.62578696
0.67416787
0.55333513
0.62474346
0.5398581
0.58225
0.67446387
0.61747271
0.62564045
0.5760262
0.59928381
0.63331592
0.57814217
0.58351094
""
""
0.51692623
0.53562897
0.57414073
0.501212
0.57626003
""
0.62662172
0.66630423
0.57371682
0.61524552
0.55580515
0.63366216
0.59572047
0.58140343
0.59775054
0.58021039
0.55646104
0.587726
0.62270474
0.57687247
0.51849312
0.61116093
0.64847422
0.67770559
0.5367856
0.60147303
0.66558075
0.5492534
0.56109726
0.54018897
0.48197052
0.53300899
0.5645811
0.59999019
0.50586492
""
""
""
""
0.44428259
0.4429518
0.61811525
0.64862633
0.61069036
0.54027396
0.54530984
0.39719254
0.49254951
0.52272671
0.54936534
0.61174703
0.57701081
0.65622193
0.61886621
0.66575015
0.60435271
0.62868822
0.62734461
0.63031709
0.67420888
0.66476911
0.63852096
0.67961472
0.5691933
0.54649484
0.64125413
0.61169243
0.66160148
0.6535114
0.66890001
0.67326283
0.6620152
0.7268427
0.67857236
0.65406346
0.61712408
0.69423932
0.64100987
0.67312312
0.6330477
0.61400497
0.66039324
0.67603046
0.62097031
0.66968441
0.62638432
0.64650691
0.59639543
0.63506168
0.62665004
0.65505296
0.66715723
0.65714145
0.66591132
0.69195902
0.62064022
0.64593202
""
0.68157959
0.67157507
0.65976268
0.609671
0.62461776
0.66416818
0.67760676
0.64380145
0.71878833
0.68822628
0.697604
0.5482657
0.60185093
0.65709108
0.50577837
0.61091095
0.63060701
0.62229633
0.57014364
0.54993403
0.58002877
0.6014412
0.61992067
0.56416667
0.6448974
0.52002871
0.61748445
0.45897636
0.45275581
0.46975794
0.50783569
0.42333153
0.44531712
0.53230238
0.47977284
0.50511879
0.40659794
0.44254091
0.4630897
0.39968884
0.50536257
0.43863699
0.43549603
0.40866962
0.48664138
0.56531692
0.53129643
0.58185315
0.5508756
0.5223493
0.5238114
0.5582878
0.56593966
0.60583496
0.57870775
0.47149605
0.52972531
0.57896841
0.57809901
0.54448968
0.5574767
0.57199991
0.61857241
0.66013503
0.57365155
0.52317858
0.58032268
0.55673355
0.62879831
0.61971241
0.60824662
0.63637394
0.54911435
0.60880959
0.60911763
0.60290152
0.55990487
0.51380807
0.56837404
0.59800339
0.54988647
0.60585988
0.54938924
0.59737521
0.56129986
0.51576459
0.56195718
0.54778826
0.56753141
0.49643853
0.56117254
0.61405009
0.61402929
0.58409882
0.50351995
""
0.57368195
0.61374438
0.57430518
0.57496667
0.57293177
0.55212963
0.53838855
0.57503039
0.51217818
0.6225158
0.58712363
0.60598129
0.45737404
0.55998945
0.58808982
0.61983657
0.63801271
0.62423939
0.50287503
0.53143793
0.46907726
0.62671578
0.536843
0.59561193
0.47936237
0.61223441
0.52613193
0.55288547
0.59722739
0.56615335
0.55409032
0.55159372
0.57337296
0.56541014
0.56102479
0.57454598
0.64229077
0.53024739
0.48375839
0.59777558
0.58958441
0.55134082
0.60427004
0.59466213
0.61931956
0.59484482
0.59846604
0.57208472
0.56469822
0.58140934
0.55079103
0.62373501
0.60100806
0.56856698
0.58371979
0.58095098
0.60042298
0.61521369
0.6163553
0.54296917
0.59029484
0.53235459
0.51516926
0.57567835
0.62584627
0.61979884
0.57582527
0.54034948
0.59893548
0.61187619
0.52720553
0.56405813
0.62471801
0.65816915
0.57330674
0.61658633
0.59572381
0.60945648
0.61647105
0.56190962
0.58377099
0.53197837
0.57492948
0.56407899
0.58721459
0.61962175
0.58543324
0.61335188
0.5687089
0.51236194
0.61018133
0.60399252
0.55367398
0.59734333
0.61435443
0.60562736
0.6238566
0.65566647
0.58129293
0.57280254
0.57319593
""
0.57021236
0.59138459
0.54792744
0.61838728
0.59943902
0.57923317
0.60162777
0.62205255
0.64332712
0.59614319
0.58103931
0.59077841
0.58962446
0.54299796
0.62490135
0.62749285
0.58818197
0.55479187
0.55460852
0.61765474
0.58960605
0.62843144
0.54035956
0.5300895
0.57065213
0.56311697
0.58600891
0.59212631
0.62338513
0.50061095
0.44279987
0.57402104
0.57306725
0.53046167
0.53244984
0.49352306
0.64916712
0.52614278
0.56577396
0.52867043
0.50673825
0.56170511
0.54677498
0.63718724
0.60547638
0.55826253
0.56115186
0.62621731
0.5516929
0.49181283
0.48114803
0.53476733
0.60934019
0.5539549
0.60156763
0.63524002
0.63969713
0.54808807
0.66780794
0.60218948
0.63869208
0.61118692
0.64198756
0.66224712
0.58498168
0.5505541
0.52953011
0.54225433
0.57268572
0.57222348
0.5906437
0.56609708
0.55368358
0.60842746
0.61094779
0.56492567
0.63279408
0.61878455
0.56294316
0.64369327
0.57702714
0.62086344
0.52738082
0.61716729
0.56485319
0.6208024
0.62765753
0.60293067
0.47897717
0.53304285
0.54110169
0.41405466
0.51983094
0.54340106
0.51520073
0.5226301
0.50279993
0.48602143
0.51958436
0.55626553
0.47572121
0.62640131
0.61661029
0.60763121
0.64224285
0.64442998
0.60073751
0.66331017
0.62280023
0.62843412
0.61733097
0.58064598
0.62288541
0.61042601
0.59529734
0.55760568
0.63636327
0.51813972
0.59545326
0.55029052
0.59172726
0.61670715
0.62818885
0.6131072
0.61330324
0.67268181
0.63840419
0.63318092
0.67566669
0.61438304
0.63947403
0.6230846
0.60239547
0.68420362
0.66646481
0.6193186
0.63822562
0.63559812
0.60224396
0.65459877
0.5848012
0.59618747
0.63026524
0.63100654
0.60080838
0.61141574
0.61961991
0.60858035
0.61504459
0.61734343
0.60173643
0.58973509
0.58498245
0.63690555
0.5971092
0.62925446
0.55900323
0.60644746
0.58485061
0.66646117
0.64352554
0.60856372
0.5445863
0.56462365
0.60800976
0.63453102
0.60145503
0.61280429
0.56317353
0.64833754
0.61787742
0.61176556
0.62105209
0.6494295
0.61587638
0.58054781
0.60285705
0.62141275
0.59965146
0.58221489
0.60523558
0.62380505
0.57480299
0.6383521
0.58781946
0.37536409
0.54905248
0.52710938
0.50906736
0.40840098
0.4862479
0.47075555
0.52949667
0.48261547
0.57783675
0.59793597
0.59734797
0.54853588
0.63732177
0.54347658
0.55109352
0.51020449
0.51561987
0.6001817
0.59002417
0.62335587
0.53244388
0.61057264
0.60468096
0.57633227
0.58715391
0.61294699
0.55845714
0.51184046
0.53697389
0.57985723
0.45701453
0.50171071
0.49292886
0.60484576
0.51160109
0.60592055
0.55394506
0.56487375
0.64716041
0.56772947
0.66882384
0.63247412
0.60957569
0.6227293
0.63303232
0.62082094
0.59932852
0.69358397
0.58767492
0.58116156
0.6324271
0.580248
0.69989723
0.6687898
0.55772758
0.6399219
0.60729706
0.63723683
0.66548866
0.56760192
0.60911238
0.52701133
0.56873703
0.56495768
0.5483762
0.49919647
0.40270525
0.40070069
0.43479872
0.55581093
0.6240437
0.58353251
0.61069304
0.52493691
0.50715959
0.50643647
0.54941499
0.5324313
0.59823626
0.58699125
0.57300067
0.59804386
0.64723939
0.57312751
0.63379347
0.61314189
0.59880525
0.66198552
0.66883105
0.61705756
0.66351491
0.63431662
0.68039495
0.58254236
0.65484822
0.64376938
0.55602783
0.59270978
0.65205652
0.59305918
0.61883551
0.64261007
0.68321276
0.69056022
0.69008994
0.66602951
0.61125177
0.64606535
0.67276478
0.64095289
0.64054441
0.6595493
0.65709454
0.67781556
0.62001163
0.61511016
0.68417066
0.63202631
0.63833791
0.5973233
0.60784572
0.67390627
0.57014006
0.65324688
0.61713922
0.70606333
0.58892953
0.628411
0.64853895
0.61086774
0.64301312
0.5635702
0.59047705
0.56117541
0.44629639
0.52574259
0.58734566
0.57160574
0.48946965
0.47276133
0.5579595
0.53045493
0.53829187
0.52654588
0.56125623
0.55438346
0.54218864
0.51049083
0.52633244
0.56609696
0.51861411
0.62937158
0.61124474
0.57705754
0.60134238
0.58079499
0.5523017
0.57841247
0.54339415
0.54066372
0.56649935
0.58811468
0.59325498
0.61257964
0.54918313
0.57594687
0.65865719
0.57520968
0.64412814
0.52551752
0.59737706
0.61424345
0.64927447
0.59777349
0.58106786
0.67443365
0.64234322
0.58495623
0.62060678
0.58914208
0.61433721
0.54402435
0.54098177
0.61586112
0.62141454
0.58146197
0.59936601
0.54230183
0.50806141
0.56270653
0.53974897
0.53158545
0.5218783
0.61003548
0.56573915
0.54992008
0.53189498
0.53095436
0.59665769
0.57878023
0.55526078
0.52046031
0.58563513
0.56771958
0.47135821
0.61985606
0.58874863
0.63079733
0.61918151
0.57990134
0.59835458
0.56914526
0.59739858
0.60702962
0.62183625
0.59439516
0.53948867
0.59203994
0.6184231
0.591636
0.66760808
0.61769867
0.62506509
0.56259918
0.55178857
0.62384129
0.62657672
0.5542258
0.59450823
0.50413126
0.5979917
0.52114731
0.53370899
0.56112337
0.52680653
0.58690935
0.58706385
0.60558707
""
0.59382915
0.59435308
0.50220031
0.44920838
0.52806681
0.51235205
0.42684951
0.5176633
0.5302242
0.59922129
0.64172655
0.56748503
0.56491327
0.59173745
0.56711781
0.62669259
0.5880605
0.63907927
0.59946787
0.59677529
0.65787089
0.59479314
0.58605647
0.63146228
0.59114516
0.59447902
0.58285552
0.61450899
0.53801298
0.61932945
0.50349432
0.52876502
0.58908361
0.60500097
0.57907152
0.56478608
0.59664804
0.60058808
0.6251139
0.55025589
0.63743937
0.46161106
0.53410643
0.65151441
0.53696704
0.53836489
0.57886708
0.59071565
0.58777517
0.55264038
0.58740968
0.54302061
0.61496127
0.55312377
0.50450468
0.5737139
0.55789644
0.5828867
0.56078595
0.58071738
0.56241667
0.56553292
0.6218608
0.5239718
0.56894815
0.5933814
0.57678664
0.58310479
0.40153313
0.5191769
0.38804618
0.523422
0.62028611
0.53840262
0.56456918
0.57676822
0.56130165
0.51904106
0.46143836
0.48659974
0.55481476
0.55068755
0.557621
0.56709278
0.57312
0.56320626
0.58577871
0.54187429
0.50172484
0.56632888
0.5622912
0.6625548
0.57070434
0.45594475
0.57730919
0.67648822
0.63862807
0.58120513
0.63421941
0.56628847
0.54689413
0.53510314
0.59005988
0.60716039
0.60775602
0.54040015
0.6042155
0.59420067
0.60201615
0.5652982
0.61314881
0.61824328
0.57127815
0.51458639
0.54857403
0.59652525
0.72115159
0.68096107
0.63749617
0.59402978
0.66928452
0.60556042
0.69799638
0.63955718
0.55819482
0.60470581
0.62082803
0.66950899
0.59558052
0.59905922
0.66536057
0.60914505
0.6992588
0.6596182
0.65443021
0.6744079
0.68638319
0.69475567
0.66148341
0.68563706
0.65950125
0.64312512
0.61331475
0.6627956
0.63852221
0.56453824
0.60173935
0.59909576
0.647255
0.61887777
0.61249512
0.68055171
0.66062808
0.71388817
0.66356421
0.65628552
0.68483186
0.69144219
0.56012011
0.60988927
0.55636138
0.68330598
0.7229721
0.71643746
0.68793362
0.72303468
0.61139226
0.62402576
0.71308154
0.67186618
0.59484124
0.57186478
0.60222572
0.57536864
0.64607203
0.65597802
0.65374619
0.60825807
0.67106509
0.63060308
0.69125962
0.64189845
0.6434719
0.65348917
0.66926664
0.61518455
0.67208111
0.63478601
0.58333337
""
0.6624372
0.65434206
0.63253933
0.64433932
0.58715957
0.59714329
0.62055814
0.66212225
0.69547975
0.51780474
0.62315911
0.6880464
0.72367775
0.64808899
0.71424055
0.683056
0.66210079
0.66066885
0.63600761
0.62872761
0.60975891
0.58004802
0.6200822
0.59205651
0.51192391
0.57008952
0.48029917
0.52271891
0.46693575
0.56466776
0.62650877
0.57560176
0.60453063
0.65206838
0.66845375
0.64966774
0.54868227
0.60791576
0.58444524
0.65636337
0.66602969
0.67302775
0.73198265
0.62650758
0.69226629
0.64288563
0.62773544
0.5592531
0.69228071
0.58975637
0.65315294
0.59664714
0.66892225
0.64383179
0.60238534
0.53696662
0.68264109
0.61233425
0.51128137
0.55712932
0.63764793
0.64557594
0.67933601
0.6666379
0.56922901
0.64587694
0.61494499
0.61740279
0.62358475
0.63650054
0.60925978
0.65089273
0.68406111
0.64673752
0.60882604
0.5901314
0.65229577
0.62505096
0.61431831
0.61997581
0.64795685
""
0.63063669
0.64265841
0.69066107
0.67586499
0.68384337
0.66448665
0.69487458
0.64999992
0.65978366
0.69380629
0.67305768
0.68668038
0.65361166
0.66346568
0.60380304
0.60316724
0.6379016
0.69674122
0.64645302
0.62089616
0.64405513
0.605663
0.59582514
0.61607981
0.60168308
0.65802926
0.64232826
0.65900207
0.67705572
0.63263154
0.62614667
0.64271486
0.65689558
0.62035263
0.64903969
0.64587718
0.58763814
0.57181919
0.60021633
0.59287548
0.62143433
0.49683136
0.60570735
0.57279044
0.47111443
0.57525861
0.58427781
0.51647419
0.65678906
0.67601269
0.6637125
0.61048007
0.69404572
0.6348843
0.64512497
0.60444552
0.59917045
0.55405819
0.59106594
0.62945229
0.67935628
0.64477038
0.64713192
0.51977998
0.5891853
0.53112382
0.54676193
0.57061839
0.49073362
""
0.55182177
0.59457916
0.60897082
0.53533846
0.4917632
0.39882025
0.55363321
0.49432042
0.58541071
0.56518286
0.62169766
0.66348565
0.64430833
0.57570565
0.56281078
0.63488394
0.62031275
0.59463495
0.61986148
0.608307
0.67066139
0.54130381
0.63020086
0.65190083
0.66536558
0.6290409
0.63553917
0.5539903
0.62507564
0.62092203
0.69043398
0.68140298
0.64842278
0.67023569
0.64360708
0.59755087
0.50182611
0.63787884
0.62811214
0.60408664
0.5906716
0.60524392
0.69788009
0.63604885
0.64118093
0.63132417
0.63730323
0.62200093
0.6625458
0.61862278
0.60643166
0.60726565
0.61736751
0.61730832
0.63881677
0.58061934
0.54198611
0.60600537
0.57131296
0.55328256
0.57628852
0.57934564
0.60505736
0.53432715
0.65340519
0.63154531
0.59565234
0.56415963
0.58813459
0.58646786
0.57089299
0.57709712
0.50376338
0.53504437
0.57827836
0.57679605
0.53649408
0.52010733
0.49832013
0.64848065
0.591438
0.5959143
0.57248449
0.57238317
0.55957514
0.58173609
0.56894124
0.61288518
0.6265192
0.61758053
0.54435223
0.49785641
""
0.57196778
""
0.61396527
""
""
0.77403861
0.5818482
0.75735098
0.59590298
""
""
0.66314381
0.5958457
0.6732794
0.40385616
0.64470875
0.52647275
""
""
0.44163042
0.61479861
0.45533717
0.58374155
""
""
""
""
0.54414427
0.50847739
0.51559073
0.41589406
0.62977594
0.45970932
0.53365397
0.49832699
0.54681897
""
""
0.52154338
0.50536698
0.57204479
0.48635605
0.48150957
0.54682946
0.46941385
0.546812
0.53252107
0.51593423
0.44765875
0.45987004
0.56099212
0.55973393
0.49179044
""
0.6647613
""
0.59902245
0.65197909
0.57616591
0.46357173
0.60796332
""
0.47276601
0.59435177
""
""
""
""
""
""
""
""
0.59289771
0.52145571
""
""
""
""
""
""
""
""
0.60882938
""
""
""
""
""
""
""
""
""
""
""
""
0.52130699
0.56693822
0.58448792
""
""
""
""
""
""
""
""
""
""
""
""
""
""
0.47267559
""
""
""
""
""
""
""
""
0.68389559
""
""
""
0.63163656
0.76647389
0.72287881
0.66584736
0.51807302
""
""
""
""
""
0.44215748
0.58541471
0.49689892
""
""
""
""
""
""
""
""
""
""
0.42517686
0.50973606
0.49173686
0.42969722
""
""
""
""
""
""
""
""
""
""
""
""
""
""
""
""
""
""
0.39382842
0.58069879
0.46754086
0.39134923
0.50041527
0.55846471
0.5947265
0.57263058
0.52337885
0.5014165
0.60972083
0.5633359
0.48301181
0.45575365
0.55196542
0.35392851
""
""
""
""
""
""
""
""
""
0.68574768
0.57973737
""
0.63562053
0.60268664
0.58923191
0.62401116
0.57018685
0.52226281
0.58150786
0.59086645
0.63026333
0.68488276
0.60423982
0.5758149
0.7039395
0.61856329
0.58366382
0.49808139
0.49813059
""
0.37312156
""
0.49647716
0.66658193
""
""
""
""
""
""
""
""
""
0.68166739
0.65469712
0.67032528
""
""
""
""
""
""
""
""
""
""
""
""
0.56098717
0.70304924
0.51140124
0.58239496
0.55838561
0.51378119
0.53406286
0.57345861
""
""
""
""
""
""
""
""
""
""
""
0.46132845
0.4500609
0.48144963
0.59747547
0.46620506
0.59752548
0.54470623
0.56715673
0.50311172
0.52956337
0.49096382
0.49432591
0.50178254
0.59340614
0.58858067
0.59035689
0.61791188
0.61516595
0.60746896
0.65149057
0.58122641
0.636006
0.53569406
0.60177732
0.60591036
0.53821236
0.59751582
0.59238297
0.59786105
0.62936038
0.63751835
0.60903698
0.58868223
0.57628489
0.59888715
0.53253579
0.51046199
0.54200786
0.62262601
0.58977669
0.54306155
0.64017504
0.62993151
0.67201138
0.65474737
0.57991904
0.65679371
0.59430504
0.56012154
0.62426269
0.59492326
0.57696313
0.66632158
0.62704307
0.65413755
0.67592436
0.51865011
0.57884949
0.43671569
0.64786452
0.67824936
0.64338022
0.62618452
0.60456622
0.61728603
0.57684171
0.66279936
0.6287322
0.62512028
0.66544962
0.63031203
0.69715494
0.60143328
0.62318945
0.62229556
0.67244178
0.6220991
0.66586018
0.62006485
0.6153335
0.67726272
0.64100397
0.58550197
0.63037109
""
0.66163129
0.69104904
""
0.3640148
""
0.57694143
0.59662104
0.59679091
""
""
0.53320163
0.60266328
0.50748622
0.47503284
0.50475186
""
0.66210836
0.65007257
0.66907376
0.66118431
0.58487433
""
0.56303316
""
""
""
""
""
""
""
""
""
""
0.49011716
0.58691436
0.66066259
0.60384262
0.53321058
0.57534277
""
0.48965618
0.64079088
0.57812482
0.61831874
0.57387269
0.60101706
0.58286428
0.54133499
0.52752995
0.59375989
0.5781486
0.58506233
0.56559068
0.60621583
0.60475087
0.57124668
0.62281084
0.5754711
0.58237934
0.58044857
0.5500071
0.54261434
0.45487624
0.5952099
0.61449975
0.62604743
0.6276176
0.61717802
0.59036583
0.59000516
0.62608552
0.60406226
0.67360753
0.66445166
0.68019849
0.54888368
0.58181626
0.56733602
0.62425077
0.58914739
0.64316243
0.60445744
0.55280608
0.52522343
0.53143233
0.60166097
0.63640887
0.66750968
0.6146782
0.56887805
0.66110897
0.65211666
0.5759145
0.56221676
0.60828519
0.6030916
0.63660479
0.58448941
0.58167815
0.56805283
0.54280162
0.5198462
0.56736034
""
0.58961022
0.57365406
0.5330866
0.58199823
0.59620541
0.58112735
0.58152932
0.6024816
0.62056994
0.55217016
0.59380347
0.48032412
0.59486896
0.60836387
0.57711822
0.48888078
0.56140685
0.43810314
0.58166546
0.63363326
0.51690549
0.59874791
0.5934068
0.56672984
0.52138871
0.52929276
0.58997732
0.51729065
0.53743196
0.59765512
0.54897177
0.57919902
0.53132182
0.55082965
0.59565771
0.53220749
0.56785917
0.56036615
0.58684027
0.60392952
0.56446993
0.62429839
0.52658218
0.58853394
0.57553893
0.54249507
0.6135717
0.60573494
0.5492655
0.64351892
0.59876347
""
""
""
0.54193932
0.54794794
0.56534719
0.57668972
0.53726459
0.52338421
0.55097461
0.4386023
0.51705307
0.50517988
0.51577538
0.57186633
0.5755595
0.57695681
0.54334688
0.55996197
0.55212384
0.60217214
0.52905154
0.52721977
0.55812424
0.54173154
0.62640411
0.51302481
0.55634826
0.49509734
0.57628465
0.55815238
0.52536339
0.41084319
0.59395069
0.58764881
0.58366513
0.61810881
0.56025892
0.6194002
0.59492362
0.59352994
0.65801996
0.63421941
0.65798742
0.62992448
0.57583666
0.55773121
0.56076258
0.59193724
0.62654167
0.66114336
0.6593563
0.6757316
0.6875754
0.62632829
0.59541523
0.55275053
0.63845009
0.57192862
0.49097857
0.53641433
0.47250289
0.50881475
0.46746719
0.5605458
0.68271732
0.5925836
0.6179018
0.59963685
0.60522014
0.62788093
0.61786538
0.60888404
0.56922817
0.55437082
0.63736582
0.63414615
0.48608854
0.55579776
0.6175068
0.55308092
0.5477016
0.56965017
0.63709158
0.65586555
0.64785814
0.55919403
0.60681778
0.65989602
0.57657385
0.61058444
0.46407384
0.62199348
0.55981553
0.5772289
0.56617188
0.55981034
0.54567122
0.61384898
0.56517434
0.55773854
0.59339607
0.56430137
0.55149943
0.49413189
0.45750156
0.52673531
0.5130744
0.5603112
0.62544978
0.51707059
0.49101859
0.63235611
0.55091816
0.63123488
0.63240761
0.62962466
0.595411
0.58253646
0.53169835
0.52249551
0.54498094
0.62541032
0.60812652
0.60493875
0.61272609
0.57301569
0.62562299
0.64443654
0.66426814
0.64416093
0.68494147
0.60074127
0.65204436
0.63058215
0.64960271
0.60149318
0.5803706
0.52277625
0.60097635
0.46829715
0.60214448
0.60364681
0.60937172
0.63403171
0.65987146
0.65497297
0.63388729
0.61413908
0.62034708
0.53721225
0.62265819
0.63479602
0.6507529
0.57642621
0.49750799
0.47373843
0.57884073
0.58432549
0.55337602
0.66672301
0.61529434
0.51825494
0.61819685
0.65113592
0.51536471
0.5952751
0.62542742
0.59465706
0.60514116
0.55229038
0.4759379
0.59185827
0.58156651
0.58775485
0.61759287
0.60370791
0.57026225
0.61222786
0.52605259
0.62378901
0.60364282
0.62476927
0.59861141
0.64113027
0.55705714
0.6103794
0.64194763
0.60067576
0.62064427
0.63040161
0.58121109
0.61256897
0.60150617
0.52971613
0.60855663
0.56473947
0.62497163
0.55220002
0.57345748
0.63842988
0.51802135
0.62241107
0.60873264
0.59442717
0.61092705
0.60766488
0.56598145
0.62426656
0.59273016
0.59396529
0.59388775
0.50105304
0.40526721
0.48908639
0.48659545
0.543679
0.44916326
0.34389138
0.64837992
0.53160512
""
0.53420407
0.50586474
0.53071308
0.54761118
0.49970791
0.48323765
0.64156377
0.62844968
0.69243944
0.59569621
0.68406075
0.56372279
0.63592929
0.64043581
0.61453021
0.61967862
0.64028388
0.60823429
0.63855851
0.61362851
0.59808207
0.58276767
0.6140157
0.56151968
0.59969789
0.65638715
0.59893233
0.62314844
0.63525528
0.58396018
0.57496899
0.63005292
0.57407153
0.57845253
0.58737063
0.60359466
0.56843334
0.67188942
0.53593701
0.62668657
0.65070873
0.60722965
0.61421281
0.59983289
0.62806141
0.62984324
0.64112782
0.64776051
0.57179725
0.607476
0.59841728
0.60635972
0.58079588
0.69408947
0.60464782
0.64406174
0.64020765
0.67010742
0.65615755
0.60847968
0.65077782
0.56338447
0.5475831
0.6187641
0.60738742
0.58696389
0.58024061
0.60196692
0.617486
0.58139962
0.58718115
0.58062088
0.5896908
0.58878356
0.64151603
0.64750648
0.64686251
0.62590283
0.58452809
0.59080046
0.58691275
0.62050533
0.64209002
0.65372914
0.55916715
0.61777163
0.5969882
0.58506048
0.58509171
0.58765537
0.60966259
0.65423238
0.58510512
0.57005459
0.51040161
0.59618217
0.62303317
0.59087688
0.58873552
0.58703351
0.55058426
0.53559631
0.58897537
0.62746441
0.58194155
0.66784251
0.67609698
0.63900894
0.52466834
0.58478421
0.57277817
0.61083412
0.62243193
0.62479669
0.59114581
0.50123161
0.53971589
0.58547837
0.52000576
0.58320719
0.61245918
0.57938653
0.57019383
0.56896448
0.5964641
0.68540394
0.63708168
0.54801917
0.58819282
""
0.62170643
0.63585365
0.64547288
0.58264148
0.55288994
0.53165555
0.59873629
0.60314465
0.52842027
0.56168163
0.65589136
0.60759008
0.63791472
0.52555287
0.65353411
0.55812055
0.61222321
0.56192851
0.54531121
0.56356072
0.57390064
0.58404428
0.47992796
0.57573611
0.46360302
0.50302529
""
""
""
""
0.64437002
0.50330305
0.55003732
0.39094347
""
0.49054506
0.36429411
0.60326344
0.47680107
0.47681689
0.47194067
0.4395099
0.4760251
0.62212759
0.52149034
0.47869238
0.55479574
0.59317595
0.55244166
0.54208153
0.48319274
0.51477915
0.49881747
0.47566336
0.53407127
0.53869307
0.65196395
0.5601185
0.66654611
0.65978944
0.4854475
0.61165631
0.67645973
0.54702955
0.55647016
0.58007061
0.56709814
0.55229652
0.5399127
0.58771807
0.58337599
0.49093932
0.53652865
0.55249226
0.45601124
0.57969773
0.60626316
0.65221971
0.68666488
0.65666068
0.62720871
0.60570985
0.68091589
0.61182755
0.64831698
0.61832076
0.59209663
0.65341169
0.62425774
0.61714798
0.64220572
0.63420147
0.60372567
0.58136219
0.57101882
0.55206609
0.59387195
0.64704889
0.62673223
0.65605116
0.63204944
0.61191756
0.62844026
0.57055092
0.58291215
0.62298566
0.63011807
0.59754866
0.63739598
0.63763344
0.61683261
0.58175874
0.56309319
0.58013517
0.58197558
0.59792274
0.62388557
0.64522064
0.53158855
0.59778434
0.51922369
0.59222513
0.6671505
0.62856901
0.68645763
0.62540954
0.64721888
0.55157572
0.62217063
0.56843019
0.52224064
0.53427899
0.55978364
0.48213491
0.55908358
0.58242643
0.54571319
0.54831892
0.57380718
0.5656243
0.51760632
0.51819104
0.54878157
0.5774647
0.6367622
0.48726061
0.6062628
0.63711345
0.60179681
0.58547682
0.65055388
0.49393219
0.6445263
0.48769587
0.60267556
0.52230966
0.52015078
0.47693878
0.44874054
0.45842248
0.58696377
0.58482194
0.60646808
""
0.60994661
0.61315089
0.63667715
0.60902548
0.67780691
0.6322872
0.59719831
0.56171799
0.56803989
0.55166095
0.55728382
0.58750981
0.6228016
0.63008809
0.61045295
0.54849023
0.55146539
0.58971965
0.53638315
0.5725224
0.54516256
0.58793193
0.61513758
0.53092164
0.63094121
0.55453432
0.58424705
0.50866902
0.50464553
0.52083075
0.55369037
0.53311223
0.51835716
0.5516969
0.55287141
0.5705533
0.49732858
0.5024243
0.59739655
0.53741652
0.54933226
0.55881697
0.50046462
0.5756191
0.54136115
0.49753976
0.53505284
0.58289367
0.58301014
0.53215516
0.5578295
0.63322675
0.60410732
0.61414272
0.60579854
0.5957405
0.59211642
0.52358615
0.55139571
0.46673879
0.56849021
0.52012891
0.55788356
0.55392528
0.59654862
0.52708095
""
0.5140717
0.58793765
0.5559594
0.41993412
0.27350193
0.36202639
0.44960818
0.52048743
0.48297498
0.56427217
0.53838336
0.55794477
0.55278188
0.51848501
0.50089878
0.47500545
0.44126925
0.55424869
0.48182437
0.52986175
0.48095876
0.50264937
0.55340064
0.5240137
0.5725531
0.60268134
0.59185225
0.47982612
0.55363369
0.47585467
0.5393312
0.53429085
0.48384717
0.4584541
0.40379062
0.45115834
0.56460989
0.49252912
0.4690837
0.47470593
0.51138759
0.55423373
0.52438605
0.59618372
0.55095994
0.5819068
0.50842935
0.56128424
0.51243132
""
0.62476325
0.55670154
0.50748324
""
0.52604568
0.57770109
0.58728784
0.45033851
0.51360863
0.50768626
0.47728279
0.54158598
0.56841677
0.52471006
0.60484791
0.53683645
0.51731628
""
0.50274992
0.53583556
0.62416017
0.59507191
0.55078644
0.50024974
0.52027011
0.67177266
0.61118853
0.65595567
0.56747156
0.54685652
0.61686379
0.56499076
0.58733368
0.59443265
0.55559337
0.65271187
0.56890088
0.62682301
0.53980792
0.59629238
0.52773374
0.53422028
0.42192373
0.58827627
0.54564399
0.53680795
0.56416559
0.6295985
0.62015295
0.49344009
0.57155585
0.50271934
0.47614396
0.55964035
0.54478621
0.55358827
0.51617461
0.47986042
0.51325881
0.49751303
0.55124772
0.54159248
0.5316059
0.52407408
0.49927026
0.56962013
0.59535629
0.59247279
0.60961968
0.51721114
0.53053361
0.54467201
0.43883672
0.46291277
0.52956831
0.52219605
0.52429038
0.53991097
0.54373258
0.58541363
0.5614959
0.58059317
0.51409662
0.50702184
""
0.52907914
0.56986016
0.61024994
0.58482599
0.56595916
0.62185657
0.59008044
""
0.34429076
""
""
""
""
""
0.50313663
0.5580458
0.51805711
0.49651146
0.60655886
0.57771772
0.54940414
0.57221144
0.48798555
0.52925426
0.62656987
0.72718334
0.51070434
""
0.5798257
0.50855446
0.5293563
0.50152808
0.63011581
0.51529098
0.56612664
0.54286623
0.53561145
0.52994335
0.48736998
0.57056206
0.57508397
0.48029539
0.48791587
0.41194576
0.44388789
0.45995891
0.56153911
0.5609284
0.50784963
0.51717138
0.48866296
0.51448506
0.54395461
0.48645544
0.55129331
0.49108836
0.4373686
0.46488655
0.52921247
0.47528094
0.5070079
0.53466928
0.42790142
""
""
0.5996955
0.50788015
0.58513618
0.58655006
0.61504233
0.55459493
0.56042123
0.56663716
0.62174988
0.56768996
0.48826686
0.56150645
0.57634705
0.60097927
0.57659811
0.48983538
0.49150428
""
""
""
0.52249086
0.5939061
0.42629278
0.52890009
0.53895533
0.57428855
0.53066003
0.44409057
0.4856427
0.46050727
0.53925645
0.43160585
0.40877452
0.52496523
0.50860208
0.51280797
0.41929099
0.47305572
0.44438502
0.50066793
0.52608371
0.54226911
0.59500635
0.49392164
0.52512944
0.46833166
0.50221455
0.53582352
0.53691971
0.53759837
0.47606081
0.51706493
0.54349518
0.49638429
0.55061966
0.49708048
0.53676039
0.52991718
0.64747089
0.5812217
0.49350208
0.5419414
0.54077899
0.53176105
0.50195718
0.51875859
0.48531067
0.54086101
0.48310497
0.57131577
0.54320323
0.49945226
0.51389593
0.48686993
0.47377172
0.46831375
0.58425355
0.50223738
0.53019011
0.52494729
0.5622623
0.57926047
0.49223429
""
0.52775466
0.48252884
0.52793151
0.5765835
0.45837528
0.4941175
0.53635037
0.50061828
0.52960324
0.47756907
0.44090825
0.51617521
0.42619398
0.49020526
0.48366821
0.58654761
0.58105415
0.54105741
0.56829017
0.52286184
0.57043624
0.55822593
0.5718503
0.53838927
0.56611085
0.52337432
0.56065863
0.5178507
0.53986651
0.57089758
0.58782566
0.57328266
0.58619696
0.53087753
0.51649535
0.5425874
0.69025159
0.54200321
0.60637265
0.57555974
0.62130427
0.53424227
0.54067624
0.53791821
0.51967144
0.54574823
""
0.5477041
0.51014882
0.51389033
0.59003723
0.49297237
0.58141828
0.60291737
0.53884053
0.50237167
0.53231585
0.47420111
0.60614127
""
""
""
0.45818022
0.51704532
0.62483716
0.54722941
0.59849393
0.53835744
0.54280937
0.51764429
0.49573159
0.52169865
0.53282261
0.49983644
0.54351455
0.56299645
0.54273629
0.50835156
0.56068575
0.48922959
0.54356825
0.51863879
0.57592762
""
0.48060504
0.57299304
0.57417411
0.52871907
0.57753116
0.50373888
0.50428879
0.56041735
0.61919957
0.56161314
0.54650033
0.45902884
0.50379407
0.52609551
0.51215559
0.47865203
0.7070325
0.50320613
""
""
0.45745331
0.6383912
0.52979672
0.62704182
0.60228473
0.56867558
0.57384759
0.52466172
0.57516688
0.57772082
""
0.51665127
0.53272367
0.53018343
0.56244618
0.57216638
0.54858375
0.57684755
0.54308528
0.51335841
0.61153913
0.38437834
0.43336904
0.40383086
0.54954332
0.40134388
0.36935288
0.47154206
0.46529078
0.4474434
0.38537177
0.38496032
0.52609146
0.40896153
0.46305379
0.45553696
0.52295315
0.5015071
0.50236517
0.5268802
0.56934398
0.43605667
0.57883751
0.55171746
0.54007459
0.54873973
0.57405049
0.60603589
0.63095671
0.54467767
0.55569732
0.5870924
0.5698787
0.59713411
0.59673625
0.62344497
0.6330868
0.58596879
0.61580998
0.66269189
0.59354317
0.64154518
0.49780464
0.5374676
0.5419715
0.50041223
0.5702728
0.4496333
0.60501385
0.54165125
0.57363057
0.58979142
0.52853048
0.59032267
0.54394412
0.62947434
0.50886703
0.50933897
0.52042145
0.47796935
0.45209172
0.45517439
0.49719769
0.47907647
0.46886253
0.47715044
0.42649692
0.39445266
0.51491135
0.48537275
0.49772844
0.56323403
0.47349456
0.56882018
0.53523177
0.53463238
0.47276014
0.48879379
0.50904238
0.49253505
0.4789069
0.48375735
0.59442681
0.47449479
0.53278732
0.50842339
0.51225352
0.47102356
0.5376513
0.52778465
0.51853228
0.54643333
0.42942128
0.48691708
0.58920407
0.48080006
0.47949523
0.53765541
0.54276341
0.51175189
0.50650615
0.44279873
0.56385535
""
0.5274936
0.50351554
0.49959058
0.50734538
0.46123338
0.53555721
0.49661347
0.47819972
0.51261741
0.51888704
0.3975589
0.51383454
0.53611606
0.43926075
0.49184373
0.54414165
0.59751242
0.4961127
0.59148961
0.52812696
0.55537683
0.52136582
0.43701044
0.45026645
0.4250316
0.46989468
0.54655993
0.45995709
0.43177268
0.52417201
0.54668063
0.57208371
0.45064333
0.48618993
0.44764823
0.50446588
0.45830762
0.50683063
0.52222836
0.57750148
0.48119611
0.47264269
0.49236989
0.43906286
0.53491747
0.49416277
0.57363838
0.52366942
0.5469774
0.544128
0.52311271
0.59285814
0.45448336
0.43921161
0.46924719
0.5253796
0.51416212
0.49270576
0.5230481
0.56329119
0.55856127
0.44372633
0.50726151
0.48153493
0.44113737
0.46396059
0.48303685
0.4833037
0.51385528
0.52688277
""
0.47023889
0.51433349
0.5438866
0.5198729
0.56556231
0.52617341
0.49303329
0.57531095
0.59268749
0.51673144
0.53669572
0.52656746
0.506356
0.5020141
0.52982032
0.52446085
0.49612999
0.5295276
0.6001569
0.49626011
0.49794507
0.49641326
0.50158066
0.42015171
0.49814051
0.38886124
0.39090729
0.56698471
0.49879876
0.52062428
0.54664791
0.57456434
0.53629225
0.50304574
0.53284109
0.46227288
0.48181489
0.5157693
0.47681707
0.54324508
0.50309455
0.5804798
0.51245648
0.45177764
0.49979448
0.50138211
0.53550863
0.52979624
0.37409517
0.50474292
0.46649832
0.52029175
0.5474878
0.53243434
""
""
0.49198383
0.54520494
0.55800593
0.49081749
0.45705944
0.59840733
0.54933107
0.6121763
0.52431226
0.55947012
0.57972223
0.51839191
0.53514415
0.60428113
0.55825633
0.51318318
0.41933873
0.51395494
0.52612275
0.48762089
0.48293313
0.47122425
0.44435018
0.46840683
0.45898333
0.51187396
0.55343097
0.46818614
0.45838663
0.49655914
0.46264061
0.51825166
0.53515065
0.50100869
0.50664461
0.57386553
0.50268483
0.6488415
0.56553823
0.58133245
0.6304974
0.60570538
0.61758584
0.64615655
0.50184572
0.54848719
0.58226031
0.57450336
0.61400378
0.54709023
0.58993226
0.61252397
0.59332114
0.59699672
0.58705014
0.65349501
0.58309591
0.60514063
0.6133635
0.59182179
0.61700273
0.56652701
0.61943662
0.54161668
0.62259567
0.51449817
0.52256006
0.57961488
0.48556113
0.51110536
0.61843121
0.48878658
0.54492551
""
0.58981472
0.48823753
0.6005286
0.49283189
0.53806788
0.52305162
0.42917293
0.49778262
0.53089869
0.34151471
0.45521122
0.46969154
0.41955769
0.51613653
0.54955959
0.40209305
0.54987091
0.54581302
0.60445625
0.45389169
0.5982039
0.52396631
0.52656901
0.59590781
0.60624361
0.57401037
0.51778829
0.5225718
0.53762639
0.4849408
0.50661403
0.48199734
0.60387522
0.520652
0.47378752
0.52212489
0.51270652
0.54160357
0.51014501
0.49947479
0.49963018
0.54335696
0.52090502
0.50484824
0.54810369
0.5479055
0.57514542
0.57279736
0.54192495
0.58898914
0.58760357
""
""
""
0.59177852
0.48548302
0.52965665
0.53351849
0.56262863
0.56193149
0.61380845
0.50225365
0.50080717
0.49316013
0.47382432
0.46783066
0.45972547
0.45473877
0.44733861
0.49114415
0.52825677
0.50645059
0.47612518
0.4665381
0.48837838
0.51827204
0.49740955
0.55519336
0.53405142
0.47304893
0.48763317
0.51907551
0.57785046
0.53054434
0.39715287
""
0.5526734
0.52123368
0.54074043
""
0.55456144
""
0.34126154
""
0.6188122
0.46934119
""
""
0.527969
0.57621461
""
""
0.51660562
0.47708991
0.547382
0.60358763
0.56419027
0.44049957
0.42575461
0.42606133
0.57167822
0.39955685
""
0.6747992
0.56727988
0.58883357
0.57718146
0.58136606
0.57089692
0.49746668
0.56091952
0.58465487
0.59895331
0.60374045
0.54794276
0.52044511
0.56754661
""
0.57330835
0.4886815
0.4529382
0.58245438
0.58628517
0.55745304
""
0.55299705
""
""
""
0.48868319
0.33501467
0.54141146
""
""
""
0.56302387
0.61380363
0.65562034
0.62683225
0.58965558
0.51449859
0.56990415
0.44413099
0.5579623
0.53734702
0.6042636
0.54448402
0.65735054
0.56077975
0.53549999
0.59269905
0.58015472
0.61119521
0.56491506
""
0.53132099
0.51053369
0.58404827
0.57773107
0.48252136
0.51152295
""
""
0.51913166
0.45190582
0.50424635
0.48457992
""
0.48885784
0.55101532
0.51097155
0.55088824
0.51843095
0.39821762
0.37004527
""
0.45653102
0.52992898
0.57726347
0.55294538
0.50171238
""
""
""
0.52718258
0.5997383
0.5745495
0.62314767
0.58166689
0.5686087
0.56255126
0.49586445
0.48596126
0.47102088
0.40486759
0.46071297
0.58301449
0.43420008
0.4937785
0.61457294
0.56031173
0.53936183
0.59777421
0.54277045
0.54422414
0.61776072
0.54671073
0.53697598
0.51996684
0.55668354
0.50563133
0.51553857
0.49306297
0.52509236
0.53271157
0.5571599
0.50958556
0.54523963
0.49966773
0.54531455
0.52823782
0.53330964
0.51477778
0.54066753
0.52671236
0.53107691
0.47603023
0.52685183
0.51671636
0.53172839
0.42152748
0.60839725
0.6105479
0.5632323
0.53711802
0.57583171
0.54318404
0.47458622
0.53056973
0.56593829
0.57320821
0.50367928
0.56544322
0.54892254
0.52996641
0.55066901
0.53795111
0.63992953
0.49621725
0.47964019
0.52796078
0.55317223
0.57867086
0.46633381
0.50425667
""
0.2859441
0.58234715
0.55127174
0.59173596
0.4840419
0.523655
0.45701525
0.49843615
0.55951679
0.5574345
0.44935471
0.50851673
0.45033881
0.50610363
0.50211167
0.50282347
0.50951064
0.54863006
0.58655667
0.67064822
0.55545247
0.54004943
0.48300079
0.40211025
0.58783609
0.56986934
""
0.63197315
0.58730602
0.45018938
0.48828068
""
0.60724944
0.50822967
0.47975603
0.60697407
0.61226547
0.56293273
0.54126233
0.51699579
0.58856547
0.61008376
0.57960212
0.62236971
0.58951825
0.55382705
0.60589528
0.61460906
0.55278939
0.56939131
0.47534037
0.60313636
0.57828575
0.53324586
0.51521581
0.49471459
0.53765702
0.4789187
0.49510562
0.55320311
0.64590448
0.50102025
0.50274622
0.48071328
0.49864277
0.47417271
0.55321914
0.52057725
0.58990091
0.52809215
0.4320007
0.53529692
0.51777643
0.65308523
0.6060825
0.59454477
0.57025623
0.55883676
0.60817879
0.61877722
""
0.58549124
0.58428669
0.65614259
0.61134571
0.60973406
0.5541361
0.58175802
0.63503933
0.62145102
0.62545365
0.62695575
0.55151004
0.59365493
0.59197193
0.61247849
0.62088609
0.62967557
0.57070076
0.58581775
""
0.64050514
0.59080905
0.731372
0.64306915
0.6099304
0.59044105
0.61728412
0.59462309
0.61754698
0.52548319
0.59534639
0.59139788
0.64934599
0.55185664
0.52944022
0.59378195
0.58530194
0.62945598
""
0.61094773
0.64552665
0.6064468
0.59490085
0.58426404
0.60654414
0.60944289
0.64229429
0.52954441
0.53384197
0.56223601
""
0.47022808
0.64970732
0.65716439
0.60570771
0.64083844
0.60965508
0.63044852
0.62354416
0.64188266
0.63202256
0.54685128
0.60006654
0.59980321
0.62742716
0.59118718
0.62014979
0.64626342
0.61224443
0.63029903
0.62505847
0.57432455
0.58259583
0.58529854
0.62934935
0.6374405
0.64050949
""
""
0.61166954
0.5110864
0.61300474
0.62709427
0.60932946
0.61733282
0.60337448
0.59984446
0.59095293
0.63668317
0.5942381
0.60371602
0.59126604
0.63071239
0.56791347
0.66189235
0.59637302
0.63186705
0.67770803
0.56839633
0.58954644
0.6278857
0.62825471
""
0.60868156
0.67020696
0.59607893
0.64536685
0.5983637
0.57170469
0.56663465
0.6030587
0.57962757
0.54012585
0.62174058
0.62614971
0.47301719
0.50535148
0.53194577
0.49413192
0.55661911
0.54022914
0.59398788
0.57630497
0.59070712
0.51396501
0.50895011
0.54445976
0.50834125
0.53755122
0.48887041
0.57819265
0.60035968
0.6431368
0.59906954
0.59849346
0.60984665
0.53666288
0.60098815
0.59943402
0.60296118
0.61785555
0.58749741
0.56481689
0.64193821
0.58073986
0.61286879
0.63596088
0.60953635
0.61641651
0.61205643
0.66672391
0.60942
0.7117812
0.63293266
0.5934236
0.64733696
0.57863981
0.59297985
0.63812447
""
""
""
0.51607132
0.48179302
0.4762426
0.46647429
0.58193558
0.51457649
0.53703547
0.57282084
0.62391078
0.61256152
0.55587107
0.48936284
0.62249219
0.62719315
0.63856924
0.55414182
0.59639639
0.6327768
0.61971372
0.5277546
0.50512326
0.57413167
0.58505327
0.61247957
0.60230136
0.59496862
0.61464435
0.55823958
0.63471681
0.58653754
0.66012853
0.66469032
0.64414555
0.58752942
0.66844219
""
""
0.57815772
0.57593375
0.6278398
0.61293042
0.61572134
0.58037043
0.59986633
0.6455946
0.58154821
0.5461539
0.63063997
0.59694785
0.61387664
0.59329975
""
0.56054902
0.6051386
0.59985465
0.49406999
0.50060612
0.46877998
0.56447423
0.39922133
0.52091551
0.49325711
0.54191852
0.48313805
0.49420708
0.49098197
0.48590887
0.50960326
0.47848645
""
0.52342999
0.49069339
0.50899249
0.5085277
0.5125646
0.5207206
0.44715595
0.54831892
0.55110449
0.48607656
0.46733016
0.52240968
0.4851037
0.50447428
0.48006564
0.53051579
0.4461492
0.48072523
0.52169979
0.46890166
0.47177887
0.49811789
0.46533632
0.44880489
0.48151997
0.44223636
0.53346038
0.52060294
0.53317851
0.51777792
0.59652084
0.4497048
0.48424736
0.47743616
0.43320891
0.46997002
0.51333445
0.49063131
0.51630515
0.50174648
0.48660514
0.53232503
0.51975298
""
0.5132724
0.55881834
0.39883947
0.41183475
0.51232582
0.52378637
0.40460381
0.43023911
0.52055138
0.44936562
0.50248253
0.52452821
0.51586181
0.50628221
0.53372991
0.54383165
0.51184314
0.48784968
0.48858577
0.40935186
0.45155495
0.49501163
0.49171486
0.4581885
0.41065219
0.45091256
0.48160025
0.44841644
0.44720632
0.46527413
0.52476829
0.49162796
0.55668974
0.50152344
0.52802074
0.45181647
0.56713492
0.46215218
0.53458679
0.51327842
""
0.42196408
0.49412563
0.47234428
0.4564434
0.44742596
0.48282379
0.48340765
0.52240956
0.49391299
0.45217836
0.45024884
0.41582164
0.44894367
0.47669101
0.4430753
0.51309162
0.424887
0.48126075
0.54294086
0.48280251
0.5272882
0.51482379
0.49474311
0.50544423
0.43802866
0.52677208
0.52789497
0.55696917
0.52586836
0.4808709
0.4578431
0.50744939
0.42259797
0.4532904
0.46986282
0.45027253
0.46018976
0.43040583
0.47000995
0.45376843
0.46014145
0.39565662
0.47837758
0.43556494
0.44196111
0.46936285
0.45390773
0.44255003
0.48437041
0.52008921
0.4520669
0.50419873
0.57222056
0.50484955
0.56319088
0.55730456
0.5484364
0.46997213
0.58013612
""
0.53019691
0.45918059
0.53331453
0.49585882
0.48734519
0.51299018
0.51587093
0.44949934
0.47091281
0.44227326
0.4355568
0.48438662
0.46360523
0.50712967
0.5311985
0.48642677
0.55032587
0.48403966
0.50028706
0.55943799
0.51008564
0.49202541
0.45518321
0.50013262
0.58526391
0.55332404
0.53169864
0.53075945
0.45922938
0.42333066
0.4836171
0.50515246
0.50356704
0.49756318
0.46975988
0.46371877
0.55110586
0.52793747
0.52930719
0.35175914
0.45940956
0.44833875
0.46657214
0.49390879
0.43249711
0.37873584
0.42814952
0.48713583
0.47585002
0.45596796
0.45241493
""
0.4525598
0.42734861
0.49789631
0.40771079
0.37134984
0.3489846
0.31920454
""
0.49627793
0.50260955
0.460246
0.41243675
0.53561234
0.43504179
""
""
""
""
""
""
""
""
""
0.51809072
0.49088669
0.55143505
0.57164049
0.52350897
0.55430466
0.5499047
0.51314324
0.49835443
0.51740617
0.55416363
0.47815222
0.49155098
0.54999942
0.51677221
0.56090194
0.57037246
0.54946113
0.53423125
0.53765899
0.52517933
0.55821949
0.55146426
0.52695578
0.5031876
0.47590098
0.53197426
0.67057467
0.52327788
0.47349203
0.46461925
0.51187181
0.47065714
0.47555855
0.42802998
0.33909866
0.28945559
0.49089536
0.60994518
""
0.66384768
0.61137807
0.59614372
0.50018501
0.48021445
0.46366748
0.51505917
0.40287322
0.54004699
0.47443593
0.45239806
0.62871927
0.57398194
0.51727915
0.65386122
0.60584724
0.59667128
0.44271907
0.61012679
0.6156255
0.56078506
0.53696173
0.55989629
0.54856098
0.53673261
0.50652456
0.57909757
0.60788274
0.59858614
0.54097253
0.51839173
0.6426546
0.71436948
0.58411694
0.62916374
0.60167027
0.5971511
0.61127263
0.57035667
0.57957995
0.54357123
0.54115134
0.52513766
0.46972433
0.4627687
0.41252467
0.52778226
0.56483871
0.47924703
0.5099203
0.53655648
0.5478313
0.4475269
0.58419007
0.55818528
0.54839194
0.6253559
0.50899112
0.41842434
0.41738129
0.46924421
0.5107801
0.46544787
""
""
0.56046218
0.51089537
0.45921099
0.48521259
0.48287833
0.484258
0.46258304
0.48016047
0.53479898
0.4723354
0.53824133
0.58955717
0.49393976
0.51783001
0.52874362
0.49968779
0.49147269
0.51071018
0.49116132
0.53876126
0.49043745
0.52330452
0.50953102
0.48473915
0.53595525
0.53942388
0.4856565
0.49243602
0.49392411
0.55610669
0.5545426
0.56906247
0.45681667
0.53447652
0.55275214
0.63421977
0.52917099
0.3701213
0.39980432
0.46500748
0.43995783
0.47604945
0.54163963
0.52979398
0.48107708
0.54492104
0.49738038
0.49883762
0.55630112
0.4927052
0.52232695
0.48333469
0.50181013
0.50742966
0.53960025
0.61750358
0.47929022
0.5146628
0.52064759
0.53100097
0.48367715
0.56100124
0.4921295
0.5231244
0.55921304
0.48486423
0.53765005
0.51971924
0.49057293
0.49680835
0.5174101
0.46085006
0.51021349
0.50749218
0.41466993
0.44119272
0.38194013
0.48429134
0.52123624
0.52526206
0.4875043
0.47719949
0.48679879
0.4441053
0.46520871
0.45514998
0.50456548
0.49742487
0.44335824
0.41343075
0.50012702
0.41634679
0.46737492
0.42039052
0.53997451
0.42649105
0.45173126
0.35449418
0.51418775
0.51198328
0.46963745
0.4851101
0.37015072
0.53620887
0.46524262
0.50920469
0.51919836
""
0.47520834
0.52610183
0.36861938
0.44604465
0.60882962
0.47995934
0.48940229
0.51431686
0.49285549
0.47957206
""
0.36562055
0.39573917
0.45267916
0.40673417
0.45068178
0.4529306
0.52153683
0.54967248
0.48263264
0.54725146
0.4862304
0.53340673
0.50824314
0.49076173
0.53639805
0.54225445
0.51225823
0.57343376
0.53892696
0.50954229
0.45978221
0.56047374
0.51104385
0.57270956
0.53993315
0.58393967
0.47804359
0.4723787
0.54974216
0.50354743
0.46929431
0.50416982
0.47015753
0.48103565
0.42892644
0.47548342
0.53880239
0.53726184
0.56787837
0.55453807
0.54765314
0.52008343
0.50404441
0.49178821
0.49653968
0.55429661
0.57016098
0.6097272
0.56096339
0.53897607
0.51294214
0.52760088
0.53861678
0.51817536
0.53043604
0.42030543
0.50308049
0.55807376
0.56483269
0.4866173
0.54044265
0.50643426
0.49526209
0.62534928
0.51387709
0.50858742
0.41766903
0.48001176
""
""
0.4468419
0.40154368
0.50678247
0.4577606
0.53495634
0.5292123
0.50028366
0.47261414
0.4946593
0.49850303
0.53559285
0.46645093
0.47881919
0.49035737
0.48539123
0.45970413
0.46061224
0.43940216
0.50164652
0.45877689
0.47658312
0.48274612
0.51602942
0.51186675
0.43811578
0.46852425
0.44844797
0.47706679
0.46686444
0.58560401
0.49105069
0.57611489
0.43225533
0.51613247
0.56213999
0.48396277
0.52275157
0.46746576
0.46083167
0.522062
0.46711403
0.48490617
0.43418849
0.42531171
0.50681967
0.52357507
0.43574026
0.51859367
0.53075135
0.47578949
0.52633417
0.50829762
0.47259602
0.4655019
0.55573493
0.51421332
0.54503298
0.51684463
0.52787715
0.53485441
0.52219325
0.5658794
0.44647086
0.41904429
0.46023834
0.45611328
0.453917
0.45382491
0.49193969
0.50083274
0.48884276
0.48142177
0.50209987
0.48319393
0.50806946
0.44885364
0.47697455
0.42684829
0.43030047
0.40915531
0.51891911
0.38384071
""
""
0.3689397
0.40400884
0.41869727
0.36458167
0.45741698
0.35642502
""
0.39021647
0.45277554
0.43371761
0.35601297
0.43223131
0.39850718
0.38562098
0.44518968
0.47098938
0.45871204
0.42477676
0.50247854
0.46286288
0.53332567
0.54782528
0.4872531
0.48573866
0.5274964
0.45126086
0.43107182
0.4994075
0.48457432
0.4240891
0.53052497
0.53626645
0.54528952
0.56602526
0.54990029
0.49236658
0.49319181
0.53795308
0.48123848
0.58960253
0.52692509
0.54123014
0.51621354
0.51395237
0.46846592
0.44111753
0.51541048
0.44883069
0.57534182
0.50144124
0.47493964
0.50817496
0.50633818
0.47252551
0.4648383
0.48149198
0.44165275
0.48951954
0.45344138
0.50758123
0.56119865
0.53942519
0.56294662
0.65510112
0.58025181
0.58083922
0.64765179
0.5474382
0.60656166
0.535936
0.54296494
0.60858393
0.6429531
0.62144518
0.67820656
0.60536176
0.6306206
0.52369094
0.53976905
0.53929949
0.57968241
0.54348898
0.50570107
0.56291157
0.53535885
0.53302681
0.48522797
0.53745228
0.49968371
0.54295832
0.51928514
0.56073517
0.55323279
0.45412824
0.46635738
0.52139795
0.50258595
0.52380699
0.485315
0.53596359
0.5216195
0.42905104
0.36853424
0.36703944
0.33492365
0.53261334
0.38951543
0.51825225
0.42738989
0.44883075
0.51401812
0.53969115
0.53917003
0.48981625
0.56075412
0.58840573
0.46784604
0.50811064
0.57376379
0.50510848
0.48184061
0.4924733
0.50303757
0.5014711
0.46167007
0.49091017
0.42516488
0.54873556
0.48676604
0.47586024
0.47932851
0.45993969
0.54923564
0.53445619
0.49137506
0.54058343
0.55701131
0.50567657
0.509395
0.53380758
0.48806843
0.49067411
0.49274817
0.48617446
0.49297789
0.50311601
0.5075267
0.52678084
0.48208112
0.45866454
0.50685239
0.47997218
0.51953357
0.47816724
0.52448338
0.51114029
0.55780005
0.5331831
0.52322543
0.47970241
0.51993561
0.4659813
0.43825921
0.5033527
0.50265777
0.52154702
0.5201447
0.48481834
0.46356344
0.50900877
0.50564891
0.44925997
0.54892349
0.49873224
0.55543655
0.51142198
0.4291423
0.41370714
0.43709674
0.51976967
""
""
""
0.53123957
0.48451212
0.58032012
0.52821666
0.56409782
0.59501636
0.59208065
0.62478715
0.55543578
0.53999835
0.55590975
0.56040561
0.67258042
0.54949886
0.53994149
0.51802111
0.54648757
0.49557146
0.49654233
0.51319116
0.51093256
0.48066977
0.52931106
0.49525648
0.55652159
0.40883368
0.51041645
0.49327785
0.53175962
0.5548026
0.52457744
0.5736112
0.54220223
0.52485967
0.43954536
0.50511777
0.44243911
0.57393163
0.51447749
0.50541931
0.45484525
0.49787068
0.56698376
0.53111261
0.50352269
0.5251404
0.46234822
0.52426457
0.46974209
0.49836817
0.49141455
0.44062743
0.45774001
0.54186791
0.49463707
0.46826613
0.43273121
0.5050087
0.43881115
0.53901899
0.60968131
0.53107184
0.49459776
0.42527848
0.47313356
0.49636656
0.51252264
0.50441062
0.48893002
0.54068321
0.62111455
0.48236662
0.49692196
0.43847346
0.48747188
0.506082
0.56434333
0.59698951
0.52979892
0.50793451
0.49374926
0.52620178
0.57000792
0.5961166
0.59551591
0.55077446
0.5365842
0.54054374
0.5158568
0.58024043
0.59771478
0.51772332
0.56563914
0.53068489
0.59119868
0.49928412
0.44877267
0.49769911
0.51005685
0.54622328
0.56102449
0.5118469
0.52045268
0.48574665
0.5168342
0.48305631
0.48301139
0.54929924
0.49854079
0.49008125
0.49861664
0.48813313
0.51582032
0.45958236
0.44994822
0.44909891
0.42735302
0.46199432
0.47522107
0.48658124
0.39128259
0.59618002
0.50031376
0.48616046
0.4698984
0.45679232
0.47898713
0.52363956
0.45857686
0.48088032
0.50875247
0.57309484
0.49851424
0.46967325
0.40213466
0.52868462
0.48086894
0.48382583
0.51017934
0.47768158
0.47830248
0.54689479
0.55147117
0.44781125
0.50859064
0.48632288
0.55993301
0.48588058
0.52791154
0.51066828
0.49842125
0.44716704
0.48222297
0.48471314
0.42390454
0.50468117
""
0.49245778
0.54779083
0.55472642
0.54048288
0.48043567
0.5049957
0.47735626
0.5267154
0.53068233
0.51240832
0.51626039
0.57062393
0.5408203
0.54576236
0.54116696
0.56865782
0.46136594
0.43576583
0.51330924
0.49154201
0.50882554
0.49297741
0.56834632
0.50815767
0.57286221
0.59630477
0.53708756
0.53254563
0.54814851
0.52347916
0.46402606
0.5139811
0.50420451
0.52637357
0.56693637
0.51116759
0.56365609
0.5379585
0.51512235
0.44014311
0.59008616
0.54950833
0.55415517
0.54417592
0.5541926
0.56810617
0.47960532
0.55682606
0.49231571
0.58905292
0.58301157
0.55692947
0.49150518
0.56593347
""
0.47260118
0.46840385
0.43938863
0.4556278
0.53266382
0.47139126
0.51770294
0.46065879
0.4498871
0.46264511
0.46556565
0.46057469
0.45285383
0.4865191
0.49091426
0.50173414
0.44020385
0.46447915
0.50350749
0.51843446
0.51200318
0.4542014
0.46701539
0.44482034
0.45391083
0.45395836
0.42850807
0.50285465
0.51130354
0.44552758
0.40910691
0.48304972
0.46883434
0.57619268
""
""
""
""
0.44852766
""
""
0.39971924
0.47592849
0.40494376
0.34761557
0.35272792
0.565777
0.52065009
""
""
""
""
0.43173438
0.54379225
0.50929606
0.52320129
0.5988186
0.61860031
0.59240907
0.46786776
0.60959005
0.44915563
0.56551456
0.52903515
""
""
""
0.50223732
0.61002588
""
""
""
""
""
""
""
""
""
""
""
0.4637146
""
""
0.43883368
""
""
""
0.43795189
0.58519113
0.59681439
0.48562619
0.50677979
""
""
""
""
0.47171548
0.49668175
""
""
0.50887853
0.64577883
0.6011436
0.51265538
0.42461136
0.38018543
0.48034039
0.55079204
0.53243369
0.5638541
0.53384858
0.60913438
0.54321313
0.50004143
0.43530086
0.42255238
0.50140631
0.44312143
0.45530853
0.46433374
0.43622491
""
0.50255239
0.52185071
0.57037002
0.50885522
0.4580299
0.57794392
0.55093032
0.58356458
0.40499046
0.54995918
""
""
""
""
""
""
""
0.51018286
0.52559769
0.53741091
0.50482213
0.50422692
0.52849835
0.50356793
0.52079117
0.55195361
0.53678048
0.47751147
0.48731914
0.47116038
0.54029149
0.52969134
0.55276465
0.48537871
0.55209112
0.55643094
0.61556834
0.58119708
0.63808721
0.59483886
0.57458133
0.58943516
0.58177805
0.53793591
0.59598237
0.58657026
0.56650084
0.56470567
0.60213023
0.55634165
0.650195
0.58221847
0.5876168
0.61664718
0.53988159
0.54759049
0.57676888
0.52867031
0.53896892
0.58283466
0.59808266
0.56927496
0.56398803
0.62787467
0.5883525
0.57470548
0.61065888
0.60181522
0.56277001
0.60080886
""
0.61025679
0.61058384
0.60054976
0.56979483
0.60117328
0.63212174
0.65258276
0.63650262
0.59369433
0.61758608
0.66733634
0.63509083
0.62453264
0.60571706
0.58841485
0.61590445
0.62157631
0.65331936
0.58408046
0.59751379
0.57287854
0.54578221
0.44086936
0.55545008
0.46531352
0.57250011
0.47842577
0.46633944
0.51505017
0.54181141
0.55549598
0.55379564
0.55418599
0.56868821
0.57755756
0.4026815
0.55599642
0.55599201
0.52430028
0.56297654
""
0.47155744
0.56638622
0.2674737
0.6566183
0.41291222
0.48991579
""
""
""
""
""
""
0.46640879
0.4150441
0.53257656
0.43939239
""
""
""
""
0.52139819
0.5461399
0.48174679
0.52353185
0.5292201
0.53515178
0.5251565
0.52221394
0.40372416
0.38784435
0.39419299
0.41491273
0.54580212
0.45374185
0.51405865
0.56034416
0.42098293
0.53634238
0.52266163
0.4357641
0.6279521
0.48632967
0.45524627
0.47116455
0.47565982
0.48004088
0.52244276
0.49121469
0.55909014
0.45871705
0.52058536
0.50506109
0.39038405
0.55178821
0.50529206
0.43339968
0.54375738
0.44530791
0.41461986
0.4608736
0.44110346
0.50909215
0.47615987
0.4957943
0.47795179
0.50249344
0.61020124
0.53469664
0.48662451
0.50765491
0.5350098
0.43195981
0.55827284
0.53779531
0.59985799
0.51190668
0.51762074
0.55683059
0.51533365
0.55195045
0.58090466
0.50815296
0.55230469
0.58189666
0.53397632
0.5715701
0.50862557
0.51951629
0.5102092
0.45404753
0.47871846
0.48976228
0.58756453
0.59514385
0.49225727
0.59497929
0.62139916
0.64355624
0.63205522
0.56642491
0.49414021
0.50210422
0.52970248
0.51929277
0.55946058
0.61818421
0.56318414
0.5573259
0.55395168
0.52842647
0.48381329
0.55218887
0.50746512
0.52582473
0.51845878
0.50717676
0.5848527
0.57549042
0.5392499
0.51111126
0.54618424
0.48883274
0.52485693
0.51267171
0.5246532
0.4915421
0.47688907
0.50812978
0.46101263
0.45580375
0.46022135
0.49382803
0.49792156
0.4658756
0.45596543
0.47620362
0.47584927
0.48798546
0.43512356
0.50376409
0.4997054
0.52930313
0.47471309
0.37751171
0.56306881
0.43280551
0.48312616
0.49134326
""
0.47726843
0.40056875
0.34375054
0.54257578
0.41497472
0.51503527
0.51498252
0.53055751
0.50163656
0.53685051
0.53228766
0.50708294
0.45994851
0.45796859
0.43285182
0.46228281
0.43110073
0.50083351
0.48080513
0.48755684
0.51728868
0.48710239
0.52499646
0.55565965
0.5533964
""
0.55318123
0.51383644
0.48959124
0.53286725
0.51907009
0.42489278
0.48106772
0.43310484
0.43865508
0.49409193
0.45098186
0.4285852
0.57398599
0.54687732
0.55047053
0.65640634
0.63918775
0.62659764
0.64548612
0.64864689
0.65090442
0.65167874
0.6120913
0.63107854
0.54612935
0.53188509
0.63010609
0.65505779
0.62163591
0.59236288
0.49217838
0.51037413
0.53715867
0.53807342
0.60095102
0.57575786
0.63885003
0.53938401
0.59489405
0.58148605
0.59745425
0.6395734
0.63308209
0.56247246
0.61270165
0.58849382
0.53009981
0.54805553
0.60878181
0.56526142
0.53797042
0.56068581
0.55546814
0.57550085
0.60347384
0.56099409
0.59574181
0.58876395
0.59998858
0.56779498
0.56997824
0.49555713
0.47682095
0.5482021
0.42084584
0.54085499
0.57812208
0.50695223
0.53298658
0.50168604
0.59095776
""
""
0.54193556
0.58684105
0.53292996
0.55321294
0.60087627
0.59838462
0.57156199
0.60157675
0.74402362
0.66511428
0.6048618
0.67139673
0.52736115
0.57324994
0.48247576
0.5678525
0.61643881
0.52430308
0.48741472
0.51606137
0.4801563
0.57460523
0.60099995
0.66715455
0.55835742
0.62172067
0.57069021
0.56430489
0.53490776
0.54473662
0.65326095
0.51983088
0.53160155
0.53478706
0.61743915
0.65247905
0.6093756
0.60822177
0.62850744
0.51028144
0.52158964
""
0.62370276
0.64036828
""
0.65263379
0.52997744
0.62554282
0.65669686
0.60425258
0.62441981
0.63762516
0.61095393
0.54728466
0.53362715
0.58171374
0.5156526
0.39465532
0.59367138
0.56746089
0.53840369
0.52893996
0.5395571
0.56755614
0.5150938
0.59440291
0.52098542
0.51200938
0.57199281
0.62818223
0.66233701
0.65006244
0.59497666
0.5545519
0.55256301
0.64531857
0.58098537
0.59732658
0.53883129
0.56240207
0.53271121
0.58514208
0.55534631
0.5671463
0.43522674
0.41497532
0.489663
0.48302272
0.42743671
0.55984104
0.62402666
0.53606093
0.58541322
0.61650836
0.64140892
0.65195858
0.51752752
0.54640448
0.4773666
0.57261246
0.61905289
0.50918853
0.54337937
0.5958311
0.56433862
0.53942674
0.55624962
0.60897046
0.41094834
0.45595294
0.46158072
0.54681128
0.5123201
""
0.48677728
0.56753218
0.52051944
0.529571
0.5508737
0.46200559
0.40306348
0.45710775
0.563209
0.55444777
0.52869242
0.55000532
0.46172783
0.54394197
0.54116112
0.62296164
0.48390725
0.54586595
0.61560512
0.59481913
0.55559385
0.57529193
0.59381133
0.38918707
""
0.68345654
""
""
""
""
0.48341566
""
""
0.57345676
0.59374917
0.6467135
0.52046341
0.5209766
0.55781108
0.58645236
0.61222678
0.60069764
0.48478121
0.55240166
0.54466963
0.58484238
0.59188122
0.57295156
0.52661574
0.64215577
0.57041419
0.64595348
0.62340069
0.58707321
0.52542049
0.6095444
0.63534576
0.53342676
0.54717112
0.55201864
0.57621175
0.59205765
0.51836073
0.56952822
0.43079972
0.58452016
0.55528224
0.54792619
0.52662438
0.53095251
0.55289549
0.53392988
0.54809153
0.55988652
0.54795092
0.56715697
0.62166548
0.58786845
0.56294227
0.55189037
0.58419406
0.58275104
0.59996027
0.49367166
0.61227047
0.59086424
0.65762007
0.64546651
0.65671754
0.67350942
0.5985114
0.65744114
0.56321245
0.68466765
""
""
""
""
""
""
""
""
0.51530987
0.45300409
""
0.42866012
0.56394136
0.52527863
0.58223861
0.61232412
0.55938065
0.52568758
0.54771018
0.49526516
0.5338096
0.59248632
0.48258215
0.52230543
0.50213879
0.55298549
""
0.60004956
0.5444684
0.51646262
0.62638742
0.6735552
0.60564184
""
0.39487481
""
0.53168404
0.52071828
""
0.5941121
0.51058549
""
0.4409216
0.58208328
0.48496795
0.52249104
0.56143451
0.56546259
0.57686895
0.50862485
""
0.53042102
0.61253071
0.57256216
0.46354848
""
""
""
""
0.54554409
0.40480098
0.41674697
0.50116765
0.45783088
0.36364019
0.37329417
0.49192169
""
0.45589083
0.42417637
0.54995596
0.56716383
0.52395368
""
0.52899981
0.45487237
0.54630184
0.35904637
""
0.49139613
0.52769238
""
""
""
""
0.43905118
0.62201405
0.53408414
""
0.52536112
0.5124827
0.41116139
0.47439551
0.45584694
0.57469565
0.52098197
0.47931939
0.43087959
0.51325929
0.6095233
0.48744035
0.58679885
0.58540189
0.50359768
0.47454342
0.5240069
""
""
0.52673453
""
""
""
0.55871135
0.51569617
""
""
""
""
""
""
""
""
""
""
""
""
""
""
0.54264605
0.51843113
0.44766802
0.58394086
0.48698929
0.49561659
0.50027263
0.49548501
0.57749039
0.48589292
0.59542197
0.55691832
0.33129886
0.48896596
0.50688356
0.55721354
0.5364868
0.54661441
0.46922532
0.52069139
0.62051469
0.54737413
""
0.58082515
0.58289635
0.43612519
0.53798091
0.61392677
0.45259613
0.43407038
0.51980996
0.43907824
0.30638471
0.4727425
0.50671619
0.44661054
0.46892893
0.58533674
0.47927117
0.45699251
0.55254477
0.4703885
0.5124557
0.55801219
0.53410232
0.51153874
0.58633524
0.58684379
0.56079447
0.58634263
0.45359388
0.61688554
0.52293605
0.53741336
0.61638308
0.51926392
0.55253607
0.57726574
0.46860474
0.46123308
0.59185183
0.52747226
0.57981759
0.5555672
0.55334657
0.58701563
0.52736521
0.48815951
0.59348124
0.56938148
0.56889611
0.56915528
0.57957399
0.51467341
0.52362835
0.5819627
0.52943307
0.61406553
""
0.60128063
0.56029558
0.68186241
0.49860743
0.56650311
0.52316076
0.68055409
0.61579287
0.58739412
0.58340007
0.58859718
0.55120498
0.64809299
0.58102149
0.56308061
0.65585071
0.57929122
0.5309369
0.57248777
0.60738695
0.55822366
0.60198647
0.59731978
0.57255226
0.68332827
0.63076216
0.59896201
0.57029045
0.61675483
0.51606858
0.54201955
0.61369014
0.53017968
0.50810319
0.36689168
0.42385587
0.52959311
0.4436309
0.62455583
0.62304151
0.49390376
0.55639642
0.55986178
0.57547081
0.41713125
0.43110892
0.64789081
0.52016133
0.59466237
0.50482959
0.55353421
0.63267457
0.60240853
0.65364158
0.5966655
0.49710053
0.54350251
0.63345897
0.69345027
0.57461375
0.63595361
0.72461861
0.73027587
0.63137633
0.64684373
0.66424501
0.63906837
0.57920736
0.64182884
0.66696227
0.57589746
0.66005194
0.69191778
0.55893624
0.60592002
0.52396178
0.59728372
0.71413618
0.62330776
""
0.42893881
0.48023212
0.48746473
0.66343236
""
0.49062541
""
0.63618559
0.51878583
0.52924788
0.62176311
0.61325818
0.56588972
0.59842956
0.59684068
0.59913486
0.57178146
0.4398357
0.48639128
0.48278543
0.41179776
0.35486516
0.5417456
0.45019335
0.60105878
0.53546476
0.56800711
0.52086377
0.60323685
0.54961979
0.5648753
0.61541724
0.59135765
0.57837474
0.55275613
0.5995481
0.71700835
0.64900136
0.6353457
0.6693362
0.60569865
0.57016152
0.59617704
0.5975582
0.62876737
0.61763316
0.62329555
0.56852686
0.57849604
0.49842495
0.55314356
0.52758729
0.56945395
0.59284413
0.61200666
0.59129286
0.57727391
0.58113837
0.58226627
0.61102909
0.65650094
0.62225276
0.60442042
0.6030063
0.63583106
0.70398957
0.64370424
0.66727149
0.63074428
0.6227991
0.65609038
0.66908652
0.63740814
0.54059529
0.62018734
0.63702881
0.65219212
0.58444589
0.57801682
0.55279678
0.62997454
0.62990624
0.48071924
0.56878638
0.51648116
0.60643542
0.54140985
0.59361029
0.58728242
0.5753659
0.5520041
0.53833467
0.58524287
0.35475376
0.57980967
0.48881412
0.50101596
0.55368286
0.45636731
0.51463765
0.56740224
0.67333621
0.53071588
0.55531657
""
0.54563302
0.60374922
0.49239439
0.50853771
0.65925872
0.57556033
0.58019155
0.5943892
""
0.61806756
0.61023223
0.57206011
0.56958544
0.65452647
0.59862596
0.67075384
0.56588089
0.52771896
0.58011925
0.56156898
0.74313456
""
0.54673445
0.54788762
0.5729385
0.64925563
""
0.59959996
0.50300175
0.53992814
0.57492936
0.63816315
0.46065748
0.35762265
0.49376559
0.57821721
0.54304147
0.57783699
0.59907615
0.61484683
0.60705513
0.60540831
0.60165375
0.61316347
0.62239581
0.58248752
0.55455846
0.4784416
0.52020735
0.50208354
0.55497551
0.57633191
0.5271318
""
0.50054693
0.60936958
0.57006747
0.54858863
0.44063321
0.53482097
0.63074672
0.59749848
0.59067851
0.58884358
0.61259121
0.61578864
0.59561282
0.57661211
0.61202919
0.63375056
0.58549201
""
0.58009714
""
0.52261049
0.60579473
0.55356562
""
0.56290799
0.54767698
0.53124005
0.50322706
0.55928797
""
""
0.56700867
0.55102396
0.61316252
0.54296583
0.39794549
0.44240782
0.48278037
0.54480708
""
0.55578148
0.52025545
""
0.50712878
0.47183362
0.62707168
""
0.57689887
0.5465135
0.61085886
0.55282414
""
0.53439671
0.52667725
""
0.56526071
""
""
""
""
""
0.57503772
0.63248992
""
0.46074173
0.54673147
0.42266124
""
0.43565845
0.53652257
0.63246077
0.46137786
""
""
""
""
0.46087822
0.54079294
""
""
""
""
""
""
""
0.54866594
0.42984605
""
""
""
""
""
""
""
""
""
""
0.67297
0.50679755
0.53046817
""
""
0.54844695
0.58554965
0.57655936
0.63399392
0.59400547
0.58136356
0.60376453
0.63875169
0.59030199
0.59260529
0.58176422
0.55049908
0.60523123
0.6078034
0.43604663
0.63564289
0.67244142
0.60960543
0.63504303
0.57818788
0.64594793
0.54206479
0.55846655
0.50511205
0.51616013
0.57751822
0.5498665
0.59643209
0.53118372
0.54007071
0.49515238
0.53727281
0.63925737
0.60104507
0.61754328
0.53609979
0.57660836
0.56713426
0.59178817
0.67542166
0.53610766
0.52175701
0.51315099
0.53898132
0.64775997
0.57302225
0.58633256
0.73371708
0.61720687
0.69745803
0.57841629
0.62186122
0.63880575
0.59683317
0.49905455
0.50638998
0.59379429
0.54476619
0.59199649
0.61556041
0.63541842
0.60048831
0.68835145
0.51278716
0.54634422
0.58353859
0.7219674
""
0.58088917
0.567725
0.54681432
0.62964875
0.60281843
""
""
""
""
0.7048893
0.71565491
0.62898707
0.64074689
0.50961161
0.64227515
0.65122241
0.62652934
0.59251028
0.65061522
0.62617463
""
0.57544202
0.45334655
0.54601109
0.56533062
0.48643777
0.53224361
0.49989125
0.54627514
0.51702821
0.58751392
0.54424506
0.57522506
0.58148396
0.61231893
0.59655958
0.59824479
0.67887002
0.60695243
0.65600693
0.56746399
0.5760864
0.62712079
0.61963409
0.60690999
0.63334602
0.5720126
0.62336987
0.63309658
0.61591852
0.62287301
0.59331656
0.55736327
0.5586015
0.63797408
0.54685253
0.62665248
0.64237189
0.62560922
0.66913503
0.63980037
0.62404019
0.63221759
0.62985623
0.61751544
0.57904971
0.5779894
0.64418662
0.59335613
0.63572299
0.65842611
0.63894528
0.5862729
0.65262425
0.68790078
0.65654022
0.61802691
0.66534305
0.60523999
0.66429222
0.64901358
0.65450555
0.67684513
0.60049844
0.71432853
0.66436607
0.67143679
0.64235187
0.70583183
0.67248499
0.58495098
""
0.6251449
0.52655953
0.61153287
""
0.64323378
0.71136028
0.65681958
0.67073524
0.67058587
0.56130081
0.6243118
0.67096442
0.5402534
0.5915823
0.51439089
0.63286453
0.62530607
0.55998987
0.61110359
0.64308083
0.51482743
0.62056434
0.61754847
0.64668739
0.53192508
0.61588746
0.5746361
0.55496091
0.57077569
0.57966614
0.6343649
0.58500576
0.65231889
0.58904564
0.50935632
0.57706487
0.57042634
0.59506863
0.66004044
0.60852653
0.67896926
0.53488994
0.60246551
0.59803879
0.52402115
0.63307852
0.61490768
0.53538376
0.61107534
0.66160196
0.53069288
0.54941982
0.50977725
0.5188303
0.55769747
0.49058276
0.63333958
0.60644549
0.61832893
0.59093732
0.62491262
0.633241
0.60664999
0.607813
0.61996144
0.52951145
0.59450668
0.55930811
0.56368232
0.66349769
0.62011027
0.64413661
0.52867949
0.49554724
0.55364466
0.56500942
0.62047493
0.55479419
0.54539698
0.50546736
0.49810594
0.5296942
0.54557705
0.52495509
0.55978227
0.56881648
0.56555825
0.48815724
0.49955997
0.5207637
0.52158505
0.5400641
0.56229335
0.57015419
0.52096277
""
0.59695619
0.63947201
0.72232449
0.58707708
0.66963851
0.64867759
0.59451336
0.66126102
0.59700245
0.59664494
0.63608283
0.57124859
0.67527509
""
0.41410482
""
0.48260802
0.5619359
0.56841409
0.57988822
0.64812177
0.64599788
0.66941112
0.64302814
0.37058628
0.3857367
0.47632542
0.38618726
0.53753722
0.52920192
0.4342019
0.51424956
""
0.5549705
0.49414644
0.54889959
0.47398666
0.42518726
0.4887459
0.49804884
""
0.59714663
0.74714249
0.61513865
0.61523253
0.47596931
0.52569616
0.53790438
0.45720351
""
""
""
0.67491126
""
""
""
""
""
""
""
0.46566465
0.48925039
0.35505432
0.5398699
0.52013886
0.63112175
""
""
""
0.47665173
0.51174223
0.48056531
0.44096702
""
""
""
""
""
""
""
0.62642831
""
0.65823883
0.5103609
0.51804554
""
0.53471851
0.44944528
0.48392034
0.43941012
0.43805817
0.57228911
0.60997975
0.62856132
0.46617052
0.42728525
0.59981585
0.58595192
0.62597543
0.68366611
0.73198539
0.60134727
0.66990805
0.58865005
0.49141955
0.51849383
0.63074267
0.53813839
0.6750657
0.47662765
0.39744252
0.45141155
0.54076862
0.55701405
0.58116329
0.50906867
0.6683405
0.65209138
0.40700889
0.45777184
0.55118251
0.57279295
0.63911009
0.50816059
0.57951462
0.48087817
0.60669392
0.46414489
0.55582511
0.59667468
0.5595395
0.51024216
0.47773463
0.52512974
""
""
""
""
""
""
""
""
""
0.48902103
0.42375019
0.5538522
0.56996763
0.47535115
0.52578175
0.44622093
0.53602588
0.3844102
""
0.51889372
0.48574525
0.57422107
0.62556309
0.61377043
0.45907375
0.57531106
0.62604523
0.64173323
""
0.51295322
0.45772824
0.60751504
0.52523744
0.55590749
0.44593418
0.57383943
0.59275991
""
""
""
0.34977636
""
0.45436794
0.38743091
0.46310526
0.47246769
0.49818337
0.46398288
""
""
""
""
0.509606
""
""
0.5038045
""
""
""
""
""
""
0.42236838
0.43970934
0.44528767
0.52797127
0.48742229
0.49149907
0.50563592
0.45664817
0.57477826
0.61414528
0.47254324
""
0.58445454
0.41120896
0.56427288
0.54251188
0.47748858
0.54450744
0.51119763
0.59532279
0.54439926
0.57805485
0.52378154
0.49727508
0.5355401
0.58827639
0.59909666
0.57309031
0.63423431
0.61921006
0.61851448
0.50489491
0.5270862
0.69278002
0.597893
0.62384665
0.53251219
0.5959006
0.59238511
0.75761145
0.68271255
0.68471295
0.63967264
0.62859333
0.663122
0.71416169
0.6354987
0.69188237
0.48629111
0.55096161
0.66752428
0.67825425
0.68174809
0.56394917
0.57010806
0.71731311
0.57157409
0.52509415
""
0.45926481
0.53526503
0.5886693
""
0.54388714
0.52038515
0.62851614
0.49511519
0.53482544
0.55540049
0.56792414
0.64142901
0.62364149
0.53614128
0.58689499
0.54096025
0.62100446
0.68012792
0.3718257
0.61415637
0.43583235
0.55375254
0.58895534
0.6709159
0.50990945
0.55515903
0.54870033
0.58178741
0.51309937
0.65159512
0.66490483
0.62244916
0.64360827
0.69509876
0.62412333
0.51356614
0.54404765
0.60599273
0.62176114
0.60880738
0.55631721
0.56271708
0.62651902
0.65296268
0.52853853
0.63622421
""
0.59613538
0.67084509
0.58416849
0.61640978
0.57727796
0.56270987
0.54381609
0.52928215
0.54539138
0.56417906
0.54978126
0.63638413
0.52559108
0.53739142
0.57719713
0.53465176
0.657529
0.58072406
0.49561185
0.59093148
0.48313409
0.3966943
0.50060189
0.57161564
0.57521176
0.46831369
0.48757821
0.54886401
0.59160215
0.59644622
0.55921608
0.54718477
0.54793584
0.54404473
0.53415942
0.56241268
0.59209067
0.542557
0.6054371
0.47781628
0.5687142
0.47699672
0.47219089
0.54495674
0.42771137
0.50461322
0.5102818
0.60279471
0.51166952
0.51913399
0.4143267
0.5965271
0.55840874
0.5211432
0.50715894
0.52420712
0.61399597
0.58512825
0.53381604
0.58795398
0.62390876
0.56056148
0.58903444
0.57835394
0.56771094
0.64953798
0.58567441
0.53805804
0.5654586
0.58173615
0.64152992
0.49962649
0.57537681
0.57317019
0.64945024
0.42620677
0.59190208
0.48479053
0.62367082
0.53796214
0.5904094
0.57470083
0.50266898
0.67413598
0.57189447
0.56337339
0.5530172
0.50055951
0.526353
0.5233345
0.60486424
0.58277911
0.56047052
""
0.463258
0.48050454
0.48490596
0.59539139
0.52927375
0.52884275
0.52396762
0.47688428
0.52669573
0.51005638
0.4870213
0.45264983
0.43226457
0.46315226
0.48879424
0.50954127
0.55694807
0.60959798
0.57568377
0.56677854
0.53472966
0.60949761
0.55055201
0.47967491
0.34947824
0.46849999
0.5720821
0.47381672
0.49065462
0.55411154
0.59156203
0.55331457
0.5601579
0.60407549
0.61343777
0.61699796
0.57616168
0.60273284
0.53268594
0.56302065
0.53421152
0.62740886
0.50054812
0.64590573
0.55955172
0.57679242
0.55227804
0.57531768
0.55781525
0.56035304
0.57307315
0.5750193
0.57532477
0.53943115
0.5942179
0.57553059
0.56966388
0.63781184
0.58402449
0.54139692
0.63269812
0.50265718
0.52673823
0.57943815
0.62329245
0.49677199
0.5924508
0.55330068
0.47594136
0.58005387
0.50738364
0.55379182
0.58259499
0.56505644
0.52308673
0.48926014
0.44326082
0.51641381
0.51844668
0.53303909
0.54597205
0.54869586
0.55464399
0.53308737
0.53963542
0.46266636
0.55982369
0.55171931
0.6050567
0.58408159
0.57865679
0.55844623
0.61398011
0.59179413
0.60800028
0.59140891
0.56967521
0.54615533
0.53157574
0.62437576
0.51643634
0.49754754
0.53041393
0.57854575
0.63608152
0.61413151
""
0.58541274
0.54482442
0.65954143
0.60260475
0.64140302
0.55526751
0.52714252
0.59933841
0.54228246
0.65388876
0.5247255
0.54345721
0.69457179
0.59392285
0.51934892
0.48035485
0.67623025
0.64969212
0.59095299
0.6497395
0.66173553
0.62373954
0.71632314
0.66018569
0.38343239
0.58895952
0.33166671
""
""
0.57153124
""
0.68297404
0.62184936
""
""
0.66069871
0.60253882
0.60091078
0.60272819
0.59180909
0.6094594
0.54840171
0.5983938
0.60225952
0.51042831
0.5638237
0.65017134
0.527318
0.54844588
0.53495151
""
""
""
0.69985002
0.60514367
0.58245599
0.43771198
0.5576793
0.55912101
0.5538888
0.53355646
0.59113902
0.63058227
0.61616945
0.51208907
0.62172419
0.57810736
0.59451091
0.60861278
0.5317108
0.60510951
0.53330958
0.564201
0.5266875
0.56943274
0.60173696
0.49070543
0.57401341
0.45851192
0.52318901
0.48345566
0.50467074
0.41140479
0.50118399
0.55076355
0.50083339
0.59431827
0.60986882
0.61291826
0.56122577
0.60382992
0.47699302
0.57664198
0.59251058
0.57261992
0.61840177
0.50750101
0.59382224
0.68497807
0.59932935
0.64054751
0.56791383
0.55139565
""
0.62359959
0.57465148
0.54710758
0.58871979
""
0.55727357
""
0.61713749
0.49045232
0.64170772
0.56945044
0.64481109
0.56932181
0.58748621
0.56203049
0.60782677
0.55467564
0.48796579
0.58250868
0.63719219
0.6516211
0.60775059
0.56377488
0.56391579
0.67392033
0.63679481
0.62358117
0.61704546
0.56575888
0.61905175
0.67649281
0.62895554
0.5008111
0.59568548
0.55478913
0.53518087
0.59159613
0.61230117
0.61504114
0.60935521
0.66601837
0.63061571
0.67878819
0.62829012
0.60025507
0.60145956
0.66870964
0.6360895
0.63426453
0.59773415
0.56485713
0.5798763
0.5945912
0.58062577
0.52307075
0.44669139
0.5129289
0.57446432
0.57785064
0.62916619
""
0.55966645
0.62531757
0.5599401
0.53869909
0.53207231
0.53940463
0.50696176
0.61162025
0.61193836
0.61005205
0.58508903
0.61856252
0.69399005
0.65787631
0.66462255
0.66819531
0.66269392
0.6203531
0.64853621
0.64308721
0.6277101
0.66942453
0.54812294
0.65280843
""
0.56705064
0.50528568
""
""
""
0.562356
0.619991
0.49996772
0.59366518
0.49844933
0.61707461
0.61009657
0.64234537
0.60189211
0.61284548
0.62572491
0.60349256
0.66795093
0.61292094
0.62995577
0.62841946
0.6281054
0.66250306
""
""
""
0.6266185
0.66880387
0.6473611
0.66731358
0.61791581
0.65087628
0.64379632
0.6067546
0.59985751
0.6465078
0.62830573
0.60996622
""
0.50298107
0.56835175
0.59347945
0.57001984
0.61623466
0.68334973
0.61346483
0.58141547
0.58548927
0.62236142
0.57135659
0.58791697
0.54181206
0.59446883
0.52078837
0.59862792
0.52200228
0.58247089
0.59332472
0.64894986
0.58798134
0.61402231
0.57805663
0.56538188
0.54687285
0.69320768
0.62133795
0.61713177
0.57478368
0.58004504
0.58749354
0.57070631
0.52299386
0.5329091
0.43464389
0.47490311
0.53924501
0.4565202
0.47448516
0.52592373
0.44005823
0.56697828
0.49057165
0.45646745
0.50984639
0.40639019
0.54268843
0.50106269
0.59670019
0.41400477
0.57919526
0.52269679
""
0.41947731
0.57871008
0.61299592
0.61027575
0.5521208
0.61710817
0.55572808
0.52298439
0.6305607
0.58609456
0.57446998
0.49761561
""
0.58073592
0.62647808
""
0.58056831
0.63474321
0.60929108
""
""
""
""
""
""
0.58056414
""
0.53247488
0.52391875
""
""
""
""
""
""
0.56240535
0.50431114
0.50847375
0.59232932
0.56049496
0.59596336
""
""
""
""
""
""
""
""
""
""
0.46958402
0.50377053
0.5072363
0.51029378
0.48866701
""
0.43312481
""
0.51723915
0.52326
0.56746686
0.60580605
0.56813228
0.58341986
0.52425832
0.58892173
0.56270826
0.50562453
0.5372836
0.61054271
0.60130626
0.50639701
0.46987405
0.55446076
0.4765636
0.60627246
""
0.46209201
0.54836935
0.58943927
0.5998888
0.64894629
0.59443533
0.58567882
0.50650692
0.59276003
0.58241862
0.62398088
""
""
0.64416844
0.47175866
0.55456299
0.52189428
0.53579926
0.53906399
0.5328986
""
0.4807753
""
0.50710964
0.47686788
0.5942356
0.51758146
0.63269711
""
""
""
""
""
""
""
0.48390287
0.53649384
0.55729878
0.57226777
""
0.5848543
""
0.66139585
""
""
""
0.6333372
""
""
""
""
""
""
""
""
""
""
""
""
0.51510257
""
0.62971759
0.58668721
0.60574597
0.52152121
0.6001209
0.57166672
0.58285183
0.64413923
0.47610471
0.5437898
""
0.58403265
0.56933713
0.60679549
0.51402789
0.50331819
0.49947831
0.55143797
0.59080005
0.46797994
0.52496821
0.54270571
0.53509587
0.67743021
0.71096176
0.66943085
0.63798177
0.59079033
0.66262996
0.66591227
0.59239209
0.58082688
0.5851118
0.60026896
0.61557233
0.31745747
""
0.43766716
""
""
0.58887249
0.5087626
""
0.60788339
0.4232884
0.61506474
""
0.6583522
0.64695227
0.61668622
0.6443426
0.53572845
0.57729566
0.61809868
""
0.6401521
0.60145998
0.64310402
0.61380911
0.58275098
0.54294682
0.56230277
0.64880979
0.63096225
0.57745248
0.64803201
0.58829033
0.64183307
0.56550723
0.55606848
0.62871182
0.63388979
0.72423965
0.65017438
0.66398275
0.68827009
0.6892243
0.64304608
0.64425951
0.63599283
0.70037597
0.68036616
0.65789336
0.61223006
""
0.60236651
0.68435824
0.67477781
0.61295182
0.66083241
0.70672542
0.66279006
0.677055
0.69721198
0.59492493
0.65428418
0.68394095
0.61973166
0.60964847
0.68271035
0.63377082
0.48917928
0.41598389
0.61153626
0.59674978
0.56823355
0.64802188
0.601565
0.61784047
0.66393119
0.57814032
0.57353127
0.58152598
0.48516047
0.6375671
0.6159451
0.65704441
0.56218207
0.60987669
0.64898306
0.64247829
0.60450369
0.48912027
""
0.54106718
0.57457989
0.59308106
0.60472572
0.65834397
0.66615301
0.63589239
0.64972961
0.59676611
0.60906392
0.66152936
0.66186577
0.62889123
0.6659193
0.61036736
0.47407067
0.58161771
0.60027826
0.59048814
0.59771186
0.67127919
0.57190156
0.57911426
0.540838
0.56270832
0.58059746
0.63602811
0.60856968
0.57089335
0.5495162
0.53740412
0.6242215
0.6370362
0.56549001
0.51126897
0.59200883
0.57544988
0.53882104
0.63645923
0.65066218
0.63148749
0.61979699
0.61862981
0.47862732
0.61215866
0.5859409
""
0.55285788
0.60350573
0.53512269
0.5519402
0.51757371
""
0.48281407
0.48575386
0.55341792
0.59671587
0.56533271
0.57952875
0.63730299
0.5365352
0.58232915
0.53285003
0.62693769
0.54442042
0.44477859
0.57114154
0.59341508
0.51273096
0.60598344
0.57678789
0.53542525
0.58230263
0.57456809
0.59543067
0.56273413
0.66252059
0.63029182
0.56412798
0.58217084
0.58071303
0.54634279
0.54242224
0.58302712
0.6461485
0.65222168
0.62453359
0.60626644
0.51262528
0.50112164
0.63436478
0.55682522
0.61714381
0.46018493
0.5329628
0.53222156
0.51183981
0.48584229
0.46777135
0.48283392
0.528422
0.42174903
0.56015283
0.57822001
0.56810212
0.58741379
0.55972773
0.59150928
0.56445318
0.52627891
0.49483731
0.51414472
0.57865894
0.53707075
0.53777486
0.61990321
0.43895629
0.59141582
0.60742331
0.58290905
0.598584
0.66665864
0.57576716
0.61641043
0.59982526
0.56484628
0.55284244
0.52204454
0.54612011
0.43817574
0.55897409
0.54321712
0.45112586
0.59550232
0.57098526
0.6004321
0.57229602
0.62166786
0.59277529
0.60896069
0.57354826
""
0.59121454
0.58174831
0.6158222
0.62485957
0.51174659
""
0.51151007
0.51173198
0.53389007
0.65665776
0.59509182
0.51375812
0.53591102
0.56046432
0.61614299
0.45572752
0.58858222
0.51408809
0.58210731
0.49253133
0.49924698
0.55241215
0.57234377
0.61044723
0.6104973
0.57112759
0.59567183
0.58308083
0.66938215
0.53884405
0.56248599
0.57552946
0.63028437
0.55942422
0.58446079
0.48462832
0.50832492
0.62362838
0.5603658
0.52437329
0.58717149
0.67610991
""
0.57597631
0.63721365
0.56767297
0.48785496
0.53724992
0.67827356
0.62514055
0.56222612
0.63376343
0.67208344
0.61486828
0.56651193
0.64019531
0.64047283
0.58779818
0.63347286
0.61952913
0.62072045
0.61486763
0.69614083
""
0.3904489
""
0.47713572
""
""
""
""
""
""
""
""
0.42012373
""
""
""
""
""
""
""
0.51744205
0.48077944
0.50142354
0.44759056
0.4250761
0.48440999
""
""
0.4596343
0.3995876
0.53118497
0.57170266
0.58247662
0.5192852
0.55484051
0.56384987
0.49979919
0.47174454
0.47694436
0.41180772
0.43134332
0.47929147
0.48399377
0.50295639
0.59718186
0.53186524
0.53777176
0.42866239
0.47667938
0.46264988
0.48510134
0.50588566
0.56957328
0.46696138
""
""
""
""
0.58052993
""
""
""
""
""
0.52622551
""
""
""
""
""
0.49381283
0.29194391
0.44307497
0.52394104
0.45962951
0.57157713
0.45833302
0.53617913
0.56591642
0.57526422
0.58499688
0.56710285
0.54594046
0.4766435
0.62240148
0.58024073
0.62035263
0.60442978
0.63678616
0.66750735
0.54950672
0.50717109
0.47410974
0.55155528
0.53057253
0.54137027
0.49428993
""
0.56648701
0.50405288
0.52546072
0.59099883
0.66766518
0.57211095
0.44910356
0.45656651
0.52805477
0.61737919
0.63031948
0.60575879
0.56607634
0.58234912
0.55232012
0.58916986
0.60551244
0.60410529
0.5883286
0.64815742
0.61045867
0.5014863
0.58029318
0.57823896
0.50348681
0.54749429
0.6466496
0.66012722
0.58228338
0.54799765
0.59118921
0.64630747
0.65943974
0.6817143
0.68552786
0.61365467
0.59417903
0.6152426
0.70524472
0.57745409
0.64552224
0.67182046
0.64294082
0.59935296
0.59174824
0.68701404
0.63431913
0.60181296
0.54904211
0.62851816
0.60309249
0.59311891
0.60428196
0.57787579
0.50165814
0.56914663
0.63132167
0.61896497
0.60873294
0.6528908
0.62171584
0.66763639
0.63746297
0.51875275
0.60430807
0.6175946
0.6015135
0.62477851
0.6337657
0.59420151
0.54880846
0.49213248
0.55802429
0.5183807
0.63354003
0.52811527
0.56246328
0.55995673
""
0.62972003
""
""
0.43536511
0.5785802
""
""
""
""
0.56383485
0.44940341
""
0.47316784
""
0.60057992
0.57871318
""
""
""
""
""
""
0.55099446
0.48803073
""
""
""
""
0.57654059
""
""
""
""
""
""
""
0.55160952
0.58828038
0.48535785
""
0.56007701
0.60458785
0.52772939
0.51111472
0.55610394
0.3964735
0.57381481
0.56532389
0.52591676
0.56455398
0.55377221
0.54037201
0.55919474
0.5390771
0.53879631
0.36213729
0.5919525
0.58818597
0.4595696
0.52696389
0.46139297
0.47450891
0.56111062
0.56744206
0.58509862
0.54460317
0.48407173
0.50886422
0.44216412
0.57494956
0.60906273
0.50929403
0.58108789
0.60191393
0.66333908
0.60841841
0.60116047
0.59934747
0.52457786
0.60599232
0.54597729
""
""
""
""
""
0.5011636
""
0.45944962
0.46995392
0.62074012
0.46048641
0.47097406
""
""
""
""
""
""
""
""
""
""
""
""
""
""
""
""
0.52426958
0.59800673
0.60474104
0.55487829
0.55655193
""
0.64342827
0.41726241
0.54070872
0.62829143
0.63765949
0.58263183
0.50645232
0.69325203
0.53682512
0.52937704
0.53335696
0.58722603
0.33986086
0.58705515
0.61517411
0.59516233
0.6851905
0.71703142
0.66178638
0.65726995
0.59761494
0.68334043
0.64204198
0.62933582
0.51513505
0.59720135
0.55101556
0.53732944
0.6550622
0.60517603
0.57469606
0.64907777
0.57508534
0.58188212
0.53653425
0.58714151
0.5878014
0.66279155
0.60899734
0.63582253
0.54523778
0.56701487
0.60972559
0.63434362
0.64053416
0.6880632
0.64552152
0.57640415
0.62459761
0.61296493
0.56380099
0.59266031
0.56201488
0.59484881
0.69001418
0.61765224
0.64502484
0.64172405
0.62557429
0.61076146
0.59538847
0.61108243
0.55341601
0.59765726
""
0.54999804
0.6156078
0.62499046
0.56317228
0.46252245
0.57693058
0.54071116
0.62343067
0.52312905
0.52580881
0.52111816
0.6654284
0.72957551
0.64106572
0.6460278
0.46238333
0.56661874
0.66962808
0.61329281
0.5671705
0.62122738
0.59385306
""
0.65014213
0.6503427
0.69054449
0.70028871
0.61756688
0.64241272
0.57792306
0.6085726
0.63083804
0.62386644
0.69059318
0.64247721
0.53476119
""
0.4684068
0.654751
0.5525533
""
0.58967221
0.64512098
0.7015692
0.68426895
0.57433915
0.49823928
""
""
0.4172895
0.46586791
""
""
0.50085038
0.60457379
0.49687633
0.66717398
0.57290941
0.59570384
0.59261388
0.56995106
0.43967131
0.58842683
0.53653568
0.41649732
0.63565475
0.61702847
0.61057448
0.52623731
0.62423074
0.61177301
0.5254572
0.63303071
0.40689459
0.63161111
0.58751231
0.70157051
0.62443447
0.54216272
0.37070727
0.73646337
0.64734215
0.6468212
0.56684005
0.69374806
0.66555578
0.64525616
0.68269753
0.58497137
0.63821709
0.6638872
0.64316303
0.6139822
0.54819983
0.56835777
0.66909462
0.53230178
0.69004339
0.52241874
0.66191542
0.5965215
0.7090435
0.6106106
0.65681934
0.59913892
0.57311082
0.69713742
0.61676276
0.50832099
0.62580723
0.54343331
0.50346291
0.48425028
0.55730104
0.45116797
0.48599499
0.60829633
0.37255105
0.55063707
0.63547587
0.55660546
0.54195529
""
""
0.46821678
0.53906059
0.6543566
0.61829919
0.60551232
""
""
0.55933809
0.58580476
0.61221975
0.65442842
0.56108344
0.60422492
0.59310985
0.66056645
0.70427096
0.57548875
0.61871541
0.56227475
0.64150029
0.51252228
0.60407084
0.59945923
0.60333288
0.65643501
0.58569878
0.58969533
0.63967371
0.68120581
0.60121816
0.58908546
0.60328102
0.58242822
0.66134024
0.56729978
0.67479229
0.53558695
0.52334279
0.45158803
0.53362161
0.57566363
0.56909925
0.56515718
0.62253773
0.57250434
0.5466677
0.60179889
0.42162001
0.54367441
0.54667521
0.568681
0.60049021
0.54735303
0.62283242
0.62530327
0.51631564
0.60837388
0.57462811
0.58122218
0.40720835
0.56629628
0.59423083
0.58747697
0.54828042
0.58639902
""
0.67625356
0.66145796
0.67340755
0.67480719
0.59913373
0.66575813
0.63335019
0.60477298
0.64144272
0.62803179
""
0.63333637
0.55510473
0.57182568
0.56866288
0.52261996
0.56925619
0.54526466
0.61294299
0.54147142
0.59984821
0.61015069
0.55982
0.55689979
0.58250916
0.57636386
0.61792582
0.52106148
0.49250823
0.46440575
0.63138986
0.4485594
0.51006365
0.55325466
0.5143314
0.55647999
0.57093173
0.49727872
0.57090288
0.50643277
0.56383455
0.4709729
0.58291262
0.62335449
0.53995091
0.56336093
0.62080234
0.62170941
0.59223932
0.60460597
0.51849383
0.57935882
0.56748474
0.58110887
0.58791161
0.64434171
0.52871847
0.60854501
""
""
""
0.66888374
0.57425064
""
0.67905349
0.54724687
0.53425974
0.59765261
0.58714831
0.58677948
0.59746253
0.62876123
0.58787256
""
""
0.61776233
0.57728863
0.58242774
0.54863304
0.55550259
0.59372783
0.53467792
0.5655942
0.58736145
0.58371532
0.57967895
0.59420776
""
0.65999389
0.55257291
""
0.4737348
0.59516215
0.53882682
0.54065323
0.46594694
0.47647607
0.5698598
0.57260448
0.61050045
0.50478745
0.56775934
""
0.52863371
0.5453155
0.59836876
0.64587235
0.62402916
0.54052544
0.51583433
0.65536916
0.58039385
0.60756058
0.62695891
0.50175518
0.67703658
0.63131994
0.61490941
0.63218904
0.61699522
0.67328101
0.67888737
0.66372859
0.68775433
0.61273748
0.58122891
0.64105749
0.69985062
0.58644581
0.56013995
0.56266111
0.64066947
0.58059329
0.55519772
0.62390321
0.56519222
0.60991591
0.55634308
0.5866363
0.70127141
0.61520034
0.61804897
0.65799373
0.56400084
""
0.70048118
0.54159874
0.65676647
0.54543746
0.4926613
0.50084454
0.58319515
0.56862611
0.52243
0.58920181
0.5204249
0.59007806
""
0.58391404
0.55884433
0.59494627
0.58537197
0.52747709
0.56737071
0.65963554
0.6804654
0.6552996
0.46930042
0.57351446
0.58764356
0.62930822
0.56997091
0.68619281
0.59639245
0.62176239
0.70876008
0.65483302
0.62817568
0.63305181
0.6052857
0.65723073
0.64456987
0.58457553
0.5849902
0.50631475
0.60116559
0.63472235
0.64733052
0.64555889
0.64410418
0.5969938
0.62047738
0.63849598
0.57747126
0.64817965
0.67190367
0.66001576
0.64796495
0.66973293
0.64658797
0.68751013
0.63490778
0.62818289
0.60331196
0.67818874
0.69706064
0.59532595
0.57900363
0.66954917
0.62740785
0.66913784
0.64725405
0.62092704
0.70624918
0.64571965
0.66779184
0.66405123
0.63956004
0.61320233
0.60240918
0.64664489
0.67840248
0.63012397
0.59038669
0.60336745
0.72004372
0.60686076
0.62142837
0.62190783
0.5935896
0.59783834
0.60341555
0.65137017
0.65435714
0.70474166
0.5889678
""
""
0.63381934
0.59876627
0.61456388
0.62817609
0.63321561
0.55365711
0.52819145
0.59652174
0.5837481
0.60820246
0.5840705
0.56197202
0.64422274
0.60233945
0.63621682
0.61021537
0.58298528
0.51936382
0.54481757
0.5278824
0.51645172
0.44928554
0.48912635
0.41132846
0.58057523
0.56178296
0.56492096
0.47412655
0.56605744
0.60292876
0.59380984
0.56654465
0.60395378
0.56610692
0.60701567
0.59958255
0.50374687
0.51343602
0.45753366
0.5328086
0.47276086
0.52840996
0.60623813
0.57534391
0.57140422
0.60031921
0.55695647
0.56539345
0.44995761
0.4688094
0.55447018
0.49371868
0.50669271
0.56221867
0.54805452
0.55898446
0.55937576
0.50252163
0.60490501
0.50755429
""
0.62546641
""
""
0.45002881
0.48565453
0.56810433
0.53590906
0.52362162
""
0.54858565
0.50976497
""
""
""
0.49492255
0.65501744
""
""
0.50802577
0.42324173
0.52293676
0.56637114
0.54988247
0.57813197
0.57386327
0.60404402
0.43257689
""
0.6018728
0.64565367
""
""
""
""
0.48620352
""
0.38383871
""
""
0.45394295
""
""
""
""
""
0.52840573
""
""
0.49840504
""
""
0.61237621
0.51966888
""
""
""
""
""
0.61226505
""
""
""
""
""
0.69474971
0.47121561
""
0.54458946
0.5029068
""
""
""
""
""
""
0.47623962
0.58808672
""
""
""
""
""
""
""
""
0.68580812
0.64099938
0.59038132
0.47596085
0.52366012
0.59484226
0.552935
""
""
""
""
""
""
""
""
""
""
""
""
""
""
""
""
""
""
""
0.52259761
0.53346163
0.52034098
0.55059725
0.46042815
0.59101242
0.58975583
0.49703947
0.6167683
0.53144783
0.6495297
0.61991012
0.63640857
0.61624604
0.57933033
0.64937896
0.57531077
0.75907582
0.55406922
0.60927576
0.54689062
0.55450606
0.60521311
0.47478721
0.55065823
0.63415492
0.57848978
0.58161455
0.54151499
0.58823419
0.56034482
0.4808813
0.572945
0.52593273
0.60175627
0.53840798
0.53830171
0.56558996
0.54739523
0.55269909
0.5665974
0.54394048
0.54275298
0.5137884
0.61727768
0.72264129
""
0.60235471
0.54478383
0.58689076
0.53697491
0.58891439
0.62874639
0.67533207
0.56185216
0.5820595
0.50448781
0.56729656
0.56618249
0.56307226
0.55582881
0.48985019
0.48735595
0.46223804
0.53791708
0.59474701
0.581981
0.56555206
0.55107665
0.61953062
0.54573005
0.49727476
0.47326341
0.47024691
0.56555343
0.6431731
0.64672607
0.59936684
0.54306519
0.5876689
0.6859839
0.70315725
0.62145078
0.62532347
0.63494813
0.61548913
0.61601371
0.61485577
0.5520516
0.61940414
0.53345454
0.58635831
0.59067357
0.57659352
0.61951923
0.56010044
0.59051573
0.54706395
0.59809524
0.36727196
0.54233396
0.66471279
0.62747198
0.6195662
0.61702901
0.6234284
0.61778724
0.64829063
0.58642787
0.41846392
0.48678488
""
""
0.63192427
0.56769806
0.61889666
0.56805986
0.65727192
""
0.51202822
0.43545201
0.56706798
""
""
0.53130376
0.55699015
0.51720226
""
""
0.50022084
0.52155983
""
""
""
""
0.54372764
0.61510587
0.5721221
0.54665774
0.54743868
0.57974726
0.61861521
0.61187184
0.55489475
0.61776823
0.61492664
0.64371055
0.58677572
0.63248539
0.64613527
0.59605563
0.67876726
0.68643135
0.62757057
0.62630183
0.64762008
0.61299145
0.60847175
""
0.62834203
0.60264927
0.62279278
0.65215802
0.5855208
0.48475575
""
""
""
""
0.58519924
0.6972301
0.63292348
0.67177182
0.52173191
""
0.49094304
0.57976782
0.59923464
0.56913024
0.59865254
0.57092178
0.51215464
0.58743584
0.58704674
0.55581266
0.57263809
0.62079722
0.50800389
0.49362069
0.58346093
0.57980889
0.58320689
0.5132311
0.53608537
0.56627655
0.57427347
0.56331682
0.6121102
0.61622226
0.54615784
0.50939643
0.49001926
0.62403768
0.55455405
0.58430743
""
0.58249092
0.57406324
0.56985736
0.57936448
0.61614496
0.67834955
0.60616773
""
0.61596966
0.60623771
0.57944012
0.64091492
0.63754731
0.48381382
0.52426237
0.52996469
0.53441232
0.59222126
0.53763002
0.52137721
0.55486614
0.44557092
0.54123247
0.46979108
0.56025523
0.49519482
0.60357308
0.57444835
0.56846446
0.57880366
0.59859222
0.61815858
""
""
0.62477911
0.61484927
0.45544341
0.52095443
0.53616744
0.56345737
0.52194721
0.49069789
0.58524436
0.54849994
0.6479485
0.46239749
""
""
0.58687788
0.56446522
0.55933487
0.63789994
0.56892991
0.69325501
0.60302079
0.54117566
0.48008585
0.50886643
0.52670461
0.54523683
0.56389689
0.46251839
0.421619
0.51001316
0.45963493
0.61453366
0.53639239
0.6048286
""
0.5890013
0.50864738
0.64548308
0.57214552
0.5423488
0.58261728
0.50466663
0.53673053
0.5388478
0.67247874
0.64754307
0.69636977
0.64442152
0.62950104
0.61336744
0.61147773
0.64993626
0.65371692
0.63366336
0.5978657
0.58869743
0.63441724
0.54594737
0.44946057
0.56391573
0.57522225
0.55144197
0.53643799
0.57204968
0.59911996
0.62028289
0.6014024
0.59073627
0.63666117
0.63351929
0.60904884
0.47043499
0.57364398
0.59268105
0.50324458
0.51359826
0.63167197
0.56777185
0.60512811
0.68641359
0.62367886
0.6373536
""
0.55448121
0.58666813
0.67582285
0.51404542
0.5853253
0.50690109
0.51149559
0.59539664
""
0.49303365
0.43505436
0.47968382
0.35079998
0.36009812
0.58790338
0.56698227
0.55737585
0.5647158
0.54329699
0.30213833
0.52636147
0.50936997
0.58172208
0.49371198
0.35598531
""
0.30395791
0.49179369
0.50881225
0.58434683
0.537287
0.52995777
0.6053164
0.61966056
0.54543293
0.56524289
0.5253467
0.52457243
0.51225364
0.57143551
0.63470513
0.52132648
0.58832097
0.60191739
0.52574688
0.52396446
0.561481
0.59172791
0.50887448
0.46984279
0.51175863
0.51800418
0.4156107
0.53272599
0.63712996
0.57299888
0.54986501
0.61442459
0.58806229
0.48168722
0.5874657
0.53642905
0.56812084
0.53515857
0.62906724
0.56119943
0.67350769
0.62358415
0.52495718
0.54729873
0.53199083
0.58478856
0.62681395
0.6423592
0.47806615
0.61059731
0.60281104
0.47060132
0.66635674
0.52413857
0.595456
0.69157594
0.41950044
0.59426051
""
0.34573036
0.47148088
0.46880308
0.45969528
0.49332732
0.50048202
0.4732272
0.31525782
0.51897252
0.47428402
""
0.47858012
0.45319486
0.51913643
0.44702685
0.6042015
0.51571304
0.45102304
0.52937919
0.57644689
0.63446581
0.61773926
0.56986052
0.50642288
0.6225071
0.50080472
0.57647717
0.52468866
0.48043522
0.58089554
0.52693444
0.5481891
0.5735507
0.5694555
0.5782097
0.57827687
0.60821366
0.60406893
0.61339724
0.52949077
0.5712024
0.60903275
0.59933048
0.55042404
0.59074444
0.564951
0.45755556
""
0.59828395
0.5890761
0.55300164
0.55756116
0.59380478
0.58401567
0.49689358
0.50695795
0.70410484
0.71256024
""
""
0.59331542
0.59700394
0.65801233
0.58519888
0.61447662
0.62022436
0.62791973
0.57027143
0.5924657
0.58330512
""
""
""
0.55563962
""
0.5875417
""
""
0.62255061
0.52133131
0.65709651
0.65328074
0.57446694
0.52426374
0.58020073
0.65215105
0.54040319
0.56945211
0.52787513
0.63170618
0.68175834
0.68934298
0.68510532
0.64920264
0.62589437
0.64265746
0.62875664
0.60823208
0.57673264
0.61508334
0.57212722
0.53327179
0.53544372
""
0.6747852
0.66421056
0.63375694
0.67793363
0.72345883
0.65333951
0.6714164
0.6718989
0.63484317
0.5617128
""
0.57706076
0.60994428
0.55610055
0.55880928
0.6149624
0.60810202
0.57709455
0.50441086
0.604801
0.60197818
0.68051738
0.53243285
0.58992404
0.57115978
0.62146878
0.6006102
0.55663896
0.57423621
0.5999614
0.609828
0.52973026
0.64622498
0.59052837
0.62043417
0.64221609
0.61329186
0.58204013
0.66417652
0.66496247
0.69523615
0.63632268
0.69386184
0.63054931
0.6081745
0.59605217
0.57233673
0.64716518
0.58060849
0.6956442
0.62519538
0.60402828
0.58897108
0.68106723
0.56780869
0.53674644
0.53586805
0.54812515
0.55559713
0.51649958
0.54156214
0.51309627
0.58569562
0.60477883
0.56364477
0.51584291
0.57549053
0.54857588
0.61823761
0.61400515
0.36693314
0.58584696
0.56381792
0.62266606
0.56633091
0.49184087
0.51557153
0.53643018
0.51692003
0.55963558
0.62101972
0.63138461
0.67304814
0.55719179
0.62437552
0.57343763
0.56910169
0.72955728
0.70242023
0.61759764
0.61544442
0.53186399
0.56692749
0.59628153
0.55293781
0.61009908
0.5848195
0.54135662
0.59076279
0.5728364
0.65727752
0.62309945
0.49444738
0.47594118
0.55609256
0.50725514
0.53871155
0.54205996
0.52083409
0.54893237
0.58256757
0.56060398
0.53747803
0.58659267
0.51553404
0.54174149
0.5641914
0.52343535
0.56107086
0.601399
0.56648809
0.66528505
0.64973015
0.60297632
0.55718493
0.4981676
0.65014517
""
0.45063874
0.53435844
0.48019782
0.58803928
""
""
0.47548237
0.41306153
0.57698852
0.41530055
""
""
0.50832564
0.50930035
0.46601906
0.37782112
0.55703169
0.45231932
0.53161943
0.48868898
0.40927729
0.46252334
0.51819527
0.51660484
0.50550002
0.53114486
0.51939362
0.49634859
0.60687172
0.52202666
0.5944072
0.49687541
0.52499801
0.51260507
0.56894124
""
0.5634141
0.5001691
0.54446191
0.53509176
0.55069673
0.51083231
0.54897809
0.61227727
0.42634055
0.60615909
0.56874454
0.57584065
0.64209735
0.59963214
0.6989491
0.63961315
0.57090443
0.5737657
0.68793976
0.55718493
0.51926255
0.50114924
0.5502097
0.61177105
0.64630789
0.58400577
0.60434443
0.62848479
0.67853886
0.62079012
0.67486423
0.71595001
0.55236328
0.45750052
0.44743782
0.63022584
0.64598107
0.54973483
0.63904965
0.60939491
0.59588474
0.58200598
0.65808922
""
0.70894778
0.63791883
0.68192488
0.61560655
0.53204799
0.5460096
0.56165493
0.56692231
0.65047127
0.60472119
0.67457449
0.59559751
0.65194213
0.63743371
0.60704589
0.59991544
0.55634058
0.55999535
0.55392545
0.62291837
0.55214614
0.55459785
0.57849962
0.64121896
0.5920319
0.5307281
0.57166106
0.60644859
0.55904967
0.57260025
0.53936315
0.56608987
0.47204572
0.52818435
0.64402133
0.680731
0.65298373
0.61212182
0.65797055
0.63241601
0.57398587
0.55922514
0.58157849
0.54236573
0.55197078
0.55653
0.56622285
0.56499267
0.47333062
0.46570981
0.60364747
0.56564063
0.52962601
0.58781314
0.54181385
0.59597188
0.63831156
0.60199481
0.61609691
0.59428656
0.60882932
0.63640332
0.63391292
0.64525831
0.69899786
0.58556813
0.58222383
0.49410236
0.56721896
0.56104678
0.55814356
0.49049172
0.56588608
0.53057027
0.53135127
0.57302916
0.58001399
0.54010755
0.6125378
0.42668241
0.51191401
0.50690103
0.52007896
0.55535531
0.54074252
0.53412604
0.48201439
0.39521345
0.43621531
0.44366643
0.49679652
""
0.51422137
0.62677544
0.60751516
0.4555802
0.4837456
0.57983327
0.54871452
0.43467507
0.54368269
0.35816896
0.42138997
0.5040229
0.55716753
0.50361097
0.43115669
0.47016448
""
""
""
0.52749127
0.49803513
0.58180779
0.56831872
0.53355402
0.66154379
0.48304486
0.54986209
0.54156488
0.4763602
0.55956149
0.59780568
0.53877366
0.60665649
0.58328897
0.60628867
0.66111052
0.59574145
0.65045673
0.62606388
0.66466856
0.56066853
0.64961094
0.56997544
0.513349
0.61503166
0.56808656
0.60601413
0.58475816
0.57116216
0.47727481
0.63309592
0.56264174
0.58701539
0.56427616
0.57200593
0.56467712
""
0.63240123
0.62645018
0.62257469
""
0.56528318
0.62062979
0.64075804
0.5899725
""
0.6403057
0.5317151
0.54096061
0.63574958
0.57327473
0.56997532
0.62479001
0.60433817
0.56713659
0.55151886
0.54084796
0.65257317
0.59655833
0.6189484
0.63647705
0.61316401
0.61876297
0.57350612
0.6354503
0.5775255
0.5761497
0.56682044
0.63919026
0.60885006
0.63530993
0.60698861
0.61758268
0.60894072
0.62648177
0.57157505
0.65470296
0.49517909
0.62495506
0.63901103
0.57803833
0.56921166
0.57915843
0.53689122
0.52086419
0.54701048
0.58606857
0.52481729
0.52706796
0.57469034
0.53758126
""
0.62632167
0.60717684
0.61570233
0.6374349
0.62228048
0.5976764
0.65532911
0.60589522
0.64970875
0.63840139
0.56973183
0.55869091
0.58210552
0.64806724
0.63812852
0.68396538
0.64519566
0.63911521
0.55598062
0.64440644
0.59592098
0.55686188
0.57763982
0.55385184
0.56027365
0.6570164
0.50467587
""
""
0.42638958
0.41419774
0.52177989
0.44282171
""
0.53684932
0.49970105
0.57560915
0.58009124
0.59553617
0.59899527
0.52987087
0.56235647
0.60432321
0.52028304
0.57227242
0.53761351
0.56625569
0.56530994
0.49535322
0.55174202
0.50885469
0.63178831
0.59677202
0.6598165
0.5848065
0.53647631
0.60528493
0.54449379
0.6071682
0.62543786
0.53327799
0.60726553
0.578376
0.53200823
0.55221963
0.60927474
""
0.58442509
0.56734312
""
""
""
""
""
""
""
""
""
""
""
""
""
""
""
0.58542114
0.49361968
0.46565118
""
0.62733752
0.71244836
0.63437194
0.54194224
0.60208064
0.51077276
0.56606394
0.44459599
0.43005615
""
0.39105004
0.44937181
0.45419621
0.54737639
0.50972021
0.45450211
0.40176967
""
0.49711916
0.45909196
0.54200482
0.54191214
0.54585522
0.49168774
0.44283593
0.53832978
0.28872097
0.50681019
0.6388033
0.6369102
0.63618314
0.51464117
0.490823
0.56960315
0.60421288
""
0.46895269
0.5616129
0.46994999
0.5666455
0.4642446
""
""
0.30425298
""
""
0.46231797
0.58721703
0.60099775
0.60996491
0.52903712
0.46193486
""
0.47770384
""
""
0.38679117
0.4006862
""
0.53679115
0.48886999
0.46416873
0.48845801
0.49189183
0.5049758
0.53662813
0.50084996
0.37897524
0.55696255
0.55228972
0.50292623
0.57977903
0.48760563
0.45806578
0.65163183
0.61359113
0.66489482
0.60841697
0.58863026
0.57729232
0.5250572
0.65782195
0.59050262
0.60694206
0.60409248
0.62288451
0.54107648
0.50079083
0.56462801
0.61063308
0.57559699
0.58921564
0.50240654
0.56445128
0.48205289
0.5606733
0.50825316
0.47897327
0.4292675
0.46993238
""
0.56571412
""
0.45389149
0.5382902
0.54791343
0.52927256
0.51829833
0.59145951
0.5171234
0.5783487
0.60737634
0.51032192
0.58750898
0.62190115
0.52674681
0.56231213
0.49462271
0.51923102
0.56114209
0.5603295
0.48151809
0.54263407
0.5605455
0.41660893
0.48190016
0.53128099
0.44279772
0.51208657
0.50743324
0.53988409
0.53778046
0.50369841
0.58072019
0.5775432
0.57240152
0.6712302
0.56014925
0.61162436
0.59806585
0.62380326
0.57712978
0.6308586
0.57348502
0.57225764
0.54608804
0.61857408
0.62726063
0.6076538
0.53749758
0.56337696
0.61605453
0.70566052
0.61400378
0.47498283
0.47032315
0.45979777
0.52260959
0.55939984
0.58584028
0.56739008
0.65180826
0.50655317
0.57187355
0.60988986
0.51927954
0.70536578
0.6168834
0.64024645
0.64628458
0.6301623
0.58441925
0.56252241
0.52173823
0.61584222
0.59853542
0.5137589
0.68141788
0.52993
0.57637495
0.59001511
0.56226665
0.56133169
0.59530002
0.5365606
0.54425019
0.52170402
0.5607776
0.59313661
0.61125749
0.6153118
0.56901067
0.57776332
0.59577614
0.62979043
0.55340177
0.54807001
0.59039062
0.5472185
0.56567466
0.53223825
0.5329569
0.48307377
0.55746722
0.60898221
0.5545541
0.50976443
0.58861166
0.63740718
0.53415895
0.62278438
0.6006332
0.56697536
0.63913321
0.55531073
0.60764301
0.60750151
0.65646547
0.60670859
0.57374656
0.58571297
0.51086855
0.60467529
0.54566216
0.66186571
0.53313214
0.58985627
0.53460008
0.62087011
0.61930913
0.59600341
0.56689137
0.57414001
0.58269155
0.59929764
0.59055972
0.59049022
0.52444911
0.62665778
0.56537664
0.52096111
0.5493511
0.58114547
0.55642152
0.56999338
0.53863412
0.47395822
0.60876101
0.58826506
0.57786363
0.58202368
0.50041062
0.58796698
0.54943067
0.59086311
0.60409576
0.5721305
0.55017436
0.65437597
0.63516641
0.62567788
0.62230241
0.56322592
0.58287895
0.68111682
0.61924934
0.5759365
0.63773203
0.59846038
0.59829307
0.5567807
0.60763341
0.57916266
0.56649244
0.68918765
0.65740174
0.68657792
0.57371855
0.59583831
0.64634597
0.64542842
0.60170305
0.6107384
0.57680041
0.56687075
0.56660897
0.50960058
0.55055505
0.56557506
0.62649715
0.60693312
0.68620455
0.6163398
0.68468803
0.63559061
0.70149815
0.69451535
0.6465109
0.57414234
0.65350425
0.61751568
0.56971073
0.54255313
0.6285122
0.59617907
0.58809918
0.5903241
0.65211165
0.54101092
0.61086017
0.61672199
0.53439909
0.62213963
0.62347949
0.5339303
0.55741507
0.57152748
0.61298996
0.56291026
0.61666179
0.60060483
0.56316334
0.54526132
0.59794348
0.54794139
0.55670577
0.54932863
0.60732991
0.50999445
0.59827304
0.61406785
0.61582029
0.63820344
0.57573158
0.5964033
0.56556183
0.49111414
0.5078072
0.48577812
0.4707385
0.47294295
0.47438854
0.46984634
0.41884667
0.48686418
0.44126639
0.39907828
0.5491758
0.54614836
0.60108972
0.54840517
0.52004957
0.55684787
0.50098479
0.63948053
0.39000866
0.47074649
0.56628454
0.4565872
""
0.47324499
""
0.59102076
0.42919263
0.48712647
0.42500553
0.54602951
0.61440116
0.56076694
0.46742415
0.59682322
0.45880136
0.5117808
0.52918684
0.49908936
0.54442221
0.53432244
0.46665579
0.43050173
0.64848179
0.52862865
0.50651151
0.56063849
0.59557587
0.66914701
0.62739354
0.57396322
0.52663654
0.59780651
""
0.49301875
0.50651735
0.53216118
0.54855341
0.60685861
0.60863042
0.6041618
0.57860053
""
""
0.64595836
0.46444991
0.6355468
0.56576604
0.50518876
0.59727573
0.57112241
0.58230716
0.55945218
0.52573401
0.49865282
0.57658488
0.53248888
0.5998624
0.51392543
0.47567126
0.44341812
0.59669107
0.53829616
0.47450632
0.59204817
0.59425038
0.52939022
0.50933123
0.59932911
0.56021333
0.58088386
0.5316577
0.47822103
0.58981359
0.52635986
0.5629524
0.60303766
0.61097091
0.62685525
0.52307415
""
0.57106197
0.66993797
""
0.56128275
0.54970658
0.44013259
0.46100545
0.51057917
0.5184831
""
0.55396706
0.47915468
""
0.53445703
0.56310111
""
""
0.50607353
""
""
""
""
""
0.45506188
0.50681174
0.58593202
0.4919138
0.57344973
0.47950608
0.493202
0.50533205
0.46585864
0.55944675
0.49497402
0.54537833
0.52390254
0.50732523
0.45686102
0.48887348
0.49448046
0.54484993
0.65624189
0.55198956
0.62315291
0.625552
0.67440176
0.53270942
0.56292129
0.63684142
0.6529969
0.65490037
0.63825518
0.58393747
0.51430404
0.56950432
0.56837648
0.60482436
0.60985518
0.61526644
0.5859257
0.52942395
0.64728403
0.5688656
0.54752403
0.56700492
0.55917925
0.57777905
0.71114993
0.53778106
0.51714933
0.58104312
0.66792423
0.62384528
0.67812634
0.61276591
0.61579883
0.59392709
0.60791153
0.52021164
0.57496643
0.52127874
0.60984331
0.53929645
0.5416615
0.57069016
0.61863321
0.61836761
0.55152273
0.52710205
0.61997408
0.55798388
0.57546353
0.62753433
0.64740056
0.55532247
0.53795534
0.61039847
0.5339573
0.43641767
0.57639033
0.54491025
0.56859881
0.47071746
0.5972389
0.52043647
0.51654744
0.54390371
0.50645226
0.54514128
0.46916953
0.40574268
0.52368426
0.603396
0.62758559
0.57545704
0.59952897
0.55865866
0.61815345
0.50853699
0.55254078
0.54374826
0.55274308
0.53930688
0.6152907
0.54713112
0.61572534
0.65906894
0.53097183
0.57189125
0.53129792
0.52368003
0.54936785
0.58795303
0.62953615
0.66069931
0.55817503
0.60177433
0.58430094
0.55172354
0.59687018
0.59143305
0.60056126
0.51722175
0.61422884
0.59164721
0.62660384
0.64314699
0.50439626
0.62428927
0.61657935
0.59643269
0.51328397
0.62440479
0.65063113
0.60838497
0.56598169
0.49059057
0.47675949
0.53832573
0.44668153
0.5624916
0.50629854
0.60255897
0.37035388
""
""
""
0.47331306
0.41405913
0.53691548
""
0.49466473
0.56465578
0.46278194
0.5822984
0.4976556
""
""
0.47381648
0.54675281
0.47233421
0.48599467
0.39243874
0.65473127
0.46549013
0.60659206
0.48211363
""
0.40574074
""
0.47645912
0.45387846
0.59323049
0.55357701
0.48867255
0.52074718
0.55199856
0.49385706
0.57904691
0.54903251
0.51155829
0.52840561
0.51854432
""
0.46825075
0.51303864
0.64125645
""
0.54245669
0.49042425
0.56718689
0.49219483
0.54743642
0.51867414
0.49344778
0.59495318
0.56079185
0.57400465
0.56928039
0.53564966
0.54507291
0.44041216
0.56168568
0.59056163
0.63078743
0.57250077
0.61136556
0.56645876
0.54223037
0.59539694
0.55006969
0.57818347
0.58529907
0.54445851
0.75722849
""
0.53816158
0.5771507
0.54683661
0.60964835
0.61786133
0.6045469
0.55375147
0.54723489
0.52147102
0.61176813
""
""
0.57948846
0.64765942
""
0.62601537
0.522578
0.55664539
0.5218038
0.5374459
0.54643744
0.53107113
0.50322276
0.55854636
0.57559335
0.57800484
0.48420978
0.47636479
""
0.55326658
0.51401639
0.56473994
0.52863669
0.48857772
0.59108144
0.58980072
0.69834739
0.6424433
0.60795683
0.6458354
0.62653488
0.59952331
0.59693336
0.57335585
0.63563764
0.64744163
0.59994888
0.53766775
0.52586454
0.5659436
0.62667066
0.58547693
0.63767338
0.55105799
0.52288932
0.57192951
0.58430564
0.6358844
0.60260057
0.63227177
""
0.60415173
0.60950571
0.66975617
0.625126
0.58864313
0.58631051
0.6015653
0.6224671
0.59321988
0.61120218
0.62720382
""
""
""
""
""
""
""
""
""
""
""
""
""
""
""
""
""
""
""
""
""
""
""
""
""
""
""
""
""
0.57296926
""
0.60264856
0.44791549
""
0.45920831
""
0.44863963
""
""
0.59924626
""
0.47240961
0.48003161
""
0.57566434
0.58876693
""
""
""
""
""
""
""
""
""
""
""
""
""
0.57247573
0.65500981
0.6954993
""
0.65690929
0.6240536
0.62473446
0.53802556
0.60351431
0.66572464
0.5769158
0.66076308
0.64430469
0.63854343
0.45033306
0.45048973
""
0.53863901
0.5274291
0.43189418
0.57469767
0.43740085
0.40081936
0.52727646
0.51275742
0.39144558
0.52227479
0.4760572
0.6277101
0.59801137
0.59995818
0.6210885
0.53143919
0.60205775
0.55662405
0.5865097
0.62930167
0.53196985
0.59359539
0.56885445
0.49935505
0.55152571
0.57093227
0.56235743
0.54278851
0.52390832
0.59565926
0.58499503
0.5656597
0.6014688
""
0.58665413
0.54781574
0.5757637
0.47496399
0.62221479
0.50399029
""
""
""
""
0.65442216
0.64049852
0.55621421
0.60551143
0.66180605
0.67643636
0.62471038
0.62257653
0.50291187
0.55865026
0.67065328
0.64133447
0.5857439
0.64493853
0.5621264
0.59474701
0.53282553
0.63278276
""
0.52044189
0.58951753
0.58856261
""
0.55573171
0.647524
0.58229524
0.56586236
0.56581795
0.57850647
0.59966558
0.47319153
0.58661127
0.54990762
0.64896798
0.57993716
0.54708356
0.62257779
0.56474876
0.58666259
0.61938518
0.61087626
0.63353717
0.5864377
0.57702565
0.64824665
0.51548511
0.66099167
0.59486783
0.63093436
0.49800655
0.59976149
0.6311512
0.55673122
0.6404236
0.59588182
0.633313
0.52006352
0.5567748
0.54008889
0.62212318
0.58882749
0.56938964
0.58563101
0.6155442
0.56425279
0.67839295
0.58595651
0.55214721
0.62232602
0.60259879
0.61051393
0.52250642
0.62847579
0.60632432
0.63272542
0.56343842
0.62209654
0.52670586
0.51475352
0.50530708
0.55610263
0.54870468
0.57643324
0.44887912
0.53005832
0.58848715
0.57160163
0.61060691
0.55689585
0.51389444
0.59350067
0.6188904
0.6211282
0.59032184
0.57299131
0.62512273
0.58002949
0.58956599
0.58324438
0.67600811
0.71915072
0.65656954
0.75229913
0.65225232
0.64454323
0.59003812
0.5760504
0.5860787
0.59910583
0.64182544
0.58639407
0.56325066
0.53041679
0.50681639
0.55391508
0.5393979
0.55028218
0.47959489
0.49458575
0.57659149
0.54185319
0.54690731
0.55193728
0.61880571
0.66194975
0.67238677
0.56761813
0.56380653
0.50454915
0.61713123
""
""
""
""
""
""
""
0.67210293
0.53576785
0.58724123
0.6017369
0.60940439
0.64508235
0.59333163
0.57544172
0.63268507
0.58387011
0.55949789
0.61312354
0.64422393
0.59384596
0.58349115
0.59524792
0.57587218
0.61507529
0.57254386
0.58405691
0.58281088
0.55116653
0.56556743
0.58878344
0.58422732
""
0.58694452
0.55651271
0.56610709
0.52128267
0.58852047
0.5662238
0.59426039
0.60692996
0.60956645
0.57239938
0.57009178
0.60272294
""
0.61770749
0.6126008
0.58186001
0.63612837
0.6435169
""
0.63370126
0.60792112
0.63564289
0.56512821
0.56614327
0.59371001
0.58872312
0.60370535
0.62908119
0.61560655
0.60419965
0.62709385
0.59256828
0.57658273
0.61055887
0.5124132
0.55078614
0.5728482
0.5702998
0.57873684
0.55669683
0.57103252
0.60680044
0.56455672
0.60669541
0.62729102
0.621113
0.54037184
0.61768007
0.64149308
0.63450468
0.64127702
0.63432592
0.62221724
0.63353437
0.63307881
0.62713808
0.65183866
0.60972619
0.66779387
0.61799711
0.62793207
0.59250146
0.61778611
0.59116858
0.5542419
0.62115496
0.61614454
0.5885095
0.6405583
0.57798916
0.63074011
0.60394889
0.64397818
0.65430242
0.70385975
0.7050221
0.71250862
0.66019982
0.61132622
0.5700053
0.68154728
0.5684818
0.58788651
0.6025967
0.55280513
0.49481776
0.59217805
0.56058717
0.5851323
0.57752246
0.51812482
0.62099665
0.63832575
0.55647421
0.5713048
0.62642258
0.61659384
0.58879042
0.65166575
0.67576331
0.68166828
0.59217781
0.51389158
0.54254681
0.56747031
0.56980306
0.52168983
0.54083425
0.53364927
0.5491488
0.58376533
0.57770717
0.58711654
0.55855316
0.52585912
0.56812859
0.62821823
0.53054094
0.54382056
0.534464
0.58276999
0.52037024
0.52684116
0.46491626
0.50459623
0.4795247
0.47989404
0.47427207
0.51831526
0.52369624
0.52427942
0.4240326
0.49100754
0.48681247
0.4783197
0.57728851
0.54723698
0.58099645
0.52114171
0.49847239
0.59535521
0.54967481
0.58923525
0.61111468
0.54072726
0.63420451
0.5590508
0.56670749
0.51508909
0.62733603
0.59318817
0.59901357
0.60980773
0.57555366
0.51707727
0.54887563
0.603369
0.5895679
0.57239401
0.62256658
0.60825241
0.61146981
0.59794331
0.60299742
0.58629555
0.57672787
0.61678225
0.5950346
0.63071942
0.59294671
0.60402262
0.61063868
0.58809435
0.55486357
0.47173315
0.48738301
0.47031131
0.55265856
0.55010927
0.55541188
0.53928751
0.56257057
0.57962078
0.55930269
0.53413385
0.53977835
0.58652347
0.61083406
0.59957355
0.63392556
0.61968863
0.56223124
0.57750887
0.5319137
0.60564762
0.57782185
0.58403683
0.57688546
0.58482778
0.59874672
0.59484875
0.54767644
0.59147859
0.62578678
0.59680665
0.64517742
0.60225505
0.56879985
0.64117384
0.62929225
0.60451949
0.56593716
0.63302702
0.59604114
0.61665612
0.59342557
0.62887502
0.60803175
0.63813031
0.65013206
0.56608593
0.59488052
0.61606145
0.64071894
0.60464609
0.64236701
0.60008401
0.59582317
0.60491258
0.63248622
0.62056392
0.58383393
0.53994417
0.61870754
0.61361378
0.58018154
0.60999024
0.6145916
0.63917744
0.65150416
0.63439393
0.62427551
0.61680216
0.58807778
0.59258091
0.61146259
0.67621738
0.56926072
0.5847854
0.62718582
0.59114641
0.58453935
0.61768943
0.54850149
0.584279
0.53636205
0.53999579
0.55541068
0.53534484
0.56393921
0.5745303
0.55730069
0.57769608
0.59185821
0.62418646
0.57540244
0.61396331
0.57505745
0.55863345
0.58349615
0.61709285
0.57338995
0.59705955
0.53991646
0.60453492
0.60633773
0.57795578
0.65985495
0.55167204
0.59721011
0.60623503
0.57886964
0.57815987
0.61964834
0.61596298
0.55776328
0.62012714
0.54756135
0.57159799
0.59213138
0.6102432
0.55319172
0.56853861
0.56441504
0.57951492
0.53101307
0.59424001
0.58634174
0.5661729
0.56628829
0.51464319
0.55935955
0.5793311
0.51491469
0.59385598
0.61907876
0.57612038
0.60714889
0.54882663
0.58696133
0.54850996
0.59710342
""
""
""
0.53298813
0.69006044
0.62467593
0.58751047
0.60952371
0.59474313
0.58843637
0.62896615
0.61453772
0.62238258
0.61580557
0.59586185
0.6993863
0.59577262
0.62591255
0.66853106
""
0.62344247
0.58977878
0.66006768
0.56680393
0.63222808
0.6277284
0.58765292
0.62544459
0.58468121
0.59283054
0.61451662
0.61158735
0.62040132
0.576141
0.58764172
0.55018091
0.60300696
0.56771183
0.66952139
0.70587748
0.68524855
0.68409127
0.68081391
0.6862368
0.62466419
0.63616347
0.61609751
0.62753135
0.59242439
0.60169768
0.58864576
0.59221506
0.53966022
0.56934804
0.60355353
0.60444164
0.59121644
0.54953474
0.5885753
0.61910343
0.65398741
0.56640416
0.55530697
0.59081376
0.58772212
0.60529459
0.5649817
0.59226078
0.59219342
0.54340649
0.58538699
0.5771454
0.57425267
0.59590614
0.58873343
0.56552142
0.58606815
0.57652223
0.60560215
0.6003176
0.50913191
0.59602696
0.53995228
0.5782786
0.54103506
0.51570493
0.56339216
0.57154888
0.56808329
0.46166843
""
0.59527618
0.59228629
0.52281624
""
0.48758766
0.56352907
0.62950587
0.53490484
0.59246904
0.58716929
0.61590493
0.5576964
0.54998636
0.54913682
0.51935643
0.60041505
0.62251109
0.47776556
0.56291693
0.55956709
0.54555619
0.45972082
0.59441608
0.55080235
0.54972982
0.56664199
0.55235827
0.61452395
0.56554437
0.52343839
0.54413003
0.58181107
0.53382397
0.59188163
0.57378137
0.56536192
0.58365083
0.58627898
0.52565533
0.55483288
0.55879176
0.53364289
0.58771777
0.6470086
0.58890897
0.59337008
0.57363278
0.63176668
0.60589951
0.5653854
0.61503607
0.59543049
0.60345513
""
0.61956823
0.58003116
0.61601079
0.62621659
0.6442582
0.64280283
0.62859529
0.55134439
0.56456673
0.54862738
0.55642194
0.54909623
0.52741212
0.62462562
0.58942747
0.55038679
0.59982955
0.62927198
0.60494852
0.62425786
0.58922017
0.57810718
0.57600194
0.60781825
0.59374356
0.53053421
""
""
0.60484612
0.59089273
0.61170375
0.59391451
0.52495086
0.51897198
0.53767711
0.52069855
0.55710584
0.58154452
0.56485206
0.5663625
0.56257844
0.56495327
0.55855501
0.53737861
0.53139448
0.54650956
0.54197037
0.54235286
0.57718146
0.56016254
0.58913052
0.56949192
0.56876618
0.55663913
0.55905592
0.49630591
0.49800199
0.5398246
0.53329325
0.50993288
0.5149318
0.55092168
0.5984478
0.50707614
0.48337772
0.55117589
0.4543781
0.49212638
0.51859748
0.54175907
0.57178521
0.55617625
0.50832045
0.57697535
0.44341141
0.60114092
0.63110745
0.62226886
0.66047686
0.60874617
0.57794678
0.62585902
0.60430229
0.59819853
0.63165367
0.60061508
0.64130265
0.61440963
0.5799585
0.63143557
0.62562358
0.63317925
0.60031611
0.55111009
0.60254562
0.59341466
0.60087085
0.58814746
0.54271251
0.59416944
0.55441016
0.5874052
0.59201097
0.59600604
0.56958467
0.53448486
0.55686241
0.5800789
0.55091089
0.54631948
0.63035613
0.58373678
0.5378201
0.50026244
0.53890705
0.56849933
0.61317623
""
0.53346109
0.58210307
0.60887623
0.52116406
0.53820992
0.56558216
0.52637088
0.53614181
0.47644156
0.55085528
0.59114981
0.56632912
0.57878852
0.59580141
0.60028881
0.5897246
0.5938459
0.55285132
0.49357387
0.57097131
0.41380572
0.40374732
0.42701432
0.50775677
0.51675636
0.55201924
0.49606752
0.61882561
0.59247905
0.56535244
0.6053431
0.66349816
0.60119933
0.52508759
0.53511471
0.60141605
0.65556395
0.58711433
0.67747027
0.62400573
0.62070107
0.56840503
0.59919757
0.63583243
0.56387901
0.62090677
0.57631201
0.55422932
0.57018179
0.62462676
0.56301218
0.59310734
0.70295405
0.47020361
0.50395733
0.58481383
0.58516002
0.49777529
0.58829325
0.54332972
0.58630872
0.51794893
0.58532369
0.56008393
0.59849089
0.57339638
0.56986189
0.55690032
0.60659683
0.56928247
0.560112
0.52350068
0.48012736
0.57799774
0.51269108
0.47505593
0.57237589
0.55192691
0.51617861
0.5545013
0.57589108
0.5471639
0.58470738
0.58093768
0.59247452
0.59413636
0.61090696
0.52678895
0.52878881
0.57164139
0.56225723
0.60984409
0.51815587
0.47483748
""
0.58272511
0.56676924
0.59928071
0.56680423
0.63818705
0.57717699
0.66272295
0.59370941
0.56905156
0.54576659
0.54341805
0.53071308
0.59958595
0.56562603
0.52846092
0.53636807
0.56240779
0.56733698
0.48399928
0.60373777
0.51423872
0.56540525
0.5361377
0.61319602
0.56297725
0.56303048
0.59126794
0.60932416
0.56972748
0.55796796
0.54456073
0.59296006
0.56985229
0.61942464
0.59142739
0.54495448
0.60525376
0.50572222
0.60914683
0.5056082
0.51148343
0.57576948
0.5563314
""
""
0.52980238
0.5405696
0.63836473
""
0.55066657
0.56067759
0.57590109
0.59169167
0.55378783
0.50699538
0.52291965
0.54490203
0.61020875
0.53210819
0.54955763
""
0.58520573
0.60682338
0.62849838
0.55282128
0.53978819
0.56001514
0.58281595
0.58275557
0.61870784
0.50548548
0.57614088
0.56733567
0.55446267
0.50855643
0.52294117
0.49656609
0.52911174
0.50583565
0.5579918
0.53245437
0.55195558
0.48670426
""
0.6113553
0.60222697
0.62851995
0.60753167
0.5415327
0.57914436
0.56506044
0.58541131
0.57124692
0.53852218
0.58021152
""
""
""
0.60536593
0.56354779
0.60213327
0.58003283
0.53222364
0.44232833
0.54354858
0.55045682
""
0.50087243
0.58507305
0.62323755
0.57196212
0.59306633
0.60194886
0.54947591
0.56803626
0.56715226
0.5739193
0.57523996
0.48570451
0.53781253
""
0.46470776
0.53673375
0.60491788
0.60145926
0.53470212
0.60799414
0.65157628
0.63047266
0.68349242
0.65491992
0.65333498
0.60482168
0.61862946
""
0.61939454
0.65933245
0.64018571
0.63084406
0.62197888
""
0.65997666
0.60332859
0.55371022
0.5117619
""
""
0.64503711
0.69615263
0.56852973
0.66542697
""
0.56447333
0.53935391
0.66013312
""
""
0.64778626
0.62489671
0.64482158
0.72189361
0.63099456
0.65171593
0.59706461
0.54412854
0.72362953
""
0.49610907
0.70282346
0.61388189
0.62229013
0.61887801
""
0.60821736
0.68133587
0.59548658
0.57232648
0.54970998
0.59953237
0.64255691
0.56757575
""
0.63897264
0.66897225
""
""
0.49173182
0.53665102
0.59324932
0.54652184
0.53404832
0.57966006
0.59356475
0.54443604
0.54319131
0.56301862
0.55382425
0.58051622
0.54284048
0.56652975
0.60971707
0.6576581
0.61364162
0.62832975
0.56798303
0.60257626
0.59257448
0.53584546
0.51442641
0.54320902
0.54979348
0.59841245
0.55057508
0.53839344
0.46224368
0.51417249
0.55265456
0.56932265
0.53758579
0.51724672
0.50131607
0.5626964
0.58452731
0.51052696
0.58775419
0.59076476
0.56809866
0.58679527
0.579485
""
0.53960586
0.55062753
0.53228056
0.6062963
0.59399134
0.57382709
0.59882104
0.60712802
0.62200844
0.47463453
0.56392014
0.52819365
0.5930714
0.54093367
0.53046614
0.56444865
0.60829777
0.55231559
0.62911427
0.59095013
0.55124092
0.55487847
0.59805566
0.51700574
0.53790122
0.47323516
0.56613851
0.50869143
0.5299862
0.56572413
0.54047835
0.59864515
0.54672402
0.43786615
0.46259826
0.50730729
0.52664757
0.48241311
0.50357538
0.56501895
0.67626679
0.5432505
0.51477224
0.54022062
0.47147581
""
0.53063369
0.52062196
0.49214163
0.60925859
0.6515308
0.56552863
0.45883375
0.43253884
0.5349344
0.40019161
0.55451947
0.41377586
0.47715345
0.56239974
0.58597386
0.57378668
0.58557785
0.5951243
0.52749836
0.63583279
0.53055722
0.55043423
0.5840798
0.61387432
0.57201844
0.58885837
0.57277286
0.46907735
0.5671944
0.57082009
0.53810978
0.58687532
0.58877325
0.59099132
0.61672461
0.55428714
0.51550281
0.6363619
0.68991584
0.64789617
0.61425388
0.5482741
0.55259615
0.64841604
0.58815855
0.53758466
0.57356989
0.59368217
0.59706181
0.54007947
0.69437093
0.66360062
0.62190711
0.58770263
0.66066313
0.67235148
0.66337895
0.61755764
0.53436095
0.52660704
0.6667996
0.67500108
0.60911387
0.59179562
0.66127306
0.6798752
0.59784895
0.60593987
0.57112771
0.573515
0.64158142
0.59198505
0.62975782
0.61268204
0.48750103
0.54988283
0.5685938
0.57096654
0.54159921
0.51981795
0.56876993
0.59624219
0.5410735
0.55568719
0.47022942
0.58931798
0.54564041
0.56355441
0.55319631
0.6395275
0.59535062
0.5340423
0.56178939
0.54040706
0.56641293
0.61126721
0.55075848
0.56943429
""
""
0.70280737
0.66653252
0.59911668
0.54368228
0.61922908
0.6321944
0.64715928
0.64599729
0.65656006
0.68085754
0.66524369
0.62046236
0.59736741
0.68281335
0.62493277
0.66946834
0.51769352
0.66513157
0.61525136
0.51369911
0.48563084
0.64010507
0.55749887
0.62987864
0.63052815
0.6643663
0.65667671
0.56913602
0.59425181
0.62913567
0.65545744
0.71409982
0.62679917
0.6779232
0.54352003
0.47165269
0.56169188
0.6566366
0.53039372
0.62399155
0.67534709
0.61911881
0.5972321
0.62757707
0.60279822
0.58017427
0.66043568
0.6014446
0.65268844
0.67861778
0.69248033
0.70134938
0.64334673
0.69368434
0.64428353
0.67586279
0.68114918
0.62348175
0.58345383
0.6851362
0.60619885
0.68542552
0.61281848
0.64731878
0.59745032
0.69521761
0.69539821
0.715599
0.62350893
0.65827692
0.68607783
0.74851781
0.69710618
0.66493773
0.55973268
0.68841439
0.69426984
0.67647713
0.71496779
0.69828594
0.69759297
0.6687004
0.6661858
0.72549438
0.67947888
0.47389042
0.67356265
0.67161453
0.70554245
0.62235957
0.57436502
0.72148651
0.67906636
0.67506486
0.60085404
0.62547302
0.63176304
0.607261
0.58464658
0.65518206
0.530146
0.69571203
0.57295465
0.67965233
0.65450633
0.66930652
0.60390234
0.66819441
0.66836768
0.48756784
0.6838668
0.62918812
0.53932548
0.68338549
0.66324061
0.6238817
0.70892525
0.65146899
0.64675236
0.6327315
0.53446794
0.5896343
0.6359151
0.6461485
0.46863878
0.56774169
0.54757285
0.53576267
0.53102791
0.72572494
0.68515527
0.70504391
0.69983929
0.71404922
0.68392432
0.68517983
0.67178428
0.64402491
0.68860275
0.6590367
0.66945386
0.6575281
0.71015459
0.67700297
0.66682464
0.58371735
0.55266082
0.63055259
0.58610153
0.59379405
0.58746523
0.5657475
0.72707838
0.64843023
0.68955505
0.70625007
0.69425404
0.59308308
0.68719357
0.67666501
0.66025048
0.64784682
0.65310097
0.66573185
0.58660233
0.60035104
0.68117344
0.68654507
0.66347557
0.71651685
0.72279537
0.67240244
0.61838508
0.67587078
0.67310065
0.69486624
0.69318223
0.71101314
0.67620033
0.76135093
0.69194549
0.6324563
0.69020236
0.65767908
0.65018582
0.52471489
0.70730436
""
0.60361671
0.61971194
0.67295122
0.71233672
0.71465057
0.66304624
0.66319835
0.7036286
0.70634735
0.72498763
0.70215434
0.61622983
0.70134491
0.72741103
0.66613781
0.6602146
0.51411641
0.64724326
0.65923047
0.62113535
0.59094644
0.66088247
0.7513656
0.71993619
0.67689365
0.71658498
0.74842626
0.64759946
0.70323461
0.70802474
0.66826439
0.64216489
0.69451702
0.71478063
0.73076612
0.65157998
0.5953123
0.63327426
0.60718542
0.65544933
0.69427449
0.56835186
0.67826772
0.61009705
0.72306877
0.70658916
0.75472891
0.57303125
0.71130425
0.62768686
0.61785436
0.74313301
0.640109
0.61656564
0.63031447
0.7229318
0.59515595
0.58759665
0.64722371
0.68516535
0.74287343
0.69840634
0.70487761
0.69655371
0.67619866
0.69931316
0.69010514
""
0.6308105
0.54170185
0.68149513
0.58520651
0.57788765
0.60029489
0.65259403
0.61357623
0.68418086
0.65964943
0.65012085
0.57780737
0.59780884
0.57179523
0.62459821
0.59802222
0.56732273
0.49142441
0.4930059
0.5439657
0.51898283
0.56259996
0.5910573
0.532049
0.51758534
0.59945625
0.49675548
0.52479821
0.57187665
0.54465061
0.51792198
0.49824807
0.48473257
0.47320998
0.55392677
0.59186143
0.54460692
0.52082276
0.54705167
0.5640257
0.57681578
0.52215576
0.5845502
0.57090956
0.54365045
0.58079165
0.55668837
0.52028137
0.51277614
0.5498237
0.57519639
0.51146537
0.50161445
0.53085488
0.60213286
0.57445139
0.58674318
0.5555805
0.41311255
0.5060401
0.66159916
0.63188869
""
0.56165653
0.55327708
0.42425048
0.46340209
0.48477584
0.49190664
0.51754367
0.47392598
0.49417993
0.5069108
0.63159728
""
0.54667878
0.58876657
0.57893562
0.52349186
0.5508377
0.5342837
0.61020637
0.52449977
0.51969826
0.53238946
0.62853229
0.61375403
0.59318316
0.57776505
0.63307124
0.59552532
0.58898383
0.56785262
0.62166804
0.63942558
0.62119037
0.65749049
0.6124956
0.63833529
0.61059332
0.61498511
0.57796627
0.61049628
0.56784594
0.62848222
0.62385195
0.6664927
0.659697
0.58349687
0.62007797
0.57450843
0.60448635
0.67044395
0.66669357
0.62948316
0.65828323
0.59306812
0.66121256
0.66493934
0.65991271
0.64575613
0.70045936
0.58037066
0.58428013
0.67182767
0.64158809
0.61134064
0.65291351
0.62941462
0.65694362
0.57869542
0.53194994
0.53996348
0.53839725
0.54837352
0.64142829
0.58782065
0.54748124
0.59025252
0.56493592
0.48401764
0.68537456
0.59957725
0.51435339
0.5902254
0.56064433
0.55095953
0.48100251
0.564206
0.6276201
0.4174172
""
0.5507555
0.57784283
0.52274108
0.6230039
0.53717887
0.33643574
0.5057025
0.52690434
0.48561594
0.52219939
0.44573879
0.57554322
0.58607751
0.60480326
0.52659005
0.5972324
0.5983662
0.6097613
0.52440941
""
0.49775678
0.53785658
0.60465491
0.46461773
0.44848961
0.54053587
0.55090201
0.54341298
0.54708421
0.47643292
0.43874648
0.49569303
0.50211918
0.50006086
0.50319886
0.5952208
0.5816856
0.61512178
0.55885619
0.59172362
0.60553992
0.5705393
0.59736377
0.65983325
0.50004953
0.56453687
0.63285118
0.54837918
0.63071597
0.52792603
0.58655435
0.63578469
0.58994144
0.58184636
0.51906365
0.57156086
0.58581454
0.61831796
0.54017437
0.60019398
0.54554594
0.56985015
0.58046752
0.58292377
0.57740062
0.52603871
0.65890414
0.58010125
0.47790909
0.44779387
0.48521996
0.52193069
0.44706681
0.51985133
""
0.61477357
0.60612947
0.63073045
0.66141027
0.59629059
0.67062938
0.66808695
0.63270062
0.52379417
0.57740682
0.64398843
0.69550455
0.58808893
0.64229292
0.66436386
0.64846379
0.61529422
0.63820404
0.62553233
0.62866324
0.63867807
0.65007085
0.68510711
0.65190047
0.65268725
""
0.5843578
0.72390956
0.71137255
0.63874048
""
0.57208735
0.55276126
""
0.69008672
0.61205184
0.61979711
0.65651971
0.67739016
0.69448131
""
0.56709343
0.65991044
0.68602854
0.62404627
0.64605254
0.67328113
0.67456168
0.66450346
0.67055607
0.67455178
0.67306536
0.54541755
0.60086828
0.700225
0.60211027
0.66767472
""
0.74244094
0.68521237
0.66635627
0.67669815
0.59106082
0.65614867
""
0.4945145
0.54228282
0.4828116
0.48957434
0.41329619
0.57265615
0.51288068
0.50915903
0.57655591
0.4917165
0.55754215
0.56124318
0.46999165
0.62077844
0.51147008
0.54427952
0.57245988
0.50492436
0.56485564
0.54298145
0.58699584
0.60428119
0.39640817
0.56608522
0.52481848
0.65562004
0.61926943
0.39138833
0.60672003
0.58173674
0.55710834
0.55564326
0.52146345
0.47935703
0.51741028
0.58484161
0.55179334
0.51837844
0.59921187
0.52183932
0.52772629
0.50017929
0.53287768
0.49637771
0.57583463
0.56851983
0.56917048
0.55970854
0.64914638
0.57996118
0.60003918
0.55730915
0.58543754
0.55430371
0.52469981
0.54631531
""
0.54364473
0.57507044
0.5001356
0.5537141
0.54964209
0.52970201
0.52812731
0.52579969
0.47614741
0.57099921
0.5119949
0.48900464
0.52750576
0.50723094
0.5299024
0.5213899
0.53738427
0.50329775
0.55004191
0.61481291
0.64200282
0.54707867
0.56964105
0.50648487
0.53316236
0.57214183
0.55747533
0.54592669
0.60655886
0.57197195
0.58689874
0.55267525
0.55361646
""
0.54316562
0.60026973
0.59277892
0.55609828
""
0.58268303
0.54275787
0.54534185
0.57651895
0.61150151
0.63937056
0.63315815
0.5513072
0.6354422
0.58605337
0.54932845
0.5557307
0.62694937
0.53191733
0.57730234
0.60116041
0.58678138
0.61537617
0.60043949
0.60127687
""
0.58314365
0.57835281
0.55461055
0.67941535
0.57214373
0.49420321
0.63174343
0.59226841
0.61591089
0.63799703
0.5648064
0.67507672
0.63977647
0.64863622
0.66604644
0.44280174
0.60571241
0.67678362
0.65045589
0.58637255
0.6374895
0.69914585
0.69521391
0.65936494
0.67534292
0.71459395
0.62936777
0.64650512
0.63388032
0.62096626
0.61554706
0.60943228
0.68582731
0.67072022
0.65257382
0.6646601
0.61850327
0.67620307
0.60882747
0.63308293
0.66237855
0.67181021
0.676763
0.58843142
0.58237273
0.54662734
0.5692718
0.60221601
0.68246669
0.65773541
0.57937646
0.64186609
0.58390933
0.62292218
0.62273473
0.66559291
0.67105377
0.67743605
0.49116325
0.59014386
0.63708931
0.65014166
0.61833072
0.5514124
0.63389695
0.62920994
0.60178787
0.52779627
0.53414744
0.52062517
0.48158577
0.5181284
0.50548011
0.48698857
0.55079019
0.48702711
0.49215773
""
0.53835285
0.59457678
0.63956475
0.55341709
""
""
0.51070005
0.57128471
0.5756126
0.56758845
0.59642363
0.56461447
0.61957115
0.63155621
0.63201517
0.57234383
0.55209875
0.60111362
0.55896509
0.5575164
0.55698955
0.50562334
0.57428139
0.65490216
0.55272663
0.52854776
0.54633492
0.50152445
0.58288997
0.54772562
0.61289352
0.58740973
0.60069692
0.58037335
0.58713192
0.54968357
0.55328894
0.46709365
0.5510217
0.52360868
0.59871793
0.58734459
0.55934376
0.56243545
0.60158557
0.54708582
0.53711408
0.58323878
0.57374668
0.5174349
0.57016987
0.59035838
0.57576734
0.52016389
0.57262814
0.53221911
0.52874291
0.56413746
0.56132698
0.51937765
0.55347395
0.46570358
0.54646677
0.58055913
0.50189161
0.57285094
0.61564076
0.55205417
0.54041076
0.47195858
0.46790707
0.51230443
0.52518129
0.45895094
0.48367742
0.45740262
0.51592445
0.48708692
0.54673743
0.53875029
""
0.58068138
0.53003848
0.60863686
0.59372634
0.60983598
0.65378064
0.55074263
0.59158182
0.58194286
0.58530498
0.55299795
0.60068703
0.59483325
0.50031406
0.59202486
0.59534979
0.60918766
0.55423319
0.60102731
0.60478437
0.58813941
0.60822916
0.60697985
0.58904725
0.61527759
0.57308602
0.54733771
0.53949684
0.54325831
0.59390491
0.59554577
0.57567465
0.64139736
0.61901176
0.64860684
0.66770071
0.64527738
""
0.6454252
0.59434104
0.65577167
0.58045304
0.53473538
0.57591224
0.62979323
0.6892038
0.63252264
0.63882917
0.56972915
0.5738439
0.56515515
0.60109174
0.5854212
0.61515021
0.62917465
0.58302534
0.61669463
0.59106392
0.61146212
0.53585076
0.58965689
0.60361338
0.54746211
0.61813498
0.49018693
0.57132888
0.55915427
0.53296256
0.49750683
0.60271573
0.52890885
0.55033433
0.55883604
0.42717415
0.52703655
0.60048378
""
0.53513545
0.54948622
0.58617121
0.55493063
0.49557003
0.56527686
0.52134126
0.53992885
""
0.52509713
0.47385418
0.46423501
0.54128945
0.52610111
0.53933477
0.46565124
0.53779447
0.47272336
0.46211073
0.46729758
0.49443015
0.54526854
0.61259645
0.50587696
0.565947
0.54582906
0.53661048
0.59431767
0.520473
0.55584449
0.48431742
0.54640901
0.5928759
0.56577712
0.57209921
0.47603318
0.44236588
0.50479949
0.5705632
0.5233013
0.57636857
0.48992786
0.51266354
0.59550112
0.55582041
0.62189329
0.6422084
0.62889349
0.64799273
0.62009919
0.581074
0.62773478
0.65552962
0.55835706
0.60956854
0.59114629
0.58436853
""
0.55238229
0.62806958
0.60532546
0.57672763
0.6021952
0.57034278
0.65997249
0.64680511
0.66458499
0.60679185
0.5431844
0.55432975
0.66905075
0.53436619
0.61192268
0.59139442
0.54618913
0.65449226
""
0.57590264
0.68104064
0.69435406
0.57316524
0.68111062
0.67612332
0.65484434
0.65537059
0.5626384
0.40140492
0.66555494
0.62382174
0.62589985
0.61594796
0.6485247
0.56470466
0.57273149
0.68600017
0.59021896
""
0.4595131
0.52005696
0.43436772
0.53721225
0.51041412
0.47852775
""
0.53574747
0.4569819
0.4479605
0.50111878
0.56287277
""
0.61755174
0.63545609
0.49644521
0.5655145
0.53671235
0.49578011
0.4926382
0.42721722
""
0.37249032
0.52217472
0.48783025
0.50011778
0.46127468
0.57770526
0.58682251
0.58664513
0.5712567
0.54910636
0.55807871
0.57356697
0.57923794
0.56589139
0.55881798
0.57890105
0.55943072
0.6258865
0.60549915
0.59049612
0.63499707
0.65834582
0.62671971
0.63332295
0.5933013
0.59558618
0.53746408
0.61950082
0.55842811
0.57080734
0.5394839
0.43370613
0.60196209
0.6133917
0.62122411
0.53014088
0.65204132
0.57950866
0.60942203
0.53077513
0.52248698
0.48105454
0.52274477
0.5345844
0.59380525
0.4721173
0.37327954
""
0.49176097
0.58133793
0.59114051
0.45119461
0.46235695
0.64771926
0.47672856
0.49464196
0.44528323
0.54908931
""
0.58389872
0.57608163
0.60804737
0.66341352
0.56562769
0.66654825
0.62365472
0.64544421
0.57836205
0.64321047
0.60115898
0.5069986
""
0.55705446
0.53497386
""
0.49064732
0.52099216
0.53660494
0.50441605
0.53778887
0.59844261
0.52414322
0.60800385
0.59467578
0.57466191
0.60757512
0.54777849
0.57597858
0.5704003
0.53129518
0.53855556
0.45583668
0.50431919
0.57467812
0.58592606
0.53220773
0.50257951
0.46719658
0.53851181
0.62527132
0.5928455
0.45524627
0.4720383
0.64456129
0.49667293
0.50341231
""
0.54659992
0.5746485
0.54625744
0.52182555
0.62591255
0.59337831
""
0.50407827
0.64268088
0.53942013
0.52557081
0.54551423
""
0.48430023
0.59224683
0.54973936
0.58818388
0.50241649
""
0.50625867
0.48002487
0.5888648
0.54768848
0.57872534
""
""
0.56399554
0.60948968
0.6145736
0.55301058
""
0.58749455
0.52555531
""
0.54810798
0.46153221
0.49223542
0.53485435
0.55651158
0.5830757
0.49789158
""
0.60071099
0.57120126
0.61827344
0.4260219
0.68681109
0.65896386
0.63891876
0.68351966
0.56737685
0.5888679
0.6425395
0.53043008
0.6390239
0.48031572
""
0.45523864
0.45331532
0.5287568
""
0.46356419
0.38209304
""
""
""
""
0.41519135
0.53075111
0.46867415
0.50968993
0.56966281
0.60690665
0.56856889
0.56274736
0.54751348
0.58242977
0.60649288
0.5650894
0.57019675
0.63238823
0.57787961
0.54649049
0.53346336
0.54387599
0.49406213
0.665034
0.59628117
0.5439502
0.54329866
0.46410665
0.504722
0.47672233
0.48735774
0.61196709
0.58560389
0.55620098
0.64023989
0.45676696
0.53716975
0.54831862
0.4548254
0.5123564
0.52281708
0.55810684
""
0.58441365
0.44833201
0.49486455
0.58705777
0.50703144
0.55569023
0.53183812
0.53756851
0.58575702
0.52211887
0.59833431
0.42692995
0.60321081
0.50815457
0.59797347
0.55214411
0.56756979
0.61223578
0.50696236
0.54955953
0.59124881
0.61722708
0.6072641
""
""
""
0.60510683
""
0.51587152
0.48799917
0.55092371
0.40358755
""
""
0.63348216
0.56483197
0.64832205
0.67142969
0.5693903
""
""
""
""
""
""
""
""
0.51717645
""
""
0.49829206
0.51908213
0.55668288
0.45951414
0.43444216
""
0.42671543
0.50706297
0.40116411
0.45975491
0.51070744
0.48629007
0.49239346
0.45910099
0.43461391
0.54630381
0.50073779
0.52631134
0.54810661
0.51568896
0.58821791
0.52384001
0.49753866
0.50472343
0.51575845
0.53811222
0.53186965
""
0.53700984
0.49838296
0.48388627
""
""
""
""
0.47867045
0.581626
0.58543688
0.54283381
0.48541558
""
0.62756747
0.60869426
0.58002353
0.44553453
0.50378805
0.58019221
""
0.52184695
0.48066494
""
""
0.46829563
0.53244549
""
""
""
""
""
0.49830818
0.53071368
0.50874031
0.47194576
""
""
0.50167722
0.54643625
0.51951802
0.62958336
0.59234673
0.51451904
0.5596717
0.53188354
0.54326189
0.45213518
0.56536871
0.51109582
0.59457171
""
0.5790143
0.68526882
""
""
""
""
""
""
""
""
""
""
""
0.38666409
""
""
""
""
""
""
""
""
""
0.66557252
""
""
0.54666615
0.59332877
0.42694753
0.55399609
0.51364535
0.63395011
0.61535406
0.59206259
0.48606256
""
""
0.59919631
0.66946554
0.60423881
0.77513599
0.64328897
0.5972684
0.64625412
""
0.45054945
0.57772106
0.5330528
0.37676692
0.45596847
0.47405228
0.48182663
0.61711293
0.53986979
0.58943993
0.41853592
0.34820494
0.53332549
0.38290653
0.55041903
0.54674387
0.46908227
0.4529663
0.54485559
0.43775949
0.4808493
0.50115132
0.4572047
0.50930232
0.48259526
0.37295634
0.34192121
0.47297511
0.45691437
0.52279192
0.52876294
0.55405939
0.4983874
0.45380789
""
0.40865085
0.38280386
0.42343658
0.4479892
0.6233269
0.56917435
0.51819587
""
0.52997553
0.60461456
0.48376006
0.55716205
0.55990005
0.58333677
0.46553078
0.52138913
0.54993868
0.57561797
0.45910519
0.45916617
0.58862227
0.61443377
0.53520286
""
0.53647196
0.67241472
0.61078978
0.5755356
0.60473287
0.52534348
0.60615307
0.64524096
0.54997998
0.54475558
0.60175705
0.60038644
0.57277375
0.540766
0.55681103
""
0.58613139
0.59680271
0.53847063
0.55388492
0.55295753
0.58470249
0.62355131
0.54422981
0.49257386
0.5090937
0.50283164
0.58846867
0.53832841
0.50426203
0.47783238
0.49661359
0.52765554
0.48466522
0.61865503
0.6449669
0.60174978
0.53648394
0.58390677
0.6120891
0.61173379
0.60137105
0.55730724
0.50822157
0.53137124
0.535312
0.63565087
0.54580033
0.58356279
""
0.61002821
0.51009208
0.59519178
0.49762994
0.56108016
0.47982597
0.49341238
0.5884518
0.57797664
0.61998838
0.4654716
0.4645198
0.5322032
0.55013406
0.47881901
0.51334083
0.47695786
0.50820887
0.53011996
0.5180214
0.5708006
0.52603298
0.46549407
0.59521049
0.63353914
0.59402645
0.6370036
0.59402716
0.62593812
0.57462716
0.54752141
0.53329164
0.57458079
0.65130126
0.55165815
0.5169611
0.53746712
0.57021123
0.54961538
0.52421987
0.49480262
0.47825062
0.52177358
0.57746828
0.63303375
0.53910136
0.60844266
0.59140539
0.55402952
0.53046805
0.53067833
0.59058064
0.57693464
0.54644269
0.61372697
0.58245736
0.57682675
0.54725957
0.58247089
0.61727333
0.5330261
0.61362541
0.58282417
0.52919638
0.53726792
0.53931201
0.49848101
0.60130918
0.60272825
0.559102
0.61229861
0.60071671
0.53056967
0.43401873
0.50358063
0.54015791
0.63654697
""
""
0.54748422
0.51901603
0.55721986
0.52308387
0.5578627
0.6237812
0.5131622
0.55875242
0.62127745
0.64582634
0.56793249
0.57876974
0.54672742
0.56788975
0.56502748
0.45186636
0.50991714
0.4937917
0.53498852
0.63246208
0.62625891
0.58079749
0.55308819
0.5370999
0.56555361
0.55787003
0.64164066
0.54614764
0.59358513
0.45671752
0.59752154
0.63288683
0.64733136
0.59852213
0.55367994
0.65546143
0.61186022
0.60064095
0.56373793
0.5890336
0.54151273
0.56436872
0.5574069
0.58361787
0.51088369
0.51973063
0.56956649
0.63590169
0.58763474
0.62617642
0.64862782
0.59594625
0.58316821
0.58018517
0.59156376
0.58631694
0.57061321
0.54824299
0.56115025
0.56330353
0.6041652
0.57966703
0.61965775
0.55970311
0.50839806
0.54606897
0.56364793
0.60070509
0.5942629
0.59644735
0.62083334
0.56132489
0.59547478
0.60787112
0.54230875
0.50508523
0.59182549
0.56731254
0.57967103
0.59738237
0.58217132
0.58032531
0.52222574
0.51938409
0.51623869
0.53724897
0.51748544
0.53860724
0.57828802
""
0.58058453
0.5868783
0.54841399
0.58823043
0.57229328
0.61126679
0.59045684
0.59597826
0.54317272
0.57664239
0.68215579
0.63164186
0.5696888
0.56569773
0.5646385
0.53811663
0.65294975
0.6076144
0.642263
0.50408405
0.5606249
0.50874472
0.55910218
0.59661001
0.57747799
0.52049679
0.57305562
0.63493955
0.63351858
0.57467151
0.51290351
0.47692528
0.50192231
0.60862726
0.59937817
0.56724876
0.53652412
0.60934258
0.57060432
0.53828394
0.5633024
0.55813116
0.56170869
0.5499118
0.59638518
0.57121748
0.5957185
0.58508569
0.55652773
0.5867123
0.50389808
0.56152093
0.55917197
0.55819571
0.55243063
0.52902055
0.51962751
0.57522482
0.54947984
0.50842535
0.54085892
0.47905952
0.54469657
0.54974562
0.48441011
0.5436902
0.51388407
0.55585051
0.58258772
0.49761537
0.54457223
0.57194132
0.52947122
0.55796522
0.55287677
0.53157777
0.55767369
0.54857057
0.61551225
0.47721067
0.57121521
0.58876604
0.5882163
0.52520072
0.50052732
0.55069506
0.52933478
0.56688923
0.52279502
0.48487726
0.48202273
0.45142132
0.51856834
0.5005644
0.53858185
0.47949502
0.5058282
0.42316452
0.53945273
0.45563346
0.54170525
0.60569102
0.53043228
0.60742551
0.57443106
0.37398714
0.54213792
0.50951123
0.39854661
0.54666406
0.55359554
0.54264551
0.49721119
0.56255317
0.602934
0.54082364
0.43973133
0.47334468
0.60663247
0.52803093
0.53960598
0.5804773
0.55432767
0.56192482
0.56489003
0.58277893
0.59643281
0.58700746
0.46392155
0.5970583
0.57698482
0.5823521
0.58532327
0.5568639
0.63025033
0.5353986
0.54234099
""
0.59954154
0.56764889
0.50500894
0.49039742
0.58153987
0.54967159
0.68254507
0.58771777
0.64499384
0.68809968
0.63316154
0.55855554
0.59027785
0.62628299
""
0.60397577
0.59250098
0.58052921
0.50276738
0.60702026
0.64759433
0.57788956
0.58159524
0.50975716
0.50615722
0.54620427
0.58813381
0.59627223
0.6263203
0.61855441
0.59557766
0.62778157
0.47195825
0.55740428
0.61116111
0.58322555
0.60484672
0.5361805
0.60497445
0.47493932
0.53338099
0.58008254
0.51569921
0.48143488
0.52603292
0.53745329
0.46823162
""
0.520872
0.52149159
0.58297914
0.55921555
0.60035419
0.5641827
0.56592369
0.49310023
0.55096388
0.55039144
0.55694836
0.52065402
0.54611343
0.58896041
0.59451228
0.49229318
0.56226265
0.5577721
0.57402116
0.55265856
0.55357951
0.51072657
0.61508244
0.59461582
0.53666115
0.54533076
0.59191537
0.51661348
0.52573127
0.5364033
0.4920083
0.54308838
0.59510911
0.59091407
0.55260563
0.49542418
0.60591251
0.60678107
0.6159004
0.48795936
0.56433052
0.52619505
0.6015541
0.64007628
0.65672851
0.61200589
0.55952328
0.58376443
0.62570071
0.48228309
0.59903103
0.57232726
0.58998293
0.62902081
0.56038815
0.54492432
0.535878
0.57765418
0.56229895
0.6130361
0.62353587
0.50339425
0.57096434
0.51393616
0.51937592
0.62632471
0.58759671
0.53520793
0.61649811
0.57614219
0.62944776
0.52579778
0.5731737
0.55989683
0.57765681
0.52073538
0.58948481
0.52153623
0.51771402
0.51824296
0.55441219
0.51612049
""
0.5091297
0.65845692
0.57012761
0.55004162
0.57089955
0.48540443
0.62009144
0.56512707
0.64321768
0.66728419
0.66340727
0.56099612
0.50754392
0.5845089
0.58088082
0.66228974
0.5992223
0.56699395
0.575252
0.62508202
0.57279438
0.4598448
0.50978702
0.55343944
0.48826775
0.62208694
0.4350782
0.59971833
0.56589097
0.6098395
0.52571243
0.54253089
0.50665808
0.62917268
0.60998607
0.43094522
0.5793823
0.56594777
""
""
0.57262397
0.56396139
0.40993136
0.59729773
0.58605117
0.55097347
0.61047608
0.59596801
0.50524694
0.5287686
0.56915033
0.62706047
0.47980797
0.46214581
""
0.54918057
0.54256475
0.55104756
0.63791752
0.44592381
0.49678326
0.60406607
""
""
0.4411447
0.656183
0.49843043
0.60347062
0.56023705
0.46182597
0.55747288
0.56553847
0.44655752
0.49039072
0.5803799
0.62754989
0.60866398
0.62421596
0.65029681
0.58111596
0.62217933
0.57776189
0.59476691
0.56764907
0.56388521
0.62096137
0.61157954
0.59903985
0.59186196
0.56938899
0.60048223
0.6413998
0.6580559
0.57295585
0.58846051
0.61857623
0.59063888
0.59366441
0.58952022
0.64154655
0.56047457
0.63299495
0.60079145
0.56096452
0.55699033
0.5966236
0.62162137
0.58899784
0.61603165
0.59461838
0.64182591
0.62866122
0.58632916
0.5983628
0.59482688
0.55817854
0.62173235
0.66065592
0.6357801
0.57770169
0.68238091
0.63794667
0.59430569
0.59123218
0.61375856
0.64105421
0.61640006
0.59365106
0.57107341
0.56201619
0.58318806
0.65038145
0.6779862
0.64860743
0.61165202
0.58738708
0.58266526
0.62724137
0.60377359
0.57651085
0.58849192
0.66420811
0.62564039
0.66550708
0.66406804
0.60997003
0.68953663
0.62491959
0.60668242
0.70420665
0.64561236
0.63840955
0.59247321
0.6508379
0.66189331
0.71652377
0.62913525
0.68019909
0.62151396
0.70476919
0.58909327
0.58842766
0.6111927
0.62547916
0.48753056
0.58286989
0.57366854
0.55290711
0.61022568
0.62912643
0.61187571
0.5062235
0.57029402
0.54448277
0.57602608
0.58916104
0.5923534
0.56524158
0.56946856
0.58992475
0.56761169
0.47950879
0.64304703
0.57821423
0.55439574
0.53473359
0.55128825
0.53733629
0.5782721
0.56253779
0.51361781
0.57343107
0.60244197
0.51592815
0.5340274
0.64357668
0.54922736
0.51488107
0.48034057
0.54784179
0.65520978
0.59717786
0.58429813
0.57178652
0.62570828
0.59685665
0.58761668
0.55926174
0.60083252
0.58427525
0.59117365
0.52844614
0.54548937
0.54553097
0.58768499
0.53097796
0.58225399
0.57334495
0.53641152
0.61702138
0.61499608
0.59977227
0.56703037
0.65554273
0.60014927
0.58676249
0.63258797
0.54419607
0.54877198
0.62410682
0.56677938
0.59591049
0.59575456
0.63731605
0.57680565
0.61666578
0.60101181
0.5844357
0.60227871
0.5933972
0.54826474
0.60284394
0.56218672
0.60876137
0.55855125
0.57019508
0.5354861
0.64211839
0.6329546
0.61187184
0.57701105
0.58487976
0.56604922
0.59492779
0.52962291
0.55647254
0.61758107
0.6238212
0.57870549
0.57716793
0.47709149
0.57533067
0.59242475
0.57831448
0.51255894
0.57945913
0.53383678
0.52867472
0.57449675
0.53549939
0.6271798
0.61390585
0.6030134
0.58888996
0.63603234
0.57470268
0.60615247
0.61715841
0.62932205
0.62327868
0.61121154
0.62626016
0.62108678
0.63746697
0.53868032
0.63114995
0.59557664
0.63877493
0.62011278
0.6156795
0.65030551
0.64465994
0.61097038
0.689749
0.57763159
0.61573529
0.59238034
0.64712918
0.61039984
0.60339326
0.58013904
0.61777943
0.62568718
0.56631404
0.60898834
0.65780717
0.67274183
0.64540792
0.57000446
0.62979513
0.6636728
0.61685646
0.66247141
0.67489433
0.6131258
0.60882276
0.62758684
0.62535548
0.64559346
0.65900606
0.65360093
0.66857779
0.64022154
0.65033704
0.67068428
0.67264593
0.61617929
0.64945567
0.65099365
0.65335858
0.6165638
0.6608361
0.6452505
0.65769356
0.58496678
0.6036911
0.55346763
0.6842255
0.57570958
0.5741303
0.56193185
0.61239266
0.63867581
0.50344324
0.55548197
0.53777981
0.54375213
0.42232412
0.50356275
0.57701659
0.51035577
0.53114969
0.45759004
0.50429404
0.45215943
""
0.54585367
0.58513319
0.58928162
0.55400741
0.56487072
0.56304651
0.5628075
0.5542767
0.57115799
0.58690286
0.59378016
0.5630334
0.60508001
0.58777022
0.52895832
0.63586903
0.5928908
0.6154896
0.63117015
0.59317195
0.55587566
0.5624333
0.56729537
0.58895719
0.58106548
0.55203205
0.55153567
0.55400223
0.55060601
0.56587076
0.53816259
0.58634859
0.56632775
0.57239676
0.54300278
0.59966058
0.57282716
0.57428849
0.567298
0.58732408
0.54266322
0.61422211
0.5703615
0.58673435
0.60959405
0.56146181
0.52565175
0.54936582
0.55755717
0.53773922
0.55787194
0.60524344
0.60868949
0.55707175
0.51726252
0.49170482
0.50025791
0.51447821
0.55854678
0.52296656
0.58014232
0.61536348
0.60800332
0.57023901
0.58609134
0.59210724
0.59817469
0.60778719
0.5675559
0.53265125
0.59954065
0.46007195
0.64314979
0.64292455
0.66469258
""
0.54108691
0.49638909
0.5477367
0.59023511
0.53596914
0.50753891
0.48853359
0.55339181
0.5162003
0.53880525
0.5050472
0.52751815
0.55327916
0.59743363
0.61701542
0.5154224
0.54416019
0.61494458
0.58636689
0.55674767
0.49989608
0.55376124
0.59796494
0.56905359
0.52754152
0.54408336
0.62077713
""
0.53093272
0.44798347
0.57183462
0.52437174
0.56317121
0.5770365
0.52886111
0.59988678
0.54030371
0.57191432
0.5998435
0.55278689
0.55541652
0.56102741
0.58621848
0.55604494
0.54752976
0.60340881
0.65160555
0.55032229
0.53960776
0.53618705
0.47005761
0.43859932
0.56667566
0.55436593
0.58431077
0.42586043
0.51177704
0.49228689
0.49526468
0.49397367
0.49769995
0.47651327
0.49305636
0.50509882
0.50445426
0.5126574
0.50064981
0.54255879
0.53952247
0.50332469
0.5368982
0.57235408
0.47558677
0.60765821
0.54823029
0.51987422
0.57558393
0.5869087
0.63038141
0.61539966
0.60629213
0.6236859
0.53831708
0.58808678
0.5779503
0.62253118
0.6575523
0.5861038
0.68051833
0.55558169
0.58815771
0.57402945
0.57114559
0.58524376
0.60414279
0.58987063
0.56011069
0.55421954
0.60036939
0.62068206
0.58281159
0.56666124
0.57298779
0.60098809
0.57737893
0.62261313
0.53763497
0.58961469
0.53028172
0.53768122
0.50687653
0.50001609
0.57126576
0.5381822
0.54476881
0.52751535
0.57945752
0.51442951
0.50079584
0.57500648
0.47241125
0.50452131
0.42314264
0.47010615
0.52552772
0.50347543
0.40518206
0.54323524
0.53549409
0.51316833
0.60047203
0.48635757
0.58804202
0.51699895
0.53998226
0.54677242
0.60643607
0.54803556
0.54953188
0.58163893
0.63906825
0.60129321
0.60334671
0.55732906
0.5300923
0.52855837
0.58975041
0.61557692
0.60216528
0.62332618
0.6329506
0.62510276
0.56306398
0.56825316
0.57981098
0.57965332
0.65626484
0.50972718
0.60057932
0.54227465
0.54028004
0.57905918
0.54410332
0.57417929
0.56021637
""
0.44926411
0.55747658
0.54043341
0.58335042
0.57229918
0.63625789
0.59059519
0.61471993
0.54338604
0.53670275
0.54853457
0.5711928
0.6011706
0.51680475
0.59852117
0.61930424
0.60338408
0.57818681
0.51443517
0.57006139
0.60665327
0.54976636
0.54967117
0.52926433
0.61825407
0.57914358
0.57045478
0.55662668
0.60924041
0.64092404
0.69710439
0.56916636
0.58923697
0.57242805
0.56141013
0.40749431
0.48105195
0.62289286
0.59189391
0.54237074
0.6307261
0.57471901
0.56002229
0.53986007
0.50935453
0.518897
0.60788661
0.58056945
0.53626776
0.53936076
0.51464522
0.54677069
0.51336592
0.60632193
0.61216581
0.48471257
0.57023031
0.59983033
0.54182386
0.55933189
0.5522154
0.61176324
0.49820867
0.53880197
0.62822676
0.63818586
0.57041377
0.53913689
0.61004502
0.54535353
0.53797436
0.53928423
0.62013108
0.55076563
""
0.60014457
0.60711265
0.54318881
0.57226664
0.59206849
0.47407243
0.56727099
0.49865633
0.52718544
0.47030312
0.61262083
0.60250264
0.55137098
0.54598486
0.58948046
0.53644067
0.58559173
0.56741929
0.65236574
0.5190717
0.50157088
0.62766987
0.60290605
0.60496193
0.62917441
0.60543561
0.53051621
0.5390175
0.59625381
0.56920326
0.52696651
0.56126755
0.56343883
0.51748538
0.52255273
0.48655313
0.5332464
0.50593704
0.45680144
0.56625962
0.60224873
0.6037302
0.61943221
0.61134714
0.584656
0.64768302
0.54286063
0.6688484
0.59837824
0.60292703
0.5763194
0.6208995
0.58277273
0.59491569
0.61298066
0.5686149
0.54518461
0.54557878
0.51875418
0.5767675
0.54561567
0.55050093
0.61505461
0.61992782
0.55844289
0.5269354
0.54130441
0.51269692
0.48397991
0.60635418
0.61190414
0.64646184
0.64374977
0.60960507
0.57355517
0.58788025
0.62955385
0.57381135
0.6380803
0.63200194
0.64261067
0.6278584
0.62865472
0.6400395
0.60849446
0.55971849
0.62968582
0.63883251
0.62195098
0.62415063
0.55022466
0.64958161
0.59119898
0.61505353
0.57683665
0.63874143
0.63407022
0.57063991
0.572882
0.5784362
0.62607259
0.63139749
0.58686918
0.5687325
0.59109545
0.54942083
0.60480356
0.58001083
0.55571401
0.62583405
0.56922472
0.63516736
0.56112701
0.55639941
0.57988495
0.58926046
0.55103892
0.59303457
0.61767507
0.55275971
0.65374577
0.60512793
0.570382
0.5348022
0.59400421
0.59459019
0.60170048
0.5333454
0.57662582
0.52684325
0.58782035
0.59446001
0.58677828
0.5998351
0.57605469
0.57265961
0.57534206
0.57050759
0.60515183
0.58615094
0.59839904
0.57885593
0.58130091
0.552104
0.5699935
0.58626813
0.55245215
0.63439608
0.57808501
0.56744194
0.54023224
0.53322434
0.52463281
0.47133225
0.48735818
0.49354491
0.48662144
0.56310415
0.47300565
0.57451862
0.5470134
0.49858314
0.56181377
0.4743523
0.44633752
0.46239617
0.42095134
0.44498432
0.40224963
0.49046054
0.49790686
0.44042352
0.44606218
0.49952284
0.51350993
0.44277304
0.51454979
0.41843057
0.49457517
0.49407271
0.45170617
0.45408326
0.50199521
0.48052192
0.50865406
0.5305649
0.56925541
0.55376118
0.52841651
0.54770917
0.52689326
0.495318
0.53473485
0.58806002
0.57317066
0.60171103
0.58768493
0.54801041
0.59083545
0.46653974
0.53999418
0.54064661
0.58433044
0.46123147
0.54976505
0.5944261
0.59996986
0.60252303
0.57039875
0.6386863
0.60947847
0.54279178
0.53224003
0.52540773
0.55282533
0.5897333
0.51680595
0.57335401
0.56900567
0.5318383
0.48740634
0.57126182
0.51267982
0.50484854
0.5503372
0.51566595
0.52302843
0.50598031
0.50736123
0.52393824
0.61798048
0.62407076
0.5048064
0.52162999
0.54397416
0.59870893
0.54179883
0.52617323
0.58914906
0.55955541
0.57844883
0.54956472
0.52480364
0.60194975
0.61790377
0.61420071
0.62463975
0.54167593
0.53525466
0.54663402
0.54417241
0.58498693
0.56826109
0.51757836
0.56810343
0.6560753
0.49292058
0.40838623
""
0.58742219
0.59918052
0.53532726
0.57623881
0.5602178
0.61027765
0.59231013
0.5545935
0.52976537
0.50938708
0.58012718
0.48939118
0.51829088
0.48043114
0.5795278
0.49674767
0.51940113
0.5279811
0.59246475
0.57668316
0.52869177
0.58503139
0.55454344
0.57716209
0.53113312
0.54137594
0.5715186
0.55388087
0.54620486
0.53786099
0.53843707
0.52426362
0.55112004
0.54581225
0.61559105
0.56791931
0.60914773
0.58706367
0.5462907
0.58966714
0.59023237
0.56553656
0.56511784
0.55161762
0.64576244
0.59502214
0.56170577
0.5391044
0.47662863
0.49005339
0.52972841
0.55468726
0.55436301
0.53585637
0.59067649
0.5657115
0.52647561
0.45692319
0.57628804
0.55131269
0.53171188
0.61674976
0.57103217
0.62466848
0.5214175
""
0.42551607
0.51137584
0.51177323
0.54524559
0.59104168
0.54942793
0.53664833
0.56875193
0.57407844
0.53781128
0.5772931
0.47731975
0.45295942
0.48710701
0.54104877
0.59978932
0.61982071
0.60607654
0.57399559
0.56123507
0.555848
0.51218247
0.58628154
0.50335002
0.62035859
0.5781458
0.65591186
0.63565803
0.63883501
0.62748688
0.52121729
0.53809428
0.57491016
0.63365293
0.55200976
0.57640684
0.64214289
0.62737572
0.48047566
0.4267897
0.50431585
""
0.58373785
0.59746122
0.58411181
""
0.64916736
0.58425289
0.62747157
0.58711123
0.72212231
0.53128791
0.40959638
0.56560814
0.62810129
0.54639167
0.48550892
0.49964514
0.60609245
0.60023254
0.53487641
0.54009825
0.54994678
0.49182078
0.49798271
0.51131165
0.48642257
0.34774846
0.41604871
0.59847671
0.56123638
0.55496597
0.58785629
0.61741734
0.55417162
0.57660961
0.4657245
0.579193
0.58523303
0.59887016
0.57730144
0.58291709
0.60166615
0.58711869
0.60322106
0.58166957
0.5931682
0.5974735
0.59243041
0.60987693
0.58827513
0.5485872
0.62871623
0.48949715
0.61220491
0.49521497
0.5305782
0.49845406
0.57541978
0.51576906
0.6089251
0.54984272
0.60338426
0.4984338
0.50591552
0.5464794
0.46940124
0.50715667
0.52942693
0.49658951
0.57403654
0.5289126
0.52711087
0.58274758
0.59422022
0.6029073
0.57154942
0.52272588
0.49840644
0.61180687
0.63891721
0.55682486
0.58244842
0.58041072
0.56674135
0.56446373
0.60622698
0.51986432
0.54821974
0.57723594
0.53013176
0.46297598
0.53821963
0.41798106
0.5091179
0.4829925
""
""
0.41051707
0.40173203
0.42078212
0.53413612
0.55030882
0.52308941
0.43017057
0.45999062
0.45185882
0.59383893
0.57656133
0.53627926
0.51362199
0.58438289
0.51546478
0.53161955
0.51887935
0.52845192
0.51098603
0.57791668
0.52563894
0.45489234
0.63608187
0.55808836
0.54871482
0.57760233
0.51615775
0.49525344
0.48534557
0.57665849
0.53069717
0.53473788
0.58130342
0.54307836
0.57082492
0.50194871
0.5251891
0.49076688
0.51123959
0.60597622
0.53690386
0.53369033
0.55734873
0.50590754
0.550448
0.49977478
0.51359999
0.47769332
0.50779736
0.51883507
0.49672544
0.57282162
0.49894467
0.56428403
0.51590008
0.47003645
0.56522542
0.47600269
0.61525846
0.55911374
0.54500979
0.61646819
0.50751698
0.53312635
0.50924599
0.52433872
0.52069324
0.49840966
0.51616418
0.50843191
0.47571966
0.4943769
0.55560577
0.55744481
0.53532112
0.54461855
0.53956515
0.49296254
0.47263378
0.5717628
0.55411679
0.58706588
0.5479216
0.57860798
0.54894918
0.55760986
0.50561136
0.58748001
0.55157417
0.56577122
0.63419503
0.49899209
0.52606732
0.54759502
0.55536824
0.55109692
0.55101806
0.61501229
0.52313095
0.58869243
0.54669225
0.49722207
0.57791698
0.62548709
0.57641405
0.49638647
0.5656895
0.52585083
0.62314445
0.51829189
0.56237525
0.59497279
0.43718407
0.49349403
0.50233227
0.52120739
0.50985968
0.42417458
0.3949399
0.35779396
0.54831958
0.3956514
0.49279279
0.57261884
0.51330549
0.55671138
0.61070985
0.61717147
0.60143346
0.56619471
0.53304785
0.47362316
0.48781458
0.35139704
0.54924291
0.54633772
0.54759693
0.52799553
0.53911245
0.54250532
0.50653434
0.5417161
0.55496931
0.50846165
0.51714277
0.59910846
0.47516206
0.5259968
0.53758979
0.53639466
0.48318785
0.52893764
0.5357818
0.5746696
0.49821249
0.52592838
0.49168321
0.52797198
0.56902277
0.53988272
0.52569664
0.5315001
0.50729436
0.56176114
0.45682219
0.56434345
0.56599861
0.59250957
0.52839971
0.55190355
0.55851626
0.57201552
0.52382529
0.5708251
0.52897435
0.59963912
0.52429956
0.4025524
0.60643053
0.49524719
0.5021401
0.45106351
0.58978558
0.47182149
""
0.51607889
0.48239538
0.54611832
0.57685935
0.58761179
0.47208071
0.45402962
0.42034611
0.47794104
0.5796386
0.58012581
0.47591415
0.47768074
0.53177541
0.57493013
0.56494159
0.55032849
0.57068193
0.59527135
0.59206229
0.66610003
0.59067333
0.57390183
0.54509902
0.55607909
0.52051049
0.46897063
0.50734764
0.67042238
0.60113567
0.56620514
0.57426149
0.58169484
0.58369809
0.54768085
0.53694516
0.54459804
0.52906734
0.53928673
0.53074443
0.49904871
0.50794643
0.52076727
0.51162869
0.45352396
0.47139046
0.53604722
0.46319073
0.48192182
0.52789819
0.43633878
0.51385474
0.53009862
0.5640887
0.50917917
0.49797189
0.59572178
0.54372489
0.57480532
0.54116404
0.57880658
0.58395284
0.54108477
0.57635069
0.64683682
0.57600212
0.54023337
0.51461917
0.5049479
0.54420775
""
0.55041492
0.53595501
0.55799425
0.53325367
0.58707684
0.43655324
0.56711143
0.53539413
0.57044864
0.50826979
0.55354953
0.53802598
0.56241822
0.63797051
0.5141446
0.56882358
0.59227449
0.54056746
0.50983256
0.57702655
0.60257095
0.552674
0.6390357
0.49108249
0.45765975
0.53135091
0.52057725
0.5264008
0.46816987
0.54698575
0.58730781
0.58832377
0.57925671
0.55735028
0.53106081
0.5753184
0.5527299
0.55855191
0.63485056
0.45402709
0.55601817
0.49711651
0.49107036
0.52970028
0.55056262
0.58719271
0.55330563
0.5772242
0.55154651
0.5789879
0.58216083
0.52144033
0.56146038
0.40353176
0.5285089
0.53794855
0.4917143
0.59052992
0.61850077
0.59554148
0.56087613
0.44137797
0.51955628
0.5046367
0.5979771
0.49334711
0.55251199
0.5976637
0.58143187
0.60553157
0.62703818
0.61157364
0.55178654
0.57193255
0.55853897
0.57515061
0.53555739
0.57312781
0.53238279
0.632819
0.58357817
0.5677228
0.5842365
0.56354642
0.53661108
0.60518676
0.57591844
0.56750423
0.6362493
0.62332326
0.52185142
0.60312301
0.54803747
""
0.59664184
0.60963374
0.60050046
0.55081815
0.53250039
0.48317939
0.53371537
0.46932626
0.49812183
0.55887556
0.51893866
0.47643834
0.50867975
0.56110567
0.53096026
0.49467817
0.55883074
0.50650656
0.54543543
0.54710621
0.50825173
0.54033631
0.48904723
0.53727221
0.57344019
0.54416168
0.50922471
0.59055686
0.56823778
0.58391076
0.56723821
0.61475968
0.49796736
0.53109372
0.58491379
0.56135833
0.61281139
0.53076828
0.54148966
0.49528033
0.45591685
0.52186972
0.52565706
0.53331071
0.53296345
0.5367651
0.53404331
0.55393088
0.47442442
0.59769917
0.52789748
0.60554647
0.52908379
0.57683605
0.60751301
0.60053319
0.56943941
0.61381048
0.53401762
0.50170761
0.49139699
0.47788766
0.48814562
0.47460356
0.41908798
0.46658951
0.46185994
0.5209474
0.47768062
0.50655377
0.592682
0.56528783
0.59089184
0.56024176
0.55443758
0.5389694
0.46921504
0.5045172
0.45940447
0.50530845
0.53385848
0.56776333
0.56079179
0.60437286
0.56815583
0.43950573
0.48274443
0.55866921
0.57818651
0.62629372
0.58516943
0.54448867
0.58295119
0.5421707
0.51853812
0.51472622
0.500368
0.54184973
0.5355944
0.60300708
0.58659959
0.55587369
0.61390382
0.51953351
0.60075116
0.55700582
0.5994941
0.58160239
0.60466123
0.58187252
0.56750715
0.58099151
0.59155595
0.55835247
0.52548909
0.5646171
0.52101481
0.53607488
0.56999868
0.57193905
0.52169394
0.49434534
0.5688625
0.59837937
0.54617268
0.51707184
0.61563146
0.51193768
0.54715508
0.49404886
0.57850736
0.44388199
0.51228589
0.55528265
0.56390619
0.53462297
0.51660144
0.54177129
0.55809152
0.52924883
0.63636488
0.58363253
0.62254661
0.61588937
0.67077684
0.63506252
0.59312963
0.6340149
0.63360083
0.66601962
0.58553731
0.66688192
0.5782454
0.61844307
0.62203723
0.61634058
0.64853162
0.6322372
0.61059445
0.60602421
0.63886309
0.66496176
0.64766794
0.59502667
0.65704834
0.57486916
0.70125037
0.64939094
0.66977513
0.63655138
0.65010679
0.64444602
0.59943408
0.63646477
0.60192186
0.58490521
0.59467167
0.59837121
0.61317599
0.58915824
0.58294648
0.56184161
0.55114251
0.52602291
0.56979352
0.65125513
0.6457811
0.61475122
0.61439073
0.63805825
0.64586395
0.68268293
0.6242128
0.63222992
0.63071167
0.64506447
0.58090776
0.56808448
0.56689632
0.5851329
0.56598675
0.5854705
0.5975126
0.56495619
0.55263036
0.57787198
0.62945253
0.61117435
0.62062907
0.5602814
0.60287988
0.59013456
0.5663951
0.59702408
0.56587136
0.63648403
0.59051394
0.55992842
0.58718324
0.5668301
0.59817028
0.56798977
0.57771552
0.58916813
0.55519259
0.62630582
0.58815616
0.54907101
0.5718894
0.52740979
0.60842371
0.55693662
0.60046583
0.62804419
0.59362441
0.61670762
0.63429195
0.67589629
0.58977091
0.61076754
0.60611475
0.61123288
0.67397916
0.58952641
0.6653176
0.57958013
0.59659624
0.60538238
0.46281043
0.59785724
0.55039245
0.55511314
0.57375109
0.5542807
""
""
0.49375141
0.47492748
0.40098938
0.59846801
0.62927955
0.54438347
0.55102348
""
""
""
""
0.63809144
0.62361878
0.55626231
0.56180018
0.52694446
0.48531324
0.52345294
0.53246492
0.55594355
0.54666108
0.54031473
0.58229011
0.45105523
0.44413704
0.59368926
0.49381259
0.54914939
0.58677316
0.59427893
0.57459533
0.60166061
0.59197843
0.6266194
0.57125288
0.69793528
0.55806822
0.58144552
0.59187973
0.59231591
0.59534633
0.63128382
0.59735698
0.60156971
0.60621768
0.62200183
0.68495446
0.63294369
0.57403725
0.6048584
0.64455897
0.64182287
0.58524913
0.6094082
0.6027633
0.63571882
0.56790322
0.5993486
0.5647704
0.62354445
0.57414073
0.60113525
0.60975569
0.59660274
0.58865207
0.59855121
0.5524267
0.58929867
0.56344396
0.59687924
0.60768056
0.57876867
0.59800321
0.58437192
0.5955646
0.6341669
0.63576543
0.56798792
0.63090134
0.60597998
0.61693865
0.59200019
0.6146825
0.61239272
0.63109428
0.67731273
0.61942202
0.63411838
0.61594474
0.60920632
0.58690768
0.57461679
0.60948223
0.63302886
0.6372962
0.66988122
0.63611269
0.61448628
0.61394739
0.59446716
0.59797752
0.5693621
0.56610119
0.6152873
0.58282691
0.60358661
0.59930032
0.57704592
0.58747804
0.6617589
0.58925146
0.47667772
0.61120683
0.57757694
0.50230575
0.56678456
0.55290639
0.56350899
0.49342281
0.42586124
0.61594415
0.60403126
0.53355032
0.56069851
0.59551698
0.57120824
0.54961115
0.60117775
0.62485892
0.59241903
0.55162394
0.53083229
0.58064836
0.610232
0.58555752
0.58531874
0.56986445
0.60881299
0.47287127
0.57717252
0.61725259
0.58696949
0.58345807
0.59140611
0.54894763
0.56698948
0.53166914
0.56348568
0.56032205
0.59959531
0.55157721
""
0.55955428
0.58744991
0.62409848
0.58640349
0.56043327
0.61632371
0.53623188
0.60086387
0.5689851
0.61743921
0.60285741
0.63960946
0.58949465
0.64205271
0.55514616
0.61333728
0.65395659
0.64310592
0.63452989
0.654082
0.66885412
0.64558697
0.51951253
0.60865706
0.54140371
0.54552358
0.54448307
0.54916638
0.63408792
0.63239032
0.58948052
0.58553666
0.62426698
0.61254817
0.5347355
0.57322794
0.62231934
0.63036948
0.58875751
0.56863457
0.6077261
0.60031718
0.5980193
0.59271657
0.60971713
0.55716473
0.61993921
0.60298443
0.61583972
0.58758032
0.62331766
0.58854932
0.60208297
0.59649265
0.5434978
0.59096408
0.59293818
0.61091363
0.52862197
0.5415889
0.53151459
""
0.52147686
0.5677622
0.58022821
0.55352294
0.54718393
0.59959942
0.53347754
0.57447487
0.60345984
0.58286911
0.60667771
0.58609003
0.60045689
0.58338231
0.58374166
0.58054394
0.59483749
0.60507292
0.64426887
0.59852839
0.57303041
0.59628749
0.56779796
0.59494203
0.60962421
0.54756659
0.56834239
0.55008847
0.55271965
0.56958985
0.58636642
0.53248662
0.55593765
0.5250693
0.53588253
0.55152673
0.61047196
0.58011436
0.53886062
0.4937942
0.48133257
0.48290235
0.41306567
0.51698577
0.50836521
0.58889234
0.53030115
0.50336146
0.55691969
0.5055505
0.62907678
0.5653488
0.54035628
0.56251234
0.62803996
0.59000593
0.60358375
0.58706528
0.6051991
0.65074039
0.59302896
0.5863471
0.55820996
0.57827806
0.58553398
0.55418456
0.61442715
0.56121737
0.58148742
0.65500063
0.62975591
0.57234681
0.48611742
0.42751089
0.45069531
0.59643495
0.59177965
0.57884359
0.57733297
0.47819212
0.48575586
0.59576035
0.56806809
0.59578776
0.58080739
0.57573867
0.60904092
0.6067642
0.62701219
0.5897522
0.61650878
0.60580206
0.58712304
0.58067203
0.60549533
0.61933494
0.58761758
0.59009266
0.57978141
0.55620813
0.59553772
0.53336906
0.55728465
0.60292518
0.51572835
0.52867329
0.57344121
0.58039367
0.55077368
0.59740412
0.59267896
0.55830848
0.57467204
0.61211264
0.55177373
0.54894203
0.57210708
0.57742393
0.59769541
0.631863
0.59117121
0.53149784
0.59496176
0.55993402
0.54751843
0.60792601
0.6189428
0.63670439
0.58023727
0.61683106
0.63383639
0.62663943
0.6246531
0.62742782
0.60820097
0.63887942
0.54143119
0.56296182
0.60874766
0.59022158
0.59540474
0.53010505
0.50055319
0.58792084
0.60517323
0.55099308
0.62040806
0.60967362
0.58680058
0.60493499
0.63082385
0.59792864
0.64634883
0.61586863
0.63395476
0.57831401
0.60464454
0.60054493
0.63171399
0.63358188
0.63767701
0.60070449
0.59947079
""
0.56385648
0.54480875
0.62955689
0.57341552
0.58472455
0.60924459
0.60843682
0.60081571
0.58967853
0.58941305
0.54538077
0.54544145
0.56902206
0.60797554
0.56270593
0.54110026
0.57306868
""
""
0.55832267
0.58959222
0.52532464
0.56980258
0.5725686
0.44567472
0.56806898
0.57690704
0.53143263
0.60607731
0.55254167
0.59340823
0.60711318
0.51401621
0.53221518
0.54742807
0.55268443
0.40881175
0.53276998
0.56975317
0.61513191
0.54785532
0.54324484
0.57295144
0.52947503
0.54427785
0.44556296
0.52016032
0.48575014
""
0.62991667
0.57562125
0.52450299
0.49507725
0.50752836
0.56003839
0.54246312
0.5589512
0.50207055
0.58237612
0.60161358
0.6235891
0.52891886
0.49668053
0.41904446
0.48837787
0.5229255
""
""
0.633434
""
""
""
0.4112528
0.52808404
0.59258181
0.58111739
0.63783514
0.60468751
0.6067906
0.60814124
0.63970017
0.60981327
0.65708643
0.55210114
0.43109196
0.5854131
""
""
""
""
""
""
""
""
""
0.47991979
0.51819187
0.50413597
0.56066585
0.59060073
0.58680648
0.50628191
0.56726509
0.50283277
0.56754804
""
""
""
""
""
""
""
""
0.58808309
0.51232356
0.69090897
0.59482652
0.57582277
0.4203867
""
""
""
""
0.48427981
0.49070093
0.57912207
0.56744397
0.45157963
""
""
0.45223722
""
0.56815857
0.54002059
0.54334611
0.5873673
0.55994678
0.53512669
0.48302972
0.52746421
0.40847802
""
0.44607022
""
""
0.58320057
0.56606215
""
""
""
""
0.42789748
0.39812055
0.45870662
0.40285665
0.54703218
0.41551965
0.41610846
0.38708106
0.57384473
0.49951383
0.45321321
0.42819631
0.45274451
0.4390884
0.51336116
0.43422452
0.43833792
0.48358148
0.42657644
0.44651693
0.50453061
0.51616853
0.59568483
0.56925488
0.55150169
0.5726788
0.63861662
0.47399691
0.46162558
0.5104664
0.53030103
0.58930552
0.55621809
0.62624627
0.62463874
0.57453197
0.59027725
0.59917676
0.56052244
0.58912152
0.55154288
0.51259273
0.53910249
0.58832407
0.53287965
0.51791328
0.50319886
0.55468959
0.54959869
0.55113512
0.59457034
0.58399302
0.62962592
0.58293015
0.58864295
0.58433461
0.60703826
0.59862494
0.62977552
0.60616386
0.68570232
0.6793592
0.58547741
0.67541176
0.60819161
0.58553046
0.629623
0.6053071
0.56955248
0.64185631
0.62149471
0.60527825
0.58721817
0.59898597
0.6112842
0.5919112
0.65203929
0.61656618
0.63724267
0.62703389
0.69619501
0.6236915
0.59145463
0.58167082
0.61384875
0.57662183
0.67162979
0.57118952
0.50088561
0.5326736
0.56163168
0.54753947
0.56050515
0.59687334
0.59352571
0.6472556
0.5690257
0.56375235
0.59420305
0.59017181
0.5946297
0.58665884
0.58463264
0.59853309
0.59042209
0.65157771
0.52897668
0.6501236
0.65938026
0.62298036
0.62755609
0.59850991
0.61512065
0.58702385
0.63475126
0.62400299
0.60646713
0.64401442
0.66094118
0.61697161
0.60968459
0.63725078
0.66785634
0.66854417
0.65258372
0.60508579
0.63242447
0.64799762
0.59980488
0.65097946
0.59564245
0.56055462
0.58207613
0.65184832
0.60503179
0.56606078
0.56598383
0.6133287
0.5586713
0.51882684
0.60582608
0.61378133
0.58979207
0.57912064
0.63145703
""
""
""
""
""
""
""
""
""
0.74331439
""
0.39487562
0.45089516
0.40826857
0.59935623
0.63370794
0.66391802
0.63805193
0.62728339
0.58429021
0.55651563
0.50590509
0.55778039
0.57563603
0.51718223
0.5819658
0.59295505
0.59510261
0.54750896
0.52145267
0.51602411
0.56870997
0.59761536
0.57671839
0.53894609
0.58208835
0.59400797
0.62795597
0.65627468
0.58212095
0.56377733
0.60041606
0.60811418
0.57154715
0.59275079
0.60876685
0.58594376
0.58195144
0.59223437
0.63512516
0.57667029
0.53828758
0.4979631
0.55819494
0.55052406
0.60283178
0.58604795
0.62127119
0.5907675
0.59735793
0.61058068
0.5648542
0.60628104
0.61414254
0.58031791
0.5780285
0.63779902
0.60194403
0.61315727
0.65757459
0.60274071
0.57091171
0.68207115
0.64565974
0.63986665
0.53646207
0.56788683
0.58850437
0.65814853
0.63446361
0.63571286
0.62309426
0.64227992
0.65932155
0.61314344
0.62948072
0.64156669
0.6338098
0.62403369
0.64461452
0.67824894
0.59092557
0.61086351
0.5992803
0.5841285
0.58558005
0.64692938
0.61254352
0.6085887
0.6505574
0.64174867
0.6121583
0.61733502
0.64745486
0.61107922
0.66634917
0.64513671
0.67574406
0.69039392
0.66560858
0.63624221
0.63006711
0.61893845
0.61913109
0.60232949
0.65810996
0.64309788
0.60830301
0.60775846
0.66221225
0.57940513
0.57492399
0.58678478
0.61590803
0.57875055
0.57890338
0.60938865
0.59829605
0.59534824
0.58779436
0.62676841
0.60108596
0.5646686
0.5846563
0.62271178
0.60608792
0.6118924
0.61667508
0.59333867
0.55224723
0.5396983
0.57754076
0.56848067
0.56625021
0.61440814
0.61812735
0.58436
0.55093306
0.55498892
0.60089141
0.45239598
0.4881089
0.42127255
0.42774141
0.45184523
0.57545376
0.54025489
0.61411864
0.58128119
0.66997319
0.63779962
0.53639585
0.53335893
0.55233103
0.5782491
0.57255638
0.51359397
0.55563748
0.5892449
0.60836196
0.58442348
0.5888806
0.63803923
0.63854325
0.61879021
0.68775016
0.58871108
0.58652854
0.61955035
0.64523441
0.58846736
0.5924322
0.62693191
0.61203015
0.61116588
0.64281034
0.6637494
0.62800109
0.62924087
0.62442917
0.59788549
0.62405527
0.63093352
""
0.52604902
0.559389
0.56171846
0.51693976
0.58564174
0.37937137
0.64074498
0.41962063
0.5087198
0.57671332
0.58788395
0.58038884
0.58395362
0.67397797
0.52282465
0.55732584
0.61685139
0.58511776
0.6465171
0.61140537
0.57733446
0.53285307
0.40527925
0.49274081
0.50978303
0.43933198
0.51976538
0.52202696
0.51357967
0.54244
0.44387922
0.6051091
0.58455831
0.58576459
0.63697219
0.59588844
0.58809203
0.56979126
0.57875043
0.59842545
0.5644291
0.63161337
0.60289645
0.54025108
0.53889102
0.57216424
0.56925428
0.59045959
0.59623283
0.61430401
0.63111454
0.62504351
0.60950655
0.59954923
0.60982108
0.61322981
0.64696324
0.58415997
0.61020571
0.60316992
0.61664224
0.61391473
0.56952357
0.62563992
0.53799945
0.61563212
0.54693526
0.58661467
0.60552412
0.61060369
0.66156316
0.57691836
0.60350603
0.54806811
0.60450977
0.54459703
0.55881417
0.56211644
0.49753124
0.56181508
0.55112445
0.59831417
0.5179643
0.57674235
0.60537171
0.57232767
0.5615409
0.56110293
0.57014602
0.61668193
0.60550374
0.61349869
0.59662181
0.49891609
0.5435701
0.5947721
0.59253252
0.53489035
0.5147686
0.57780826
0.61244315
0.58104491
0.66468155
0.64160562
0.62115884
0.62925792
0.60618794
0.61890346
0.62037623
0.63811296
0.62592816
0.64431638
0.64078927
0.55154705
0.63670129
0.63010347
0.62227559
0.57234603
0.57560313
0.640872
0.61739236
0.59175676
0.61569858
0.61543256
0.64184624
0.57392198
0.60194993
0.59385031
0.57535833
0.64900053
0.5884552
0.56966066
0.59130996
0.5902608
0.54062504
0.55079395
0.56100595
0.5778805
0.59607965
0.58779633
0.5433324
0.55622071
0.557051
0.5666995
0.63551611
0.61616915
0.65114254
0.61705297
0.57168472
0.54396868
0.52793062
0.55152583
0.56759214
0.53428483
0.55451691
0.54407209
0.57471496
0.50806272
0.56020051
0.52361166
0.55109781
0.59482628
0.56684583
0.58143193
0.575409
0.58226109
0.54112887
0.48445922
0.56675816
0.58704734
0.57314509
0.62419164
0.61341047
0.6365158
0.62683624
0.67158639
0.61515927
0.61979127
0.62266004
0.61210597
0.58525616
0.61974519
0.58316368
0.62129116
0.66306698
0.62523526
0.60818237
0.66810626
0.59083962
0.63507485
0.61770236
0.65133709
0.66610372
0.62686121
0.67743015
0.63337421
0.66924292
0.58467966
0.65831989
0.63292056
0.60227507
0.60287303
0.60418224
0.66752142
0.6279276
0.66260666
0.64188695
0.51176846
0.6565004
0.6852445
0.63700771
0.65028954
0.65413368
0.6642471
0.65048331
0.67315137
0.67482978
0.65679145
0.67654139
0.65577823
0.62475532
0.60304523
0.64474237
0.63620305
0.67375386
0.65543234
0.67399061
0.63715571
0.62791711
0.63392842
0.63995713
0.68961847
0.6491369
0.63763809
0.63552475
0.6260491
0.67199618
0.63145781
0.60405284
0.66681933
0.58668309
0.64295167
0.52741927
0.64416271
0.63205332
0.57389474
0.52756113
0.5529508
0.64165205
0.65480262
0.63963729
0.68474209
0.62707919
0.5746184
0.64331716
0.60912663
0.65201908
0.60306227
0.61926538
0.66888875
0.68219501
0.66561908
0.68059456
0.65665144
0.67726099
0.62143952
0.6154741
0.65307736
0.65821606
0.66152364
0.63799953
0.62759173
0.6226691
0.5927487
0.57628357
0.61436909
0.58456743
0.6293028
0.59601045
0.61785096
0.64481187
0.6182971
0.58570176
0.66659933
0.64622015
0.59188098
0.57833117
0.56259972
0.59151971
0.59928244
0.58511651
0.60044366
0.6499365
0.58792806
0.58549428
0.56837469
0.58331937
0.59383696
0.60498691
0.52795917
0.55864108
0.54566449
0.53317976
0.58090031
0.57929188
0.54720026
0.5755856
0.57089782
0.49657083
0.64913696
0.57105559
0.58592594
0.54424936
0.56368804
0.52426177
0.5749411
0.52847612
0.54235309
0.61734307
0.61486351
0.62323678
0.64270818
0.62221503
0.63738537
0.59515947
0.61406183
0.59739894
0.6463365
0.60132563
0.62408203
0.6028465
0.60103798
0.63278949
0.56873405
0.57980669
0.51564252
0.58672649
0.56167549
0.58872819
0.50681227
0.58569646
0.55244303
0.63829243
0.62498575
0.62651318
0.61515504
0.5900923
0.559286
0.6201911
0.60440898
0.57780957
0.61053705
0.62140042
0.63875735
0.58168834
0.58646387
0.57028311
0.58732873
0.60151392
0.6709007
0.61292326
0.59397662
0.59968305
0.58883137
0.49770755
0.5204435
0.62027889
0.53148401
""
0.59700805
0.59112763
0.59222341
0.66964775
0.59884036
0.6166898
0.70076203
0.68615198
0.64337146
0.64720303
0.70036262
0.67763561
0.68113244
0.66989195
0.65486473
0.589876
0.63270462
0.59409326
0.65779793
0.71269971
0.67675942
0.60994774
0.65021569
0.76138097
0.59476811
0.58169425
0.5983932
0.63515222
0.5729087
0.64239651
0.69468755
0.66846991
0.64982724
0.648242
0.60782981
0.62779248
0.60730135
0.63261694
0.64318079
0.62337029
0.63613153
0.64129984
0.50730908
0.5649398
0.54949874
0.51341921
0.58411711
0.56093252
0.53214496
0.61608559
0.59390891
0.53252751
0.57988173
0.63697487
0.61052459
0.58243603
0.59046602
0.5893932
0.57466555
0.61494625
0.55520982
0.56997019
""
0.57609135
0.60238039
0.67504889
0.7042824
0.513255
0.59896266
0.60892487
0.65587938
0.66106272
0.64690286
0.58688819
0.60586995
0.65760165
0.65478897
0.62644756
0.66739249
0.58702624
0.6121918
0.68618101
0.66467959
0.63944423
0.65734392
0.68245763
0.64825511
0.62657255
0.6047492
0.60236669
0.58018482
0.58504957
0.66714478
0.62699866
0.64810646
0.59519786
0.6286003
0.61337131
0.66220158
0.66654533
0.7037518
0.59736526
0.67154437
0.70294935
0.67390233
0.6609242
0.68821222
0.68245608
0.67512375
0.69264781
0.64436156
0.69100839
0.64511001
0.58714545
""
0.54432541
0.66514105
0.69137973
0.64305162
0.65333253
0.61296409
0.6364218
0.66349125
0.67522067
0.59193712
""
""
""
""
""
""
""
""
""
""
""
""
""
""
""
""
""
""
""
""
""
""
""
""
""
""
""
""
""
""
""
""
""
""
""
""
""
""
""
""
""
""
""
""
""
""
""
""
""
""
""
""
""
""
""
""
""
""
""
""
""
""
""
""
""
""
""
""
""
""
""
""
""
""
""
""
""
""
""
""
""
""
""
""
""
""
""
""
""
""
""
""
""
""
""
""
""
""
""
""
""
""
""
""
""
""
""
""
""
""
""
""
""
""
""
""
""
""
""
""
""
""
""
""
""
""
""
""
""
""
""
""
""
""
""
""
""
""
""
""
""
""
""
""
""
""
""
""
""
""
""
""
""
""
""
""
""
""
""
""
""
""
""
""
""
""
""
""
""
""
""
""
""
""
""
""
""
""
""
""
""
""
""
""
""
""
""
""
""
""
""
""
""
""
""
""
""
""
""
""
""
""
""
""
""
""
""
""
""
""
""
""
""
""
""
""
""
""
""
""
""
""
""
""
""
""
""
""
""
""
""
""
""
""
""
""
""
""
""
""
""
""
""
""
""
""
""
""
""
""
""
""
""
""
""
""
""
""
""
""
""
""
""
""
""
""
""
""
""
""
""
""
""
""
""
""
""
""
""
""
""
""
""
""
""
""
""
""
""
""
""
""
""
""
""
""
""
""
""
""
""
""
""
""
""
""
""
""
""
""
""
""
""
""
""
""
""
""
""
""
""
""
""
""
""
""
""
""
""
""
""
""
""
""
""
""
""
""
""
""
""
""
""
""
""
""
""
""
""
""
""
""
""
""
""
""
""
""
""
""
""
""
""
""
""
""
""
""
""
""
""
""
""
""
""
""
""
""
""
""
""
""
""
""
""
""
""
""
""
""
""
""
""
""
""
""
""
""
""
""
""
""
""
""
""
""
""
""
""
""
""
""
""
""
""
""
""
""
""
""
""
""
""
""
""
""
""
""
""
""
""
""
""
""
""
""
""
""
""
""
""
""
""
""
""
""
""
""
""
""
""
""
""
""
""
""
""
""
""
""
""
""
""
""
""
""
""
""
""
""
""
""
""
""
""
""
""
""
""
""
""
""
""
""
""
""
""
""
""
""
""
""
""
""
""
""
""
""
""
""
""
""
""
""
""
""
""
""
""
""
""
""
""
""
""
""
""
""
""
""
""
""
""
""
""
""
""
""
""
""
""
""
""
""
""
""
""
""
""
""
""
""
""
""
""
""
""
""
""
""
""
""
""
""
""
""
""
""
""
""
""
""
""
""
""
""
""
""
""
""
""
""
""
""
""
""
""
""
""
""
""
""
""
""
""
""
""
""
""
""
""
""
""
""
""
""
""
""
""
""
""
""
""
""
""
""
""
""
""
""
""
""
""
""
""
""
""
""
""
""
""
""
""
""
""
""
""
""
""
""
""
""
""
""
""
""
""
""
""
""
""
""
""
""
""
""
""
""
""
""
""
""
""
""
""
""
""
""
""
""
""
""
""
""
""
""
""
""
""
""
""
""
""
""
""
""
""
""
""
""
""
""
""
""
""
""
""
""
""
""
""
""
""
""
""
""
""
""
""
""
""
""
""
""
""
""
""
""
""
""
""
""
""
""
""
""
""
""
""
""
""
""
""
""
""
