kfr_24_white_female_p10
0.47368988
0.44963601
0.43716604
0.43991873
0.4918423
0.52652681
0.46785852
0.44153443
0.42155862
0.46788788
0.48341182
0.58993191
0.55910677
0.51848853
0.50128931
0.50575715
0.42358485
0.48075008
0.43914837
0.44504827
0.43153048
0.4672232
0.51155448
0.4813531
0.47805309
0.50271589
0.45568761
0.45564696
0.52356279
0.45687822
0.44614327
0.34832734
0.53364462
0.45560646
0.46010515
0.4763675
0.47555992
0.46007162
0.44335455
0.46589622
0.45478731
0.44020972
0.41231596
0.4776912
0.45571131
0.52760381
0.44847193
0.44273624
0.45478207
0.46627453
0.44530886
0.44472212
0.49138251
0.42623058
0.44509405
0.46215776
0.40097344
0.48184985
0.4563916
0.4320817
0.45220178
0.46606094
0.47678542
0.43118557
0.47878647
0.36416608
0.44953126
""
""
0.52084595
0.5543403
""
0.70820135
""
0.54741824
0.54625022
0.55078274
0.55549496
0.50300753
0.52395862
0.57903302
""
""
0.50146085
0.29760692
0.77966124
""
0.63489246
0.43570662
0.58976948
""
0.57503164
0.43318948
0.50529218
""
0.41049325
0.53853434
0.4528434
0.48158616
0.46411443
0.44719097
0.41016114
0.50190264
0.48405635
0.45192
0.4909488
0.44865125
0.44749561
0.51856506
0.48831004
0.47200412
0.43458259
0.48833379
0.47392696
0.48531523
0.49824807
0.43396872
0.46111038
0.49885452
0.43356577
0.41617438
0.4576816
0.45086715
0.44864312
0.46148008
0.43425471
0.45705026
0.45452827
0.45603386
0.42813027
0.46086991
0.43655118
0.35919648
0.47158125
0.50106478
0.51658124
0.43761927
0.46203309
0.44434303
0.4750292
0.42548263
0.40260091
0.47180721
0.49755105
0.39498317
0.41734266
0.4598951
0.41155472
0.4004561
0.44162044
0.44613892
0.44018206
0.4554657
0.44944215
0.52413571
0.48132926
0.46324188
0.43641615
0.3704378
0.45865029
0.5458138
0.51511604
0.43552443
0.46692377
0.48713589
0.51275551
0.39458373
0.47068247
0.42701524
0.49552694
0.44183674
0.4845078
0.41515332
0.41928723
0.51846725
0.5331949
0.43947011
0.46097359
0.42719904
0.48311248
0.46654052
0.50218135
0.47208884
0.46684694
0.38339907
0.48320237
0.47514948
0.67351764
0.51591623
0.44378886
0.41781512
0.43296587
0.48147601
0.42476597
0.52780992
0.43983006
0.45561016
0.40115309
0.4300794
0.45903242
0.4389872
0.46502
0.46832559
0.45694143
0.47811067
0.45976517
0.44155613
0.53410494
0.43631351
0.43009648
0.48248684
0.46494547
0.47852948
0.46560025
0.49289235
0.49388975
0.52206689
0.49052012
0.47448209
0.48720083
0.50780928
0.46695095
0.49436089
0.48205715
0.44587886
0.48282671
0.47146687
0.47773409
0.49353373
0.44019243
0.47327539
0.48326948
0.45825589
0.4712519
0.48960799
0.45391768
0.44100967
0.46456578
0.49532428
0.42996934
0.48521799
0.4725655
0.49279341
0.43716866
0.46739992
0.46529546
0.5117954
0.59366906
0.60996175
0.52039605
0.50618833
0.52529317
0.51337004
0.67998171
0.59284002
0.59251392
""
0.49889377
0.3551017
0.55544865
0.44145596
0.71225113
0.48854497
0.5273127
0.60200608
0.46245956
0.50909179
0.51153237
0.56705856
0.49942529
0.5048815
""
0.5052945
0.55725116
0.50256091
0.47106582
0.57343948
0.33127493
0.53677756
0.4947798
0.57700598
0.51359576
0.51922721
0.50912261
""
0.45706573
0.47970721
0.54303461
0.52743852
0.46606389
0.59318978
0.52355146
0.50867134
0.58529937
0.44530889
0.4449062
0.54338539
0.47927654
0.53196824
0.45123985
0.49565142
0.65220279
0.5714944
0.46005106
0.52034527
0.64227569
0.48009324
0.58240324
0.49780455
0.47557372
0.45152315
0.45968187
0.47764441
0.4720242
0.48079115
0.46661693
0.46335793
0.43248904
0.44921976
0.40905219
0.46316919
0.44129366
0.44191471
0.45986575
0.4499734
0.46994194
0.45114568
0.46225435
0.4485282
0.44842744
0.53300005
0.39761594
0.45006093
0.40033963
0.44424766
0.44021571
0.47489393
0.40400845
0.43126941
0.44177201
0.45844886
0.46190265
0.44003829
0.48139295
0.4223918
0.43515718
0.4499048
0.43582457
0.49204144
0.45071581
0.46160483
0.54862916
0.47227156
0.45585921
0.46207097
0.43872005
0.42061934
0.45269394
0.4262214
0.45279849
0.44828323
0.46376625
0.47159696
0.48602337
0.43277431
0.4684771
0.41217828
0.44528222
0.43153149
0.46782437
0.42495349
0.45135126
0.44014651
0.43834323
0.45888782
0.45031092
0.45951751
0.46931049
0.47580364
0.42851195
0.49855611
0.43071514
0.43345761
0.44883981
0.4862057
0.47297433
0.48241961
0.43565756
0.46793652
0.46725431
0.50309259
0.41236079
0.49511084
0.44268203
0.46427003
0.45722163
0.41188741
0.41635039
0.45371115
0.49627829
0.44776851
0.48676538
0.44359371
0.42891121
0.4174667
0.23439685
0.45130295
0.44557053
0.44425133
0.43869814
0.51423204
0.42945412
0.3752313
0.40942788
0.47403726
0.40194479
0.43591249
0.44325227
0.42232251
0.44505847
0.43942994
0.42255995
0.44600904
0.44047284
0.45007828
0.38847998
0.3996025
0.47988111
0.44063711
0.44185227
0.44703218
0.52656555
0.3506788
0.40108064
0.44373909
0.42820215
0.40956387
0.4978458
0.42729813
0.48541933
0.44655719
0.47945344
0.55112576
0.42804319
0.47672614
0.47928646
0.42514205
0.44361043
0.37630489
0.42105985
0.44546923
0.45518455
0.41215807
0.47137776
0.4957779
0.48080996
0.38708434
0.43917963
0.4115023
0.4555442
0.46037143
0.44979614
0.44626561
0.52284789
0.46327269
0.4197531
0.47536558
0.46970028
0.31992337
0.40379497
0.50558919
0.41459379
0.44657877
0.46413392
0.44692904
0.4709509
0.43793598
0.56383866
0.45721006
0.4426879
0.43372321
0.47152632
0.46602592
0.45759317
0.46475512
0.45022836
0.4720757
0.42732242
0.42936012
0.39252254
0.43061021
0.4182528
0.39949629
0.44873643
0.51570642
0.45707425
0.45565617
0.44221276
0.46899927
0.47035471
0.48819751
0.45119837
0.31969696
0.4486272
0.52894515
0.43505269
0.43787476
0.40267634
0.47958314
0.48953575
0.44144189
0.34044829
0.44831896
0.44101113
0.49609801
0.39731491
0.36044821
0.30458698
0.49560386
0.46594298
0.44196138
0.37443885
0.46935603
0.45911396
0.42143956
0.5095734
0.48658124
0.40378696
0.46742919
0.39116728
0.50468785
0.38459766
0.43434465
0.44848451
0.44315505
0.27320391
0.43900585
0.44439089
0.66141313
0.37827864
0.49302971
0.42673331
0.41415283
0.3807964
0.43945393
0.48465362
0.47764876
0.47289124
0.53434712
0.44657519
0.47405329
0.61735803
0.50491494
0.5083968
0.4970226
0.53133339
0.58899593
0.52270043
0.49868134
0.47140929
0.50350052
0.49466994
""
0.47481927
0.65149677
0.5148828
0.57056409
0.55052757
0.60508031
0.52127069
0.61889732
0.5417496
0.51777428
0.4933843
0.50156182
0.5380314
0.5116297
0.46940213
0.52019584
0.52380264
0.46661559
0.55934906
0.54570347
0.51634395
0.46662992
0.59758443
0.5173676
0.43644717
0.46746722
0.46644479
0.64585316
0.4838886
0.44850257
0.49540752
0.41673055
0.46277022
0.4650521
0.46503121
0.48325205
0.45531529
0.63373631
0.49038234
0.37493074
0.3947112
0.4423883
0.51162457
0.45084372
0.46235675
0.40133655
0.47088772
0.43644583
0.36720613
0.43752667
0.42419878
0.49090213
0.49551088
0.4180837
0.44789904
0.48202413
0.48128682
0.47069681
0.4303475
0.43111977
0.46907246
0.44797489
0.43121046
0.51109308
0.46160966
0.42343116
0.35344252
0.43174526
0.44802639
0.40525392
0.44069937
0.45041528
0.43217131
0.51679164
0.47744802
0.45746624
0.44395995
0.44934142
0.37795529
0.46772572
0.43915755
0.43489459
0.42314228
0.47092578
0.40839657
0.46610337
0.50397897
0.40574414
0.38986936
0.42268908
0.41999242
0.42098346
0.47496298
0.41443059
0.36214852
0.46035331
0.43959528
0.55781537
0.40400693
0.39928243
0.49320555
0.40042669
0.39108887
0.42021519
0.49198234
0.49211478
0.54472351
0.52216423
0.48551804
0.49467453
0.43854487
0.39668405
0.42314419
0.42147884
0.4088617
0.45942989
0.46730131
0.44742659
0.39627481
0.48686445
0.39701074
0.45961136
0.40062451
0.46661845
0.3748596
0.50277197
0.47165146
0.44426396
0.44344705
0.43887898
0.44365123
0.42241225
0.49445295
0.47254738
0.42023426
0.4114809
0.50678098
0.44118017
0.49061641
0.45813969
0.42477667
0.40919214
0.4289307
0.39394018
0.43380272
0.49737206
0.50846249
0.41676304
0.43972862
0.45018929
0.38091776
0.51717675
0.45335391
0.39466953
0.38174543
0.42818609
0.5064919
0.50197703
0.4388234
0.39359552
0.45600551
0.45777294
0.45776722
0.4625794
0.44269642
0.3878361
0.39110947
0.374605
0.45372063
0.51242656
0.4760378
0.43961078
0.47548515
0.40811482
0.44635355
0.48402464
0.66871154
0.41747698
0.41111127
0.41978168
0.37022492
0.38379243
0.47792426
0.44128498
0.39408615
0.40511003
0.43951207
0.4112179
0.4614318
0.47938961
0.44126773
0.4508087
0.43333912
0.45103115
0.43386334
0.46573129
0.42513686
0.4212738
0.4792572
0.46411121
0.46003839
0.53634238
0.44321752
0.40993792
0.39046022
0.45532525
0.49382278
0.45214432
0.43329871
0.43040171
0.47284344
0.41229177
0.36863738
0.42692342
0.40111467
0.40556037
0.39539251
0.40085742
0.44028091
0.43409207
0.45497671
0.39898205
0.41879278
0.50740761
0.49593607
0.52423239
0.5844838
0.48957294
0.4557187
0.56505704
0.52156389
0.4242422
0.51804048
0.53305256
0.49877089
0.47047895
0.55925733
0.49870569
0.60607314
0.48587069
0.52374333
0.46643463
0.52572107
0.60752666
0.46388027
0.51310754
0.56784308
0.4606491
0.5781818
0.55395138
0.51164472
0.4991942
0.61566502
0.41824001
0.43358007
0.51179183
0.5347532
0.52649152
0.46096587
0.50250429
0.49275276
0.56414247
0.52951378
0.58420199
0.53513062
0.52560383
0.49153599
0.49132648
0.44147828
0.53191346
0.5275296
0.57887721
0.5501222
0.52148384
0.48406616
0.44790384
0.44022927
0.52691841
0.51452529
0.58794177
0.40063202
0.43143702
0.54781306
0.53458381
0.61613613
0.57733727
0.53815228
0.51072341
0.50118399
0.55563062
0.56359214
0.50005496
0.48827729
0.51196253
0.40532455
0.52981204
0.54405087
0.52067041
0.54452664
0.5867641
0.53110963
0.45418829
0.43310684
0.49216086
0.58947527
0.54322743
0.39464611
0.5527941
0.64941287
0.49990082
0.50013906
0.55720949
0.49790755
0.48122597
0.46975636
0.50426358
0.49897152
0.58230847
0.42652446
0.4894115
0.56257766
0.45393959
0.57834798
0.50109106
0.43064258
0.52117366
0.47817582
0.47467715
0.52459997
0.46301094
0.53131449
0.45726472
0.59175265
0.53353393
0.47210637
0.47594637
0.48476043
0.56475794
0.54382282
0.5268994
0.53852618
0.4801515
0.43382803
0.48122251
0.49575612
0.47915789
0.46592134
0.62335163
0.67249244
0.49919793
0.58743274
0.49959555
0.49236411
0.47064862
0.46358424
0.40544873
0.49580303
0.50812298
0.49416697
0.71010405
0.57146198
0.58812076
0.50910652
0.4807685
0.63980424
0.54005891
0.58015138
0.47364697
0.54575521
0.48433858
0.45970288
0.50823241
0.48243135
0.48391113
0.46995795
0.41182706
0.54281819
0.50528866
0.42969283
0.4540385
0.44961852
0.45547038
0.56337547
0.67908216
0.51690644
0.53733528
0.45158815
0.51601863
0.78055471
0.55140287
0.51911807
0.82113492
0.57003599
0.49187857
0.46289647
0.50447583
0.53661567
0.57469767
0.54808807
0.4974477
0.4684962
0.46635669
0.59451258
0.47871399
0.44185713
0.46577612
0.61257929
0.4281925
0.45311153
0.52852124
0.44351155
0.50643378
0.42990711
0.76893955
0.54298985
0.65195668
0.51124001
0.70338684
0.49626762
0.46135795
0.49284309
0.69558674
0.49669087
0.54218441
0.56015146
0.48815864
0.46270323
0.41599873
0.41949424
0.47750586
0.44258222
0.47589201
0.50108784
0.44507688
0.44398367
0.43579948
0.4523181
0.43787685
0.41609186
0.43340722
0.39009559
0.43871197
0.461321
0.43144983
0.45434943
0.46777922
0.47136009
0.40752599
0.43251663
0.4228141
0.43228447
0.44546518
0.43990758
0.40792447
0.44060153
0.49783677
0.42364895
0.45383021
0.41976854
0.48854947
0.43588096
0.40685919
0.40483144
0.44565278
0.45412922
0.42876306
0.45353895
0.58237636
0.44992307
0.45394224
0.44380924
0.47171319
0.52860367
0.43431449
0.41442606
0.47127745
0.4953734
0.49691138
0.4834151
0.38550073
0.43756038
0.4228133
0.45241067
0.45985448
0.41053569
0.40476775
0.47502288
0.39091259
0.47307009
0.43780556
0.47741455
0.46803343
0.45037758
0.39007986
0.43236423
0.48997259
0.49933702
0.45646939
0.53456312
0.45351866
0.49963012
0.4114998
0.43082672
0.40352711
0.4068732
0.47803831
0.476138
0.46474889
0.51528817
0.41382074
0.44965947
0.45259887
0.46426404
0.49027914
0.5352726
0.44144464
0.54189348
0.46144968
0.46635494
0.500974
0.47590375
0.47523224
0.43758813
0.41651243
0.48945218
0.42471662
0.47848472
0.4029243
0.44472101
0.63636279
0.44835737
0.41201639
0.46466765
0.40872607
0.42236292
0.44648284
0.51215136
0.45634085
0.49816024
0.46740052
0.53364605
0.46753937
0.43875191
0.51053584
0.47948405
0.48014355
0.44023618
0.42360017
0.44295377
0.46384627
0.54943782
0.42855546
0.45838854
0.45660734
0.51727498
0.37939051
0.44259179
0.42507619
0.43286946
0.40946797
0.50054824
0.47784162
0.41920394
0.45510992
0.498611
0.45981148
0.46249691
0.42922673
0.51754618
0.47767195
0.43204898
0.42298931
0.38589203
0.48920956
0.4246335
0.45797333
0.42825592
0.4432058
0.47123805
0.46958134
0.4308579
0.46688494
0.44908693
0.48300427
0.42124787
0.44254819
0.41764233
0.42196912
0.47248295
0.44054541
0.44336501
0.51931638
0.38284561
0.44025543
0.40189192
0.55586439
0.40466854
0.47333261
0.46626374
0.44513959
0.42973053
0.44472393
0.41425121
0.45699263
0.45783418
0.46394625
0.49965295
0.43159062
0.45416793
0.45479515
0.48238814
0.59123069
0.53120947
0.45300165
0.44230333
0.41626337
0.456963
0.41432327
0.45559794
0.4337762
0.45945767
0.45045575
0.42272413
0.4735302
0.42198423
0.43017733
0.45150873
0.44019824
0.48433489
0.42190316
0.45248455
0.44828865
0.49907288
0.41969323
0.50297803
0.44240952
0.50864446
0.45509309
0.50250286
0.45068005
0.43350196
0.45195994
0.41643885
0.48642033
0.47178543
0.56992608
0.49250728
0.48824981
0.48822513
0.43026042
0.43583852
0.45813775
0.39624187
0.46215093
0.41523927
0.47014967
0.51188302
0.45386666
0.41732705
0.44155818
0.45570686
0.47649047
0.45953864
0.49393836
0.46716535
0.4718408
0.45008174
0.42156726
0.41254187
0.42205507
0.43255091
0.46764106
0.43697074
0.51172292
0.44146073
0.4091154
0.43340123
0.42070875
0.43544573
0.41350591
0.42286861
0.50424224
0.45179132
0.42814934
0.40871951
0.45043302
0.42826465
0.45230785
0.43741679
0.45329913
0.49556208
0.3980386
0.38944459
0.45429385
0.47584155
0.43394065
0.45014489
0.46731544
0.47353253
0.42730823
0.44149539
0.42572954
0.44624323
0.42521977
0.40890631
0.40716583
0.44022834
0.41853184
0.42865226
0.48883834
0.44719997
0.41401413
0.45802355
0.43426028
0.42487612
0.48824918
0.44474134
0.4395476
0.42753285
0.46565613
0.36311135
0.47973162
0.41251296
0.38552177
0.42729077
0.3951394
0.48456496
0.412736
0.43831095
0.435574
0.44328299
0.43118677
0.42818698
0.42741969
0.44315857
0.44045332
0.45671442
0.47710094
0.44143131
0.40491018
0.44094643
0.43318906
0.44577894
0.46185669
0.42888165
0.45677578
0.40234348
0.43612808
0.42908573
0.41003031
0.47171411
0.46067744
0.5425294
0.51698959
0.5361768
0.65757251
0.45509616
0.58478373
0.46818143
0.48923737
0.45013943
0.54968137
0.4814277
0.4646509
0.55527699
0.4895041
0.58621842
0.48473987
0.46889114
0.51926708
0.56382102
0.51229066
0.57544738
0.5299589
0.4949384
0.61184072
0.46869934
0.56799644
0.50559813
0.51386297
0.50782776
0.48972833
0.5070346
0.55823123
0.56514388
0.45568669
0.55741382
0.42775172
0.39347869
0.53893757
0.56845176
0.51060617
0.53661501
0.59328854
0.58982939
0.47565442
0.57756603
0.50143063
0.52906132
0.48259163
0.55958277
0.57362372
0.59035295
0.50155741
0.51920402
0.51347756
0.57371145
0.48320812
0.56003475
0.51848894
0.57165509
0.44640243
0.65751928
0.60004067
0.60753888
0.50202799
0.59047401
0.51896185
0.44387054
0.51197326
0.47387919
0.53580683
0.57553303
0.49407035
0.51882356
0.59702903
0.56188351
0.56692898
0.53638643
0.54143858
0.50509214
0.50032485
0.48436773
0.38949063
0.54674196
0.51710606
0.51739663
0.45554468
0.47432604
0.49686757
0.42538655
0.55961072
0.36568394
0.44248787
0.49042621
0.46714815
0.48503414
0.44706911
0.53761101
0.43978053
0.43150207
0.49807429
0.4681417
0.46845311
0.44711089
0.45897916
0.47134626
0.51408643
0.47401783
0.40444198
0.41544122
0.43589687
0.52181399
0.44450286
0.60448235
0.43789494
0.43754914
0.44287574
0.39128345
0.52311677
0.4542082
0.46994576
0.4119564
0.4879576
0.46373853
0.49917495
0.42935482
0.4582192
0.4149881
0.5330928
0.460796
0.43097311
0.48373142
0.41325283
0.45988399
0.4787997
0.39309159
0.48885903
0.47586554
0.43046802
0.4165526
0.4363277
0.40603498
0.467352
0.43541765
0.4445574
0.4997597
0.45920277
0.45564002
0.40692261
0.49893394
0.44903263
0.49715751
0.45516878
0.34072605
0.42216551
0.49322766
0.45019051
0.60299492
0.43173629
0.49294811
0.41126126
0.39372692
0.51081449
0.48900059
0.49370453
0.44233155
0.44554311
0.40701407
0.5058406
0.4574264
0.44370151
0.4456878
0.49179736
0.46254355
0.47089857
0.47689173
0.48378375
0.43977511
0.41213742
0.41786435
0.46918637
0.44678822
0.45508716
0.45135435
0.45890242
0.4802776
0.44461069
0.4471406
0.47054693
0.48656833
0.48151839
0.48231426
0.48130336
0.460787
0.5165965
0.44522592
0.51283628
0.51774079
0.44126973
0.50518227
0.47220823
0.49041757
0.39409214
0.45715269
0.45178172
0.50542659
0.44300139
0.40661177
0.47850275
0.4625355
0.49382606
0.57403415
0.46254516
0.46170038
0.43318367
0.43684131
0.4296298
0.44654667
0.45730075
0.46289176
0.44226927
0.45013395
0.45302597
0.47847131
0.47889525
0.44916445
0.45289493
0.49290115
0.51432371
0.47341558
0.41836596
0.46721125
0.49469927
0.46733236
0.40920779
0.49835086
0.53185046
0.45613167
0.4916653
0.46893016
0.47880781
0.5633688
0.49523515
0.63086545
0.54585057
0.35787427
0.47340032
0.42704216
0.43911856
0.42534745
0.45730519
0.48566535
0.43985248
0.54178309
0.50974685
0.39114597
0.45825872
0.52922553
0.46867585
0.4640919
0.48408613
0.43444031
0.41507134
0.44458884
0.40813264
0.405902
0.46168238
0.43274418
0.48116243
0.52430379
0.4454343
0.48868364
0.50768173
0.50438714
0.45134452
0.446904
0.45774865
0.4269985
0.48117945
0.4283559
0.49229085
0.44817224
0.42276642
0.50161642
0.55879182
0.59618968
0.52084595
0.57033086
0.68558347
0.47313282
0.54417467
0.44559965
0.65845066
0.57553971
0.44842637
0.76464295
0.53365189
0.52185583
0.50154513
""
0.55524236
""
0.49530867
0.52518612
0.51928908
0.63639396
0.48179296
0.50890523
0.39402589
0.48506069
0.59518206
0.45563421
0.4753387
0.50826919
0.45717654
0.46022323
0.50569522
""
0.58275998
0.5149259
0.51527715
0.42270172
""
0.50343674
0.54408073
0.52081209
0.44349271
0.49540287
0.50881177
0.43337181
0.62741804
0.72568339
0.60490185
0.52877569
""
0.50280964
""
0.64065909
0.48627311
0.46590883
0.60647428
""
0.6025508
0.58912998
0.57403684
0.553285
0.57107872
0.60530275
0.52130866
0.47781652
0.58033109
0.49877849
0.65627211
0.49590364
0.51160896
0.52333629
0.65514368
0.57172471
0.62268442
0.60014415
0.4231253
0.54270577
0.49658415
0.49506038
0.69691175
0.50419581
0.41631311
0.57648933
0.60583574
0.54586869
0.56997371
0.62644619
0.50844216
0.53929079
0.47006568
0.55605841
""
0.61473924
0.48124579
0.53277713
0.47130147
0.66976839
0.64359647
0.57469714
""
0.51336694
0.48429987
0.53404021
0.55437011
0.445712
0.52263135
0.47897074
0.56467354
0.44010329
0.4952912
0.5876534
0.60277754
0.6241129
0.527457
0.54420727
0.56813526
0.58414352
0.48249817
0.6299578
0.51610607
0.59729052
0.57587963
0.49334773
0.50730139
0.5474965
0.52890873
0.47617698
0.56876928
0.68754917
0.59472984
0.45329237
0.55386049
0.48784617
0.55853772
0.56716669
0.66481102
0.49456567
0.57061589
0.56619686
""
0.56577224
0.50179684
0.5429458
0.56057358
0.53737164
0.5238325
0.54144454
0.4654361
0.46965632
0.53645134
0.47369853
""
0.33865726
0.38983172
0.63164866
0.58311838
0.44417205
0.47633553
0.47160339
0.52124351
0.61447769
0.46990213
0.50313395
0.4641504
0.44516334
0.47382647
0.42509386
0.41381884
0.47764149
0.45833635
0.44525912
0.45552257
0.44105577
0.42929596
0.44236803
0.49900684
0.46140087
0.44351101
0.46422544
0.42282584
0.48470545
0.42620739
0.50007617
0.48001632
0.46671346
0.47919822
0.46897969
0.47115535
0.45867869
0.4957794
0.46537969
0.44258925
0.48302466
0.5148896
0.44451505
0.43673915
0.4641816
0.43189934
0.48245692
0.45459518
0.49976906
0.59635514
0.41304928
0.45131105
0.43180886
0.3439998
""
0.39883295
0.4670051
0.42343691
0.40411612
0.33886367
0.54771304
0.43660182
0.45345289
0.39784381
0.53057814
0.4500404
0.47453991
0.4938069
0.63200933
0.4438619
0.38449621
0.45485976
0.52174795
0.48629147
0.50674248
0.45395726
0.46071067
0.44256747
0.47985154
0.41369075
0.40953133
0.42468494
0.42368707
0.38452131
0.44339073
0.43175718
0.44270104
0.43573409
0.45393026
0.4446936
0.44203311
0.4763115
0.4023127
0.42745629
0.40327948
0.45951399
0.42842385
0.45508611
0.43934485
0.47084776
0.48310435
0.44317219
0.41884115
0.42549661
0.47062716
0.49246758
0.43498412
0.40270039
0.43901032
0.41360706
0.43853649
0.45011184
0.41717067
0.40564162
0.46915504
0.5014528
0.49888015
0.43111402
0.5027535
0.43373117
0.43862689
0.45898151
0.42851669
0.46666807
0.45973527
0.42800727
0.4398129
0.48559967
0.44614053
0.41087908
0.42634305
0.43630105
0.42986327
0.43890736
0.4379974
0.49811181
0.49880633
0.43060899
0.40899062
0.46487638
0.49122393
0.37482125
0.46715865
0.49037883
0.47743413
0.52165699
0.41805187
0.43123719
0.43788117
0.4222835
0.4293938
0.39277461
0.54175979
0.42274034
0.39215383
0.40523788
0.48572227
0.4839603
0.54663604
0.47201967
0.3827903
0.47405925
0.44464999
0.42193958
0.42663309
0.48091701
0.42091921
0.38505855
0.47778159
0.45020509
0.43545535
0.42901719
0.48946169
0.38443768
0.59131879
0.45799696
0.48172197
0.52462929
0.42449149
0.39741015
0.44025245
0.44379693
0.47437364
0.49447465
0.38245165
0.48139188
0.45485422
0.52162886
0.46394426
0.5062924
0.44588923
0.47510165
0.41931826
0.44747445
0.4647457
0.49793255
0.46485725
0.44982818
0.45687827
0.44600657
0.45990756
0.48446456
0.42628369
0.42210788
0.46732002
0.46677792
0.44817972
0.46022078
0.43915525
0.47909516
0.40653324
0.44044513
0.46584052
0.43207875
0.39032575
0.4097158
0.41633603
0.41803399
0.43289721
0.44221798
0.35800937
0.44949204
0.43958142
0.43656701
0.48679337
0.42057011
0.59763461
0.49520653
0.46122992
0.45640725
0.40239704
0.46019393
0.46058896
0.43540946
0.46057749
0.52045768
0.46614644
0.49927264
0.58686292
0.52803874
0.64191902
0.53920519
0.60221928
0.60801721
0.51011819
0.5155887
0.4725064
0.66036201
0.57751316
0.53060871
0.57318926
0.54776591
0.62594044
0.52174294
0.61829722
0.46402431
0.63655818
0.61673158
0.5123688
0.62818396
0.6985122
0.62680113
0.5563888
0.57818735
0.50275457
0.57501245
0.62984014
0.5528
0.67111212
0.6014325
0.61540931
0.48834988
0.47623825
0.49765548
0.58182049
0.63997394
0.56032759
0.53657436
0.48043954
0.54357845
0.43111762
0.648435
0.52755749
0.43667179
0.48742986
0.59347284
0.55751044
0.47809839
0.50504702
0.55962986
0.507864
0.4397057
0.41424045
0.42406803
0.42940778
0.37539178
0.46820384
0.40879408
0.42841119
0.40159196
0.45701766
0.43275675
0.36658567
0.40833524
0.4513295
0.42099667
0.46091717
0.41033712
0.42051974
0.46013027
0.47556382
0.41262847
0.41067603
0.42040113
0.39977598
0.39966604
0.48225385
0.40975875
0.47505936
0.40591675
0.42084903
0.39923191
0.42260465
0.41608334
0.43621323
0.4190352
0.4275192
0.39981467
0.56615674
0.41471365
0.40533206
0.39385557
0.47605398
0.4460634
0.39289463
0.4134202
0.45425957
0.39253011
0.37739456
0.42149183
0.41152844
0.41261688
0.44188392
0.45483521
0.54946524
0.42935467
0.43420196
0.39317632
0.42076203
0.4574174
0.38223612
0.50865424
0.43282652
0.42605048
0.39507994
0.38125756
0.39338261
0.43408698
0.47035265
0.45687389
0.41032547
0.37046736
0.44945356
0.3978157
0.44949642
0.44100454
0.40196916
0.39232063
0.41537967
0.43020383
0.49938199
0.41968721
0.37423223
0.46847698
0.42867029
0.44665506
0.44705406
0.3933233
0.47144109
0.47733909
0.49313435
0.49252144
0.55400205
0.53040349
0.55565137
0.43262333
0.51099968
0.49402109
0.46596801
0.42835888
0.44878617
0.76202357
0.46943682
0.49561396
0.46748084
0.41115969
0.46405008
0.48959795
0.51931161
0.46143088
0.69824463
0.630059
0.44358101
0.49716103
0.50652921
0.56912869
0.50750631
0.47961986
0.51706684
0.48970938
0.46211985
0.47641826
0.53206354
0.42503116
0.44434065
0.60489064
0.46750629
0.45549658
0.49411428
0.44548488
0.43753636
0.48893449
0.4871746
0.45334402
0.42983833
0.56866908
0.44120941
0.49236012
0.48418289
0.4366529
0.41739723
0.56309152
0.43096116
0.45012972
0.4697077
0.46723178
0.45236522
0.47498164
0.48578048
0.46475619
0.47123975
0.4326376
0.48984134
0.58720708
0.51939321
0.44348103
0.43003836
0.4806723
0.47037217
0.40160176
0.46829942
0.46501231
0.495444
0.53611171
0.52580374
0.4548789
0.48167866
0.4660919
0.45288101
0.46842217
0.44312903
0.42936674
0.44527912
0.50359052
0.48095378
0.46967199
0.74361759
0.48197544
0.42471203
0.48188666
0.47473997
0.43552831
0.45965841
0.43632054
0.53296012
0.42535734
0.43276975
0.44348425
0.46723235
0.44455236
0.48700309
0.43669268
0.43351302
0.67169702
0.53553694
0.44408625
0.47298262
0.47087064
0.45651758
0.44624859
0.3164854
0.46137822
0.50489122
0.43016028
0.48034027
0.42828292
0.47033533
0.45671821
0.41860554
0.45867527
0.47003174
0.46106169
0.44650659
0.38135377
0.46125573
0.46787083
0.47393674
0.45938918
0.46348301
0.4270345
0.45417926
0.42419767
0.4948222
0.47640762
0.4416607
0.44085288
0.40889055
0.41165927
0.42833275
0.51924092
0.50294095
0.43227762
0.47070909
0.48136199
0.44186011
0.53114945
0.41305071
0.49044979
0.44184703
0.49493378
0.47597873
0.4252356
0.45433614
0.42871383
0.4176814
0.46421954
0.46399978
0.46379423
0.47331277
0.45332804
0.44991979
0.48767969
0.42461425
0.43088123
0.45371738
0.44086087
0.53965557
0.47770971
0.45890647
0.47115833
0.47022736
0.48031014
0.41462472
0.41934934
0.44481346
0.47488025
0.43549481
0.46115327
0.47807929
0.45071408
0.44415298
0.45008796
0.44137672
0.43086767
0.43621123
0.42398825
0.31622002
0.42513603
0.46063352
0.43278083
0.46262088
0.45864919
0.4432705
0.45803142
0.40071788
0.42407161
0.44722897
0.50895548
0.44481504
0.43522325
0.418127
0.49483579
0.41265666
0.33842409
0.47456133
0.46658283
0.4226239
0.4590587
0.4652631
0.44321242
0.52496314
0.47802463
0.4189285
0.4087989
0.4491097
0.46082631
0.37599254
0.4081116
0.39929587
0.47437373
0.43267244
0.45463789
0.44842234
0.43618083
0.51468158
0.43586147
0.46355078
0.40242013
0.53795886
0.44514039
0.6205951
0.5336774
0.69060773
0.53738815
0.59199691
0.54038036
0.63741428
""
0.4851096
0.62281549
0.68839693
0.63173652
0.51176691
0.54162538
0.63674963
0.5107826
0.51709235
0.61752033
0.66692346
0.57693017
0.70752001
0.54908276
0.55825007
0.60979974
0.53164089
0.5670886
0.61395639
0.56833714
0.49089748
0.64268339
0.65473092
0.49540883
0.68924898
0.57160133
0.58629102
0.61828709
0.53855234
0.58685553
0.54877532
0.48074427
0.60748339
0.38361341
0.62652493
0.66505086
0.48518538
0.50741726
""
0.60337675
0.50515997
0.58181357
""
0.48383036
0.52998155
0.50879204
0.54244447
0.53781301
0.61378556
0.53640515
0.61714894
0.62271541
0.61113781
0.65092808
0.53370869
0.52279145
0.50962353
""
0.45601463
0.43152565
0.38969839
0.51762432
0.45640486
0.4403789
0.43867341
0.45968083
0.41578671
0.42678663
0.42920056
0.47074983
0.45475313
0.48407111
0.42720041
0.44002479
0.46655229
0.46912187
0.42914754
0.49460992
0.46363127
0.45641926
0.43220574
0.46978351
0.41644928
0.44100481
0.44138238
0.44529206
0.48002946
0.45342129
0.40913019
0.43088704
0.42746219
0.47541934
0.43850198
0.46853298
0.43973199
0.4613454
0.43255687
0.43207616
0.40515071
0.47325507
0.43060613
0.43357515
0.42247179
0.40468282
0.42121518
0.36287013
0.43459255
0.43234608
0.50817961
0.47408003
0.4915024
0.44060281
0.4785943
0.5012762
0.44555306
0.44868711
0.46018615
0.42567971
0.37499368
0.48599881
0.43924293
0.53738922
0.45331022
0.43793693
0.4868882
0.49510401
0.4476907
0.46542442
0.44720832
0.427313
0.42841107
0.45733184
0.44358042
0.47500667
0.40457574
0.44034451
0.42999306
0.4605853
0.46044385
0.4106693
0.47071201
0.41693699
0.41022524
0.46521482
0.47193009
0.45654565
0.44133177
0.41230524
0.47968119
0.44407246
0.45616165
0.48806918
0.46448287
0.45799196
0.49367663
0.45070532
0.4729054
0.46819869
0.31990659
0.44071043
0.44501349
0.4372454
0.48841909
0.46289814
0.51133931
0.4659119
0.46097472
0.43411353
0.49837252
0.55083275
0.48190558
0.43681431
0.46098167
0.52137923
0.49696591
0.65381187
0.31117654
0.39562866
0.46636701
0.47597849
0.43575698
0.38948742
0.45527205
0.3961463
0.43766776
0.4605701
0.47853592
0.59349543
0.49909347
0.48915359
0.45862287
0.51250017
0.5392943
0.55262375
0.45410711
0.50779003
0.68721837
0.5413602
0.48454228
0.50684464
0.59295499
0.48645964
0.43689868
0.32514924
0.44238579
0.52858585
0.56774896
""
0.46846041
0.46143073
0.43665981
0.43772623
0.49442825
0.4867985
0.43430397
0.52752191
0.34201029
0.54228711
0.36575076
0.44690609
0.47438297
0.48950329
0.48297536
0.43940538
0.4976851
0.38587233
0.46584401
0.48924562
0.43319404
0.39462605
0.56274939
0.44699258
0.52530855
0.50037348
0.4502936
0.44638196
0.42751649
0.48419872
0.5276888
0.3418237
0.45733356
0.39888972
0.49181175
0.45200831
0.46273208
0.42781428
0.44722608
0.48849156
0.51978934
0.49912381
0.54315066
0.45364341
0.47205052
0.45782632
0.47691825
0.5090487
0.44731754
0.42380965
0.61595947
0.45468384
0.43580735
0.45580027
0.45402965
0.48990968
0.47215825
0.50768429
0.43170297
0.39428023
0.45685008
0.47480926
0.61278278
0.51587707
0.51178843
0.5074181
""
0.45816699
0.51192647
0.43205544
0.45754099
0.51021707
0.41537198
0.46759227
0.53785616
""
""
0.47490898
0.40012467
""
""
0.43227628
0.42981502
0.44889688
0.51190257
0.52620643
0.54847485
0.50622863
0.47961849
0.6135276
0.49474457
0.44857872
0.56301695
0.54542637
0.46513781
""
0.44884777
0.66184139
0.49240458
0.44566819
""
0.462098
0.51635075
0.70744699
0.46372437
0.40515453
0.47567201
0.43926159
0.41798285
0.48711249
0.53069288
0.52558088
0.57452476
0.53539431
0.46168339
0.391846
0.47076994
""
0.44387212
0.48165187
0.41144487
0.44110796
0.43397358
0.53815907
0.46042615
0.46404111
0.44887289
0.53749382
0.47759911
0.52554989
0.53044361
0.46190336
0.43336406
""
0.47290346
0.463245
0.45217875
0.44188315
0.45809487
0.59920317
0.53298998
0.70425451
0.48375499
0.46943113
0.4666293
0.49669495
0.52496511
0.48527902
0.4301258
0.46946108
0.51454079
0.27269152
0.47131458
0.41690978
0.49079597
0.54555863
0.48175994
0.49388051
0.46917486
0.44493425
""
0.48821685
0.48728368
0.46940812
0.46596897
0.46341589
""
0.49660215
0.586537
0.47779608
0.45877427
0.44826406
0.48045102
0.48772958
0.45925924
0.63182074
0.46474826
0.49597239
0.49464062
0.45853674
0.51462197
0.51086217
0.5324955
0.45751736
0.43003243
0.48752168
0.46175849
0.45997
0.45782936
0.40691286
0.45964548
0.48739052
0.44554511
0.51179528
0.51226401
0.48725289
0.44156229
0.37864214
0.49382228
0.61037153
0.54257417
0.53223962
0.51732564
0.50793707
0.5187512
0.56750357
0.49971494
0.63330346
0.50708121
0.52253413
0.5573644
0.58212888
0.58256471
0.68956649
0.58983696
0.4133611
0.4931761
0.56627589
0.53344548
0.52543902
0.65192723
0.52206671
0.62809926
0.53484869
0.57635844
0.54228783
0.72945642
0.46004343
0.4773623
0.4390789
0.45779428
0.41547659
0.42460665
0.50445765
0.49533671
0.47716105
0.45334929
0.50825429
0.4564108
0.50098932
0.45199901
0.49420333
0.44523263
0.47017577
0.44339722
0.39857137
0.47010851
0.47642982
0.4460488
0.48713005
0.56238592
0.42872396
0.58882499
0.47260505
0.44565374
0.50856578
0.42494315
0.47603568
0.49074745
0.45963353
0.47566569
0.49403262
0.4591004
0.51576632
0.31382784
0.48562714
0.45594904
0.50540191
0.472289
0.35991579
0.50947392
0.46067008
0.49439338
0.48947942
0.48193914
0.49718606
0.46235302
0.44333309
0.53575271
0.45894596
0.47341117
0.53034943
0.4505257
0.48957536
0.48121783
0.43094701
0.54706079
0.4574753
0.41861728
0.40001342
0.41453758
0.42560732
0.56578225
0.46295315
0.53987414
0.4717547
0.560256
0.55650842
0.33210182
0.42319113
0.48736089
0.44891149
0.50405186
0.61465693
0.50639522
0.49414116
0.38734242
0.46841422
0.47466242
0.42755464
0.4522011
0.42960638
0.42115352
0.4830749
0.46427307
0.37412837
0.48423985
0.51649857
0.47259423
0.42304537
0.47821704
0.49234253
0.54984117
0.50599599
0.47307837
0.49385345
0.48759794
0.47101107
0.54312336
0.40335175
0.48620462
0.44403356
0.44800511
0.47114712
0.46044382
0.49980333
0.45554265
0.51626664
0.3940708
0.46860084
0.48019299
0.47462308
0.42879698
0.40862447
0.36178538
0.47680876
0.49608046
0.43702716
0.51802665
0.53042531
0.42923176
0.45263481
0.4414036
0.42490739
0.45759127
0.41917643
0.50703663
0.40002611
0.45209289
0.43452799
0.46903655
0.49237388
0.37664416
0.4865191
0.45830682
0.50959128
0.40252459
0.39420143
0.41962317
0.42488086
0.41287923
0.46473169
0.38918272
0.40625185
0.4723354
0.45114851
0.42764407
0.47437254
0.438095
0.45269579
0.4556641
0.52527308
0.41378096
0.41069737
0.52329332
0.48217982
0.59408933
0.45518914
0.44238472
0.47560772
0.44575238
0.48094136
0.46974134
0.47214493
0.43740276
0.44223472
0.48945987
0.45066467
0.4571918
0.4607878
0.4618859
0.44710752
0.49173975
0.48327079
0.47543743
0.48337665
0.46325362
0.51718134
0.44761291
0.5645951
0.42782214
0.49638757
0.43498948
0.43848583
0.50366575
0.4319655
0.50217807
0.43756637
0.40446562
0.39313507
0.42024198
0.41664854
0.4298254
0.42901042
0.40289247
0.49114996
0.44698566
0.50448841
0.39457113
0.44848818
0.38776717
0.38630503
0.41987878
0.41593045
0.44102243
0.45781368
0.45512334
0.4525992
0.41915894
0.44276685
0.4546032
0.4262206
0.43078691
0.47972417
0.42087066
0.51487923
0.41329342
0.44186443
0.42028764
0.50910223
0.46596125
0.45417941
0.43171921
0.45047757
0.45311359
0.3949697
0.4170731
0.47978207
0.42201987
0.41609207
0.43948588
0.46942663
0.45358148
0.426438
0.44171262
0.40099457
0.47008505
0.40320301
0.49436203
0.45383242
0.48229623
0.51250708
0.52445
0.46063796
0.52635819
0.48492408
0.49551502
0.54261816
0.55082059
0.51072967
0.50359219
0.48532382
0.48119459
0.54811007
0.42459792
0.53655404
0.48069188
0.52249289
0.46508503
0.50799805
0.56468213
0.47470224
0.5209561
0.50739133
0.43458179
0.51251936
0.50162929
0.51764643
0.41396379
0.55689371
0.47588876
0.53090227
0.51553816
0.47615498
0.48428544
0.53799516
0.48696721
0.43530843
""
0.46043393
0.51673168
0.52702701
0.47191885
0.51338476
0.46493706
0.55899417
0.62040633
0.52769965
0.4967581
0.53700197
0.44560021
0.5171929
0.45297223
0.52215612
0.53932428
0.50423181
0.47502062
0.52934843
0.49404338
0.55566525
0.52254039
0.5314275
0.53354722
0.48254627
0.5027405
0.52209914
0.47497314
0.52176076
0.49632552
0.46080998
0.49116385
0.47849256
0.53515309
0.52607
0.45892775
0.52741063
0.56093645
0.48563227
0.53743845
0.63146001
0.55768335
0.46429121
0.53869337
0.50035524
0.56632894
0.5036757
0.51408589
0.51382524
0.54618168
0.449213
0.37112707
0.5310204
0.50528818
0.55352718
""
""
""
""
""
""
""
""
""
""
""
""
""
""
""
""
""
""
""
""
""
""
""
""
""
""
""
""
""
""
""
""
""
""
""
""
""
""
""
""
""
""
""
""
""
""
""
""
""
""
""
""
""
""
""
""
""
""
""
""
""
""
""
""
""
""
""
""
""
""
""
""
""
""
""
""
""
""
