work_29_white_male_p10
0.6624918
0.71763927
0.77718502
0.67323309
0.66942322
0.90959495
0.71777093
0.65869564
0.67342365
0.62330139
0.70118523
0.72179961
0.69636309
0.65627593
0.60511917
0.73441321
0.72768521
0.62001657
0.71495724
0.75592679
0.84899479
0.69258428
0.71226901
0.62357473
0.70562673
0.71416581
0.73184305
0.67138267
0.64227813
0.66918164
0.68352163
0.73623675
0.69188476
0.68650645
0.7185545
0.67485136
0.68236881
0.7580958
0.69874674
0.64655894
0.69065976
0.627639
0.64677101
0.60866737
0.64753658
0.68495888
0.70927137
0.6952635
0.70158756
0.68068898
0.66355753
0.66571683
0.81347328
0.75942922
0.74158382
0.66157436
0.65057945
0.66451526
0.67989391
0.92454576
0.66776419
0.72663635
0.68396878
0.6715821
0.76846385
0.44992143
0.66598254
""
""
0.70760137
0.62278277
""
0.36183316
""
0.75499874
0.91416144
0.41655919
0.80729592
0.76598734
0.79764813
0.83235061
""
""
0.75506955
0.96669996
0.84230965
""
1.0375298
0.70093691
0.68122095
""
0.94002515
0.83678979
0.92133474
""
1.0358864
0.85155225
0.7465083
0.78104818
0.77090013
0.75864619
0.81892419
0.7715947
0.71842837
0.72276527
0.78215951
0.72747725
0.68793875
0.87600458
0.75502902
0.77910697
0.7303071
0.77510566
0.74618989
0.73898172
0.72082132
0.71100187
0.74017358
0.79194874
0.78278232
0.79761648
0.81241387
0.70379931
0.76793343
0.75923657
0.65004027
0.71973431
0.73451805
0.75820982
0.72687954
0.84031165
0.79424953
0.68870002
0.68988645
0.72545999
0.68819737
0.67956036
0.69231778
0.69059527
0.77864712
0.66891295
0.69641078
0.73863798
0.66197044
0.70729923
0.65397727
0.75724316
0.75712532
0.72535449
0.61022395
0.74234211
0.79750538
0.68728489
0.68602955
0.73698705
0.69639492
0.66994148
0.69430578
0.72997344
0.72323024
0.64823222
0.70079845
0.7841444
0.65673935
0.61536592
0.65962631
0.67660713
0.74394149
0.75567168
0.83287412
0.70493209
0.69368631
0.69117737
0.69953185
0.7921868
0.64125705
0.70176089
0.74484318
0.73655707
0.67977816
0.70101416
0.75994545
0.70978117
0.72154212
0.79675251
0.71564895
0.6940164
0.990031
0.70049375
0.68966943
0.73892725
0.74999106
0.69789863
0.64960116
0.65875572
0.69257355
0.69185436
0.65388823
0.76195014
0.74927109
0.70409286
0.73031515
0.60951501
0.65306771
0.66524327
0.67323625
0.69642228
0.77827227
0.5763787
0.67439681
0.78271592
0.75895852
0.6798408
0.73782855
0.68186355
0.70828867
0.70622903
0.7273556
0.68461829
0.65849167
0.660065
0.67730004
0.72742307
0.64051741
0.66044879
0.68011463
0.67181528
0.75235039
0.70841336
0.63799667
0.69708222
0.95167482
0.69655269
0.74482173
0.67246836
0.68798554
0.6994673
0.69766903
0.69394982
0.69256663
0.65862989
0.68391722
0.68124849
0.69060189
0.74140787
0.77266091
0.75892878
0.65350205
0.76917946
0.56241781
0.70438892
0.74728906
0.82637113
0.65024894
0.8206777
0.64964688
0.79320467
0.66245788
0.76342773
0.78611177
0.72612405
""
0.80602384
0.71083701
0.73564756
0.74440086
0.73961604
0.77626318
0.83421767
0.60835844
0.85545337
""
0.61019516
0.90153199
0.71438664
0.60193473
0.88772374
0.72899187
0.78285146
0.75828558
0.85567278
0.71207517
0.81014341
0.79400671
""
0.73414689
0.73907864
0.7618826
0.76432699
0.77415258
0.64425361
0.69608855
0.8364566
0.71053964
0.81304651
0.75559568
0.8854208
0.77446491
0.77209544
0.74923164
""
1.0977499
0.8350485
0.78631598
0.75728166
0.85688484
0.78311545
0.71960288
0.67952961
0.71472675
0.66723418
0.70785838
0.69456965
0.71484721
0.68436354
0.66767299
0.67826343
0.68996274
0.67948925
0.64281219
0.72287452
0.76898199
0.73927712
0.70764631
0.70510149
0.66913676
0.72366601
0.69710541
0.69647515
0.74693274
0.72526658
0.74747622
0.68148011
0.72908145
0.6912244
0.73974812
0.69470185
0.47994533
0.71535832
0.71740186
0.65737545
0.60764658
0.86483866
0.74758893
0.74614459
0.69646132
0.73841423
0.69067019
0.72473687
0.7443189
0.74788964
0.72424495
0.86809498
0.72443312
0.72559142
0.71626776
0.67228395
0.69293612
0.63621563
0.71177173
0.67693305
0.69750983
0.66315651
0.74510145
0.74566728
0.75009108
0.66691732
0.72827005
0.736678
0.69862372
0.6617319
0.71191639
0.69327623
0.69427598
0.70319676
0.70754671
0.72180295
0.68300712
0.70867127
0.72008973
0.73783797
0.73986262
0.6982522
0.70771867
0.72535706
0.7264241
0.67902857
0.65244508
0.61785346
0.73314601
0.63440317
0.64005852
0.62410682
0.65213728
0.62355548
0.74348176
0.7321825
0.68337637
0.64209414
0.63726985
0.68655115
0.65785587
0.65622467
0.55290967
0.71743023
0.69182825
0.70995384
0.77593088
0.63425505
0.64733356
0.75769037
0.67414629
0.67983705
0.66728997
0.67227197
0.64862514
0.69734824
0.6733048
0.66071165
0.68199557
0.65235686
0.70974702
0.66647673
0.74588066
0.69760638
0.5767765
0.60462475
0.63735855
0.67557281
0.72377646
0.65276122
0.66969013
0.67785513
0.66018409
0.6412577
0.62821597
0.64570045
0.7039665
0.64892095
0.73903722
0.7229076
0.52295965
0.72985321
0.59156668
0.6371218
0.64149845
0.64543861
0.71132135
0.53671855
0.68707031
0.69279087
0.70153135
0.70934123
0.67374903
0.68711126
0.68537796
0.6839391
0.58878469
0.69630921
0.71575415
0.58797246
0.68868828
0.72301108
0.65205181
0.65202779
0.65142119
0.69891232
0.73353589
0.65971726
0.78828263
0.69808751
0.68374288
0.67675716
0.6756168
0.7113719
0.70558691
0.68669426
0.5733456
0.70577854
0.66645908
0.72197396
0.62251073
0.65234655
0.64904422
0.59302938
0.65222812
0.76286745
0.73371452
0.65194583
0.5841496
0.70517349
0.68422824
0.65899861
0.63240314
0.69549018
0.54657882
0.61949474
0.64251971
0.56079084
0.68280417
0.51956993
0.58592284
0.72224343
0.63626736
0.59241295
0.56869799
0.69916576
0.64111835
0.63513571
0.8783859
0.58240992
0.68227035
0.59305674
0.69972777
0.48228064
0.7698316
0.78715134
0.44644365
0.68641764
0.56334209
0.71608073
0.85921109
0.67868346
0.67758286
0.74309677
0.6292569
0.57267064
0.68039471
0.78669733
0.78861988
0.59655041
0.63107103
0.66567451
0.56766909
0.74158919
0.60840309
0.7133075
0.6867485
0.9985553
0.73056459
0.69379848
0.68320936
0.73904896
0.74932796
0.50784606
0.64369094
0.65512526
0.6982215
0.67531997
0.67212582
0.73937613
0.95569479
0.73254365
0.85293806
0.75955689
0.78400803
0.90505356
0.72483784
0.78913456
0.78293717
0.83415031
0.63070989
0.87677079
0.76912934
0.91684419
0.8290807
0.3287982
0.78332937
0.87055528
0.79593241
0.8699469
0.76625562
0.70984113
0.81634122
0.75847012
0.75123942
0.75565219
0.75122082
0.81822234
0.75361156
0.81492579
0.85067534
0.85850859
0.81385964
0.76154935
0.79690689
0.85250789
0.74839753
0.77682519
0.77854764
0.85363472
0.76296806
0.79040611
0.74046892
0.80827475
0.67915899
0.76587093
0.70998341
0.85437399
0.78426307
0.58115041
0.70452803
0.71492499
0.77167195
0.73708075
0.7504822
0.78306377
0.77091002
0.74047238
0.65408146
0.70839697
0.85492021
0.71188396
0.76049119
0.75729227
0.71441269
0.77215856
0.78436971
0.74742812
0.75122261
0.69636953
0.75099754
0.71456879
0.77159685
0.70820153
0.59575897
0.78521818
0.83757693
0.45755064
0.7777971
0.78340304
0.77325583
0.74911666
0.7672171
0.72686738
0.7426759
0.75739783
0.71696329
0.71768838
0.73030514
0.74873644
0.7675966
0.67778707
0.75528324
0.70384401
0.70460939
0.78501469
0.79680085
0.81962562
0.70988816
0.77150071
0.71602392
0.77131778
0.70989722
0.81843781
0.7226826
0.74949396
0.69440216
0.71002644
0.81823313
0.77924353
0.75672692
0.73951471
0.77604771
0.7357201
0.74220747
0.7116878
0.78152221
0.80705452
0.70588243
0.83188152
0.77999723
0.75028044
0.81996119
0.78903896
0.73498434
0.74839389
0.71836525
0.75664288
0.71332699
0.83098346
0.73535001
0.70713013
0.75140887
0.7196911
0.71769196
0.82468921
0.80243057
0.81865621
0.75762564
0.72541732
0.71605837
0.70754629
0.73524988
0.68862605
0.7756201
0.52467734
0.67303735
0.66477638
0.77460504
0.75852257
0.74462587
0.63894844
0.74142963
0.71899182
0.70726091
0.72073728
0.71905708
0.64280516
0.63803631
0.73138791
0.74041229
0.69702762
0.68172914
0.72798014
0.72523344
0.61258501
0.71511114
0.80339056
0.66775239
0.72147292
0.80396867
0.66885322
0.70266122
0.6923753
0.73916334
0.72170806
0.72130352
0.70021367
0.67290694
0.66508114
0.7108348
0.76122636
0.6988709
0.76645261
0.70667571
0.71782166
0.76641852
0.73395616
0.76324546
0.74909222
0.74522233
0.69041717
0.69904727
0.65407526
0.69025582
0.70174634
0.73731929
0.68139583
0.72699863
0.69433898
0.74566251
0.74618798
0.79844397
0.80181634
0.7257216
0.80548507
0.73762089
0.71744454
0.70501065
0.75508422
0.7705301
0.75463861
0.71358472
0.67357904
0.65131682
0.72622114
0.68902707
0.67681211
0.80674654
0.64008033
0.76097381
0.73077106
0.6598382
0.71639717
0.81235611
0.85267103
0.75023007
0.70009184
0.75339937
0.64563882
0.76676947
0.76385307
0.7209667
0.66422904
0.77531296
0.729415
0.72764033
0.76539326
0.6896823
0.76449698
0.73927611
0.82770336
0.81832272
0.75682563
0.78378141
0.86090112
0.83755803
0.77131265
0.75936723
0.73181087
0.84859318
0.77929914
0.85765243
0.78859806
0.85305828
0.85180616
0.66660339
0.75141597
0.7958411
0.7646023
0.85133046
0.81709963
0.66837186
0.73491979
0.80547136
0.80449653
0.81094229
0.8034606
0.80932701
0.79630703
0.78001755
0.7915836
0.74893081
0.80444115
0.78530532
0.7581479
0.83318371
0.81575084
0.82959551
0.76393104
0.79713792
0.69912028
0.84508824
0.7940197
0.8052882
0.81062996
0.78065592
0.73973751
0.76323348
0.79889584
0.73751074
0.80981982
0.75379002
0.78983998
0.65781599
0.75465739
0.79573035
0.75443703
0.75427699
0.75274563
0.78981501
0.70810378
0.82723588
0.8912285
0.80072153
0.76425725
0.75909722
0.82354736
0.76060033
0.77765328
0.69155085
0.82584715
0.77255458
0.76282263
0.74955714
0.82199013
0.75352949
0.75082362
0.78587627
0.82216698
0.77289242
0.81418788
0.81484395
0.74053425
0.83083189
0.63632643
0.73805869
0.7779209
0.67778802
0.81249106
0.7645101
0.77895236
0.85555792
0.80570799
0.67336249
0.83862168
0.75467449
0.713269
0.76203763
0.80409157
0.83187181
0.71507603
0.8562355
0.77355725
0.87950212
0.84371775
0.72816277
0.77626616
0.76678163
0.82756114
0.83000094
0.81512249
0.84573007
0.81862336
0.78406233
0.89241314
0.81585169
0.81355554
0.74526966
0.90574014
0.80122763
0.83926535
0.75478846
0.80905879
0.77889335
0.75395799
0.79857415
0.72841036
0.75542307
0.89448977
0.99828804
0.88712305
0.76579207
0.93945837
0.85046566
0.80449426
1.035812
0.9606213
0.84176677
0.78167248
0.79327017
0.75684106
0.66732168
0.82614464
0.88121605
0.81874567
0.8145349
0.71145684
0.82275623
0.77443886
0.76154929
0.80407101
0.77122211
0.75127399
0.81253272
1.0110973
0.75273812
0.74356443
0.79837894
0.73137254
0.65560317
0.84706676
0.75920439
0.71681893
0.86288732
0.75808781
0.79606223
0.85684496
0.89152366
0.77342492
0.846789
0.75926197
0.89672899
0.76706851
0.87003672
0.81656975
0.82107019
0.86770463
0.80711412
0.88344008
0.77884543
0.74369538
0.73475939
0.73921311
0.77012962
0.80887777
0.88971233
0.893758
0.84279335
0.93393594
0.80047345
0.78372222
0.84900194
0.7675032
0.76925153
0.85833985
0.8264792
0.44198862
0.79089838
0.79233593
0.73061818
0.69829738
0.71647578
0.69492388
0.71204722
0.70087665
0.71152478
0.69529092
0.7009021
0.62741232
0.71736091
0.64854217
0.62241405
0.62294364
0.74853486
0.6708287
0.57832575
0.76696414
0.68421227
0.66351449
0.68742508
0.79088837
0.69588012
0.68292439
0.69727045
0.6693874
0.58404511
0.65221798
0.73924172
0.72310442
0.76459247
0.69175053
0.65467542
0.68050706
0.64111269
0.62638628
0.67282718
0.6833542
0.76551467
0.77190012
0.61981809
0.727112
0.68902719
0.66575253
0.70484984
0.70179367
0.6743142
0.76748431
0.67207539
0.57770282
0.64091313
0.7123872
0.78839248
0.81943721
0.73361242
0.70536274
0.69926393
0.61100304
0.73073077
0.65270317
0.67333978
0.6406312
0.80315804
0.68489659
0.65509993
0.67494565
0.71742493
0.71688277
0.67694509
0.66272622
0.64717245
0.70431232
0.76985765
0.73414886
0.60053235
0.72104031
0.62553382
0.60653383
0.66240221
0.70630324
0.61894906
0.63587475
0.66849291
0.65120173
0.63765466
0.68688095
0.53994626
0.64067906
0.63248473
0.75465167
0.67570901
0.5950104
0.75626856
0.70269555
0.7451123
0.62048239
0.69213641
0.64309895
0.70372206
0.67968571
0.67785984
0.63129044
0.69438761
0.66250879
0.66446322
0.72864252
0.70925498
0.61751342
0.71689546
0.64350778
0.60998708
0.67759317
0.68437374
0.75732541
0.68514091
0.66643113
0.67897737
0.82058412
0.62271273
0.78198689
0.66208684
0.73811108
0.77763748
0.73335922
0.81542885
0.71875751
0.75413316
0.81870425
0.77481723
0.73652494
0.77643067
0.78710437
0.74275899
0.66113567
0.76291263
0.74141371
0.72855854
0.73371625
0.72159332
0.80991793
0.77940446
0.77499509
0.7221393
0.78714788
0.79155809
0.71981037
0.7086454
0.73419505
0.7733295
0.77390504
0.81505293
0.82085556
0.69914854
0.61035109
0.73367
0.83187157
0.69414216
0.74598622
0.64666098
0.69866318
0.78565979
0.76851988
0.67957503
0.82375276
0.66239262
0.69075996
0.71893287
0.71430403
0.71108413
0.77411401
0.76984882
0.69994181
0.6698454
0.7282123
0.79823065
0.7627365
0.76444435
0.77408946
0.82619548
0.6730178
0.77451771
0.6075533
0.79229563
0.76828003
0.82069236
0.74452221
0.77137512
0.72343194
0.75806993
0.66468072
0.710926
0.62920249
0.61508369
0.73182511
0.73520905
0.78980058
0.70143282
0.73559594
0.63989329
0.63216025
0.71892065
0.74311233
0.66435921
0.68412888
0.62107366
0.62355715
0.72073293
0.65785646
0.73700267
0.67641187
0.72232258
0.69828904
0.71184278
0.71352798
0.5652433
0.69750893
0.69938856
0.62423533
0.65498275
0.70794874
0.6200583
0.73089951
0.72685331
0.76013559
0.61005616
0.69529915
0.71023667
0.69797444
0.45797193
0.7068671
0.73696727
0.7119171
0.75133812
0.71948957
0.76914704
0.71870035
0.67401934
0.7167064
0.70990431
0.64144915
0.74950737
0.70047557
0.73147136
0.73099703
0.72474915
0.6576609
0.70660752
0.73607963
0.73021674
0.67029828
0.68297595
0.67796373
0.69198209
0.68937367
0.74990582
0.75050539
0.71711111
0.75000495
0.68864381
0.72238374
0.80298638
0.71531844
0.73661059
0.66838801
0.68735343
0.78499627
0.75279009
0.66599077
0.66174996
0.76838398
0.8067283
0.65280277
0.69088447
0.66246533
0.82442206
0.68654996
0.67863274
0.65733814
0.75592119
0.68850559
0.67285389
0.72214252
0.69967258
0.70171338
0.71127027
0.66092849
0.70157009
0.7873624
0.6484884
0.70992845
0.76748484
0.77818161
0.69284189
0.78102076
0.68376762
0.77673006
0.67789149
0.70859671
0.66339582
0.68889278
0.63597494
0.67153859
0.74700391
0.70988911
0.780599
0.67995632
0.77339941
0.71383852
0.70265967
0.73398107
0.70843089
0.68910331
0.67246771
0.68048066
0.70218128
0.63989538
0.68398303
0.70221162
0.69803369
0.66198331
0.65169829
0.61606717
0.82543427
0.72386384
0.82706189
0.80347711
0.77841014
0.92992234
0.78874278
0.86834067
0.76551396
0.80382925
0.73766917
0.81744707
0.75784922
0.834337
0.75308239
0.69943964
0.82273078
0.79164112
0.77587831
0.89147389
0.82923996
0.81004518
0.80598056
0.8228628
0.76671565
0.80511814
0.73446774
0.78897864
0.72277892
0.72221196
0.80061734
0.87398243
0.78061479
0.79453933
0.83133554
0.85253108
0.77337283
0.7275486
0.84293842
0.75825191
0.81282431
0.78150177
0.82064307
0.77591211
0.85121697
0.88008243
0.85671639
0.75251418
0.73170143
0.87147123
0.81898457
0.8506062
0.7977134
0.82229978
0.74570066
0.78287095
0.78527707
0.7352308
0.78403294
0.80830711
0.82467526
0.73316151
0.95391744
0.89851111
0.87413901
0.75830001
0.75688589
0.83929992
0.7621333
0.81574941
0.77521485
0.89623976
0.78910547
0.79899681
0.79677659
0.79996967
0.82799643
0.90703642
0.71558475
0.80341518
0.80010659
0.74899274
0.84854019
0.8392821
0.77124035
0.75247741
0.83830667
0.77346522
0.69987816
0.74483287
0.7445634
0.61861283
0.71220577
0.81597632
0.63503462
0.86403877
0.81082463
0.82782573
0.74366564
0.74973845
0.70829421
0.75648701
0.73365855
0.71679968
0.72251743
0.80571544
0.80539608
0.69817305
0.62222403
0.65453881
0.68469131
0.7015475
0.61804926
0.70287919
0.66040415
0.67703623
0.72840393
0.62446243
0.78143126
0.7018891
0.7865808
0.74405485
0.6955871
0.70736617
0.69967067
0.6441862
0.75904495
0.71459585
0.7122705
0.73623681
0.69347441
0.67863959
0.65541565
0.72534311
0.7732302
0.66339636
0.72679567
0.64636499
0.54935724
0.64195234
0.67592907
0.62427676
0.75475645
0.74334532
0.71428055
0.66368783
0.66962081
0.66099846
0.70098913
0.72098118
0.66039997
0.71154785
0.71640962
0.71602756
0.74117041
0.76161027
0.70244467
0.69426209
0.69124174
0.67095083
0.79254538
0.72634739
0.70100701
0.75135994
0.70603102
0.75035077
0.69824398
0.58700234
0.75042593
0.76920068
0.77446449
0.72436464
0.68892598
0.75776792
0.79701543
0.69754136
0.65218604
0.7475583
0.7662465
0.70015299
0.72326136
0.72959745
0.67384857
0.75256258
0.70817542
0.71179622
0.69854766
0.74880081
0.71494699
0.78222072
0.75175172
0.81768423
0.775644
0.79384464
0.75234711
0.71213198
0.69029206
0.75229996
0.71471035
0.63262177
0.7445392
0.74122387
0.778539
0.73994261
0.73982269
0.71745473
0.78751069
0.71506798
0.79454029
0.77277458
0.75455666
0.59830117
0.7726233
0.70777994
0.73403454
0.68630314
0.71407259
0.74734133
0.72316664
0.7936722
0.72341263
0.72436601
0.72477591
0.7264728
0.87045759
0.73028827
0.75401926
0.76630056
0.75587553
0.79294246
0.76269728
0.68674135
0.74081701
0.83798087
0.69643855
0.69185388
0.66432762
0.81761652
0.80044317
0.75563884
0.7667082
0.75922209
0.81047046
0.6943928
0.74936616
0.62243354
0.7668494
0.69958979
0.7082082
0.74472767
0.77577275
0.76813364
0.66434044
0.69170511
0.78323269
0.57913339
0.66546059
0.75888842
0.66656351
0.70243347
0.76257539
0.74280584
0.75309312
0.69195044
0.73179114
0.66110277
0.74324691
0.80732948
0.73375535
0.69419307
0.7141642
0.76837778
0.72293454
0.85048527
0.76622576
0.74131656
0.70700282
0.77053261
0.68235886
0.73002797
0.57051575
0.7684164
0.68839842
0.66676933
0.89306182
0.6849969
0.73975986
0.75230694
0.90119201
0.3170765
0.83582532
0.75953275
0.8860842
1.0119857
0.86647201
0.74270147
1.0872442
0.77806228
0.77640015
0.80664241
0.51557201
0.77176696
0.68196189
0.90985042
0.84388727
0.85289305
0.93351477
0.79947513
0.80061769
0.52027106
0.8110823
0.85197759
0.88733774
0.47531787
0.66225922
0.78720856
0.89131016
0.81043351
""
0.96833801
0.91377956
0.89355564
0.87045234
0.70102483
0.76870221
0.7935977
0.95352679
0.93245423
0.80549914
0.96385694
0.80791676
0.86101496
0.8378585
0.79912686
0.83403766
""
0.88011765
""
0.67973065
0.79759455
0.79978651
0.76622885
""
0.90521604
0.99250495
0.89345086
0.86320543
0.88952553
0.79790622
0.76969361
0.79857868
0.77231055
0.80761671
0.8279981
0.71351951
0.87794143
0.85373902
0.81703717
0.80400264
0.88029116
0.78588462
0.88280356
0.84745556
0.83979881
0.9446066
0.83165103
0.78803647
0.73741281
0.75355989
0.81245112
0.8287614
0.83079928
0.86740899
0.78193122
0.65522087
0.74203569
0.61812186
0.54919887
0.67022163
0.78969026
0.86863655
0.81084067
0.81803817
0.81932855
0.83574045
""
0.82823694
0.87641281
0.90171069
0.75479609
0.90401363
0.88859588
0.9197765
0.91318053
0.79408479
0.83788711
1.0670134
0.83675075
0.88625497
0.82758725
0.90382951
0.87307316
0.79717886
0.86366582
0.80997479
0.80493391
0.75243688
0.69353676
0.75897312
0.80268997
0.86462742
0.89677018
0.85528052
0.8887347
0.84331387
0.84706426
0.80084097
0.82159412
0.85848469
0.84489691
0.81791866
0.81451845
0.76868725
0.74351996
0.89741194
0.67098582
1.1440904
0.87687045
0.72887796
0.86354744
0.90236706
0.64094532
0.86623603
0.73104107
0.71676534
0.73341
0.81263447
0.63525283
0.93257004
0.86418205
0.72481114
1.0014808
0.74435574
1.0726659
0.69404608
0.91520584
0.81415898
0.76240188
0.81240898
0.79272765
0.69277406
0.69364744
0.72843802
0.73586392
0.7316342
0.72035688
0.70696986
0.72185302
0.72234082
0.72615552
0.68569916
0.72858196
0.6861617
0.70691144
0.71472341
0.7249015
0.73250109
0.75108373
0.72943789
0.67781043
0.69257087
0.70645547
0.72880113
0.74128991
0.68349534
0.66888618
0.71487433
0.71570396
0.71913058
0.7129336
0.77885884
0.75348848
0.54638815
0.78780532
0.77246833
0.85794133
0.84214962
0.9333877
0.7499727
0.8315379
0.68004614
0.87429374
""
0.88842571
0.82781714
0.76651353
0.71006739
0.80638969
0.60029513
0.81086093
0.77593142
0.85169607
0.77264506
0.78319323
0.7817958
0.83918858
0.65006566
0.76422572
0.7138083
0.91688079
0.6946848
0.72224379
0.68704188
0.69178987
0.74792165
0.71079481
0.71005386
0.76159078
0.73351872
0.7568723
0.78313279
0.7539435
0.77619237
0.72944176
0.71427023
0.7851252
0.70832992
0.70406336
0.78450304
0.79127514
0.72972167
0.74259758
0.7657907
0.72357661
0.79516786
0.72489303
0.7669934
0.66496921
0.70642948
0.77804261
0.77154922
0.75657237
0.77928978
0.70644408
0.69640708
0.76095337
0.74745679
0.73482877
0.76139659
0.72888577
0.7743876
0.73308307
0.76316708
0.73542452
0.68434185
0.7248739
0.67057925
0.64161497
0.68598461
0.75847095
0.74056488
0.73111391
0.77265704
0.70547885
0.72614968
0.69070637
0.68833023
0.75771832
0.72497112
0.6938957
0.71451735
0.68468797
0.76183391
0.70528626
0.79997236
0.70090812
0.68773144
0.66088235
0.58636671
0.70539719
0.55970961
0.57918429
0.65770119
0.68160009
0.66515553
0.60901934
0.66604507
0.60047114
0.64429742
0.58113045
0.58786356
0.69017935
0.66251862
0.63434303
0.69618016
0.62966484
0.75340116
0.58507305
0.63563341
0.62766439
0.68932742
0.70116389
0.67013592
0.63852459
0.63432091
0.68784559
0.72855407
0.6859237
0.68422133
0.68530285
0.63957912
0.61895436
0.81121421
0.72948509
0.67307943
0.61744606
0.67168576
0.67324853
0.66577512
0.6576497
0.68629444
0.65853161
0.72176802
0.78446245
0.6756382
0.66595113
0.70031703
0.64847171
0.65512156
0.67438501
0.60587031
0.54158348
0.61842674
0.63270402
0.59792095
0.64460808
0.73695272
0.74484313
0.63080049
0.65873116
0.67601013
0.74774337
0.69853878
0.62476164
0.5483768
0.66928589
0.65035635
0.6241253
0.66363519
0.65542293
0.64105254
0.62251318
0.64941776
0.6292733
0.67261732
0.61538231
0.59433275
0.70400614
0.62893754
0.61696821
0.66105735
0.69105339
0.59346586
0.60039973
0.75947911
0.71169609
0.6372757
0.68580157
0.755337
0.78182852
0.67513514
0.68961233
0.61825389
0.63927484
0.70690262
0.60819632
0.78343886
0.85184854
0.82840014
0.67935807
0.95427763
0.94463289
0.85638016
0.88662964
0.86753064
0.89314586
0.85076499
0.79375905
0.75995827
0.855524
0.77331036
0.76464564
0.63508779
0.85767233
0.82347852
0.94115561
0.93843144
0.75045395
0.83966249
0.68406147
0.92332983
0.87169272
0.92075092
0.8577475
0.74587071
0.85641837
0.8962512
0.88013113
0.77042359
0.84785253
0.76019871
0.87835252
0.74127913
0.81934386
0.82819372
0.74807125
1.0550827
0.65142697
""
0.92241126
0.89566422
0.85973817
0.88305622
0.54761696
0.84802616
0.87053323
0.85186249
0.82314456
0.81038463
0.64090812
0.70578301
0.74135041
0.70024151
0.64896131
0.73479038
0.79230124
0.68326062
0.67501193
0.72852385
0.70341396
0.66571367
0.67034686
0.63537794
0.70132059
0.67514771
0.69585484
0.6981892
0.74011123
0.704741
0.73845518
0.79094952
0.67996317
0.65235806
0.64483482
0.74956554
0.66574872
0.56726593
0.67633498
0.72226346
0.67915344
0.74985373
0.71099824
0.79288453
0.71476758
0.61646795
0.6677326
0.67700648
0.75363708
0.64283568
0.75775516
0.66908276
0.73280209
0.71483856
0.69542664
0.75032282
0.73753047
0.69384509
0.68538553
0.72609848
0.64081156
0.72716898
0.69162732
0.79108483
0.73512125
0.82533556
0.67222482
0.69660109
0.70989138
0.69674355
0.78152925
0.70866555
0.68845195
0.68340147
0.63733512
0.54771662
0.74908292
0.66674399
0.76960021
0.70299268
0.61728877
0.72603106
0.64022666
0.74448198
0.68516356
0.69723022
0.69913769
0.7287581
0.76240641
0.74185115
0.66554821
0.70032603
0.7137143
0.74663603
0.71238643
0.75946134
0.72217381
0.77391851
0.73664659
0.70069551
0.64513117
0.94978577
0.79349077
0.8290019
0.69399983
0.7788313
0.74125975
0.72164428
0.73559755
0.72036165
0.77787346
0.74904925
0.78463715
0.74577296
0.84769839
0.69236249
0.7450121
0.81383777
0.7155683
0.90815192
0.79018551
0.74046367
0.74328184
0.75542295
0.76321077
0.78975046
0.79060835
0.91718233
0.78803217
0.76518553
0.79703796
0.75616348
0.74744099
0.78810906
0.8375386
0.76736397
0.80431926
0.73717445
0.76248443
0.7537955
0.80801511
0.73816782
0.79669768
0.72067183
0.76704282
0.76611036
0.73340017
0.7662949
0.73979062
0.80031794
0.80136782
0.854572
0.74518913
0.7400254
0.68080395
0.73627716
0.7901631
0.76447397
0.75830579
0.72044742
0.71407872
0.78232563
0.72036982
0.78598821
0.73745346
0.70149851
0.7626282
0.72641075
0.83160728
0.74589992
0.71548647
0.73443943
0.85767823
0.83038127
0.73486668
0.78135026
0.69317412
0.71336651
0.71782863
0.72846389
0.73336846
0.66488183
0.79031122
0.7311663
0.70580643
0.44803506
0.73127443
0.74919963
0.7030673
0.72006047
0.7498343
0.69034863
0.71009481
0.76469964
0.69056976
0.74311024
0.67903483
0.73382664
0.71844476
0.78941917
0.68072969
0.70007819
1.0224698
0.69042915
0.7962501
0.82270694
0.76836783
0.81257552
0.73578888
0.12408729
0.69441682
0.73942059
0.74946249
0.77796859
0.76675028
0.67861611
0.73003179
0.70338422
0.75283921
0.70578891
0.73574299
0.75759196
0.63613927
0.74436408
0.76426756
0.67669803
0.74095851
0.75619298
0.74307907
0.75235426
0.72123992
0.74249631
0.73376542
0.69790953
0.73814172
0.74025464
0.73354322
0.52372307
0.71927524
0.6546492
0.75063258
0.76116991
0.75877982
0.77757078
0.65058458
0.75746244
0.62792283
0.7299341
0.72951716
0.73601872
0.75386429
0.75455236
0.71455783
0.74124682
0.67757511
0.69962668
0.72144234
0.67115229
0.72144049
0.75135171
0.68753636
0.65235817
0.80472898
0.81411499
0.74246997
0.70810413
0.70965284
0.82404548
0.73263091
0.79296857
0.63564742
0.73557341
0.78911114
0.76985145
0.75078672
0.74373233
0.77113324
0.74158698
0.72319746
0.70839173
0.75203758
0.69965392
0.73513687
0.63575405
0.68610013
0.70915049
0.62503099
0.54015332
0.68530983
0.71719092
0.74628389
0.68729693
0.73597294
0.65121424
0.69361013
0.70190293
0.64124715
0.67856443
0.61180818
0.6792134
0.74504042
0.75017154
0.79017687
0.69140935
0.63300413
0.6685465
0.6708833
0.62777865
0.68998039
0.68879092
0.74307615
0.62096471
0.67991823
0.64586782
0.67645079
0.85708857
0.65769148
0.64584583
0.74143362
0.66332573
0.70252997
0.66964078
0.73525536
0.71874374
0.67417556
0.66371077
0.62366456
0.6625368
0.66732264
0.79485786
0.77817702
0.87206924
0.81202352
0.80240512
0.81446421
0.74953967
""
0.73417115
0.71816057
0.85613751
0.78930467
0.8374688
0.82708341
1.0056947
0.81684119
0.83008248
0.74758226
0.65065324
0.55889618
0.77772897
0.77771348
0.81528324
0.8602736
0.86631042
0.84796476
0.66482192
0.93317586
0.86166489
0.54463154
0.840352
0.79116523
0.97881931
0.90939933
0.74691927
0.85819399
0.69049269
0.80435425
0.88985074
0.88433659
0.78923422
0.8078469
0.79308385
0.81750935
0.82373542
0.81624931
0.58557844
0.78348368
0.81922019
0.7141735
""
0.83727765
0.86582744
0.86976147
0.79707634
0.8695547
0.94154114
0.82476848
1.0391209
0.83213753
0.80139631
0.8069219
0.85137904
0.8159039
0.83170086
""
0.67071807
0.68577874
0.704925
0.59507167
0.69507056
0.68867171
0.646806
0.68492806
0.68135726
0.6665594
0.66548693
0.65767539
0.65667605
0.62513483
0.6529929
0.70259142
0.75343949
0.66139591
0.67591524
0.57236558
0.68141174
0.67429245
0.66984236
0.64182544
0.68172324
0.69624352
0.7261489
0.7197212
0.65635693
0.66382617
0.6502192
0.62135804
0.67562491
0.5906359
0.72610211
0.65719301
0.67490679
0.69252121
0.65083218
0.7320981
0.68830514
0.76656508
0.67047715
0.64435571
0.64699501
0.65264541
0.67595851
0.60650551
0.68768042
0.64822078
0.6534031
0.69670475
0.67662096
0.6910699
0.64651805
0.65699691
0.70577687
0.6838333
0.66812384
0.65593654
0.66427827
0.65898681
0.70898819
0.71399355
0.68962026
0.79802573
0.61912102
0.59878451
0.62155497
0.62679708
0.6867379
0.68889201
0.62384635
0.68304574
0.68038988
0.65404004
0.64341778
0.68469471
0.65800095
0.69431686
0.66891587
0.63597399
0.70329946
0.68660128
0.67692113
0.72954792
0.61440581
0.65671134
0.66420829
0.66572964
0.75059724
0.76145971
0.62488288
0.67231244
0.67386639
0.73503399
0.79041994
0.74011195
0.74494123
0.85458392
0.79021859
0.79273951
0.7582987
0.7717824
0.6614067
0.72443724
0.71505004
0.75333005
0.70127112
0.7495392
0.49786651
0.65624124
0.71217519
0.77278125
0.74393767
0.73980683
0.86502081
0.91490084
0.62280691
0.73642462
0.79943353
0.65188915
0.75871247
0.85925883
0.89550567
0.76437747
0.73538238
0.71563506
0.81220227
0.85470182
0.687751
0.72628099
0.86812651
0.76987302
0.89632803
0.90784657
0.78971422
0.72972107
0.86475718
0.70938557
0.74126852
0.79743725
1.0657994
0.71009529
0.74966049
0.86885232
0.78884083
0.87178928
0.91136283
0.87432599
0.88145387
0.68211842
0.882469
0.83139765
0.69486785
0.7127884
0.74664438
0.85889292
0.61203152
0.42155266
0.59417808
0.79716271
0.80421782
""
0.67636228
0.78706276
0.81029952
0.74050391
0.69068861
0.7581439
0.69891864
0.92139262
0.84376681
0.70288098
0.7428866
0.72756803
0.76152551
0.48256534
0.7237367
0.80429804
0.7707991
0.82341647
0.84013319
0.7835834
0.8003161
0.70546204
0.76462209
0.71516544
0.75449395
0.82361925
0.89425278
0.73066342
0.71932399
0.87859255
0.76390433
0.70559037
0.78848273
0.74963015
0.80554724
0.64628279
0.67395735
0.6993143
0.79209971
0.65461272
0.84829289
0.71660489
0.75906444
0.78597993
0.82258439
0.55753279
0.7157774
0.82507712
1.0068158
0.84009588
0.76767141
0.78184456
0.78483504
0.71258819
""
0.75561953
0.73184025
0.77082747
0.86847764
0.68599272
0.76756483
""
""
0.71178609
0.65202415
""
""
0.71070534
0.83947939
0.7068094
0.73547542
0.75169903
0.81111753
0.85446298
0.84541482
0.76153892
0.71781367
0.63285625
0.73370123
0.83077145
0.67333019
""
0.73943627
0.82437867
0.63960481
0.72634059
""
0.74294496
0.73039949
0.87756675
0.75361359
0.71050769
0.8003245
0.79986417
0.75422281
0.78471971
0.76661718
0.70597601
0.89092499
0.73659658
0.70700943
0.7803846
0.78088194
0.85748857
0.74591321
0.7215426
0.73221964
0.84291673
0.73043877
0.89949012
0.74186486
0.733675
0.70106798
0.78723431
0.71579897
0.83622289
0.84391856
0.75894243
0.68600541
""
0.73537582
0.76639783
0.67642236
0.92708492
0.72904712
0.88438469
0.78765559
1.0482435
0.75741577
0.68515235
0.8321228
0.76618934
0.81402326
0.68930322
0.66544431
0.71592766
0.74546379
0.72723192
0.83252048
0.76965451
0.72341758
0.85585237
0.7159515
0.79631084
0.81452554
0.71062046
""
0.94919986
0.86279511
0.87805545
0.71746641
0.79665595
""
0.81155121
0.90551466
0.75736141
0.77977473
0.68758577
0.69752157
0.84778172
0.67960763
0.71697044
0.86807615
0.79379576
0.71662742
0.73074085
0.73009986
0.76568085
0.81506246
0.69320911
0.73634678
0.75972009
0.84656006
0.75020128
0.75203848
0.74522281
0.74459374
0.7028746
0.77589488
0.69756645
0.70722479
0.91287977
0.6732496
0.85668999
0.64087075
0.61916083
0.82564718
0.86831743
0.82285893
""
0.813613
0.8005777
0.88833308
0.93757331
0.78863287
0.79223984
0.86032516
0.7955389
0.79139686
0.88024783
1.0586128
0.89246231
0.79821712
0.88415396
0.80413169
0.78970599
0.79486912
0.7645098
0.78394461
0.80951983
0.75847006
0.8141427
0.83244413
0.81069076
0.72985965
0.69050276
0.76931125
0.74477714
0.77669722
0.68033636
0.66953033
0.69142377
0.73949003
0.79417521
0.80495965
0.75318205
0.73268759
0.75097519
0.75241745
0.6923306
0.76049829
0.64209914
0.73330766
0.74188346
0.73969871
0.75432384
0.85057533
0.66976196
0.78603721
0.7474106
0.75903064
0.78433925
0.66505975
0.75518888
0.62318301
0.74227136
0.81249976
0.70555627
0.71016592
0.78356487
0.46522442
0.57922828
0.6686191
0.74502438
0.6880821
0.66455758
0.71260947
0.5899244
0.72401917
0.66758484
0.68648237
0.72857678
0.7273649
0.59912223
0.67831093
0.64706111
0.63278025
0.65228432
0.68308169
0.72383577
0.74270946
0.68098783
0.76100504
0.73581815
0.67725098
0.63832849
0.70393187
0.81512964
0.6708582
0.60392427
0.72364974
0.56631774
0.71184903
0.55683762
0.8228001
0.75343639
0.59422928
0.72230899
0.63241649
0.63542205
0.6653322
0.71410006
0.7666983
0.67390722
0.70100033
0.67660379
0.70988554
0.61395115
0.78234237
0.69201648
0.68468904
0.69681758
0.61120045
0.61989582
0.74332213
0.70296061
0.75124514
0.70749271
0.74929249
0.78039932
0.71682066
0.76140791
0.656793
0.69869918
0.84496552
0.68937939
0.76364541
0.72222167
0.69841325
0.65720975
0.72001523
0.68240476
0.67293972
0.73910546
0.71868289
0.69708079
0.68893373
0.69079149
0.74228591
0.66246742
0.66200799
0.84065956
0.68672907
0.77695465
0.82547522
0.72012132
0.66335005
0.72081137
0.76307034
0.82747871
0.3766472
0.72303861
0.76271409
0.68167394
0.68911994
0.72371107
0.68258655
0.72333175
0.8295759
0.6237132
0.74293995
0.5635078
0.68641055
0.71035933
0.74150294
0.7192573
0.71292722
0.73962015
0.72496569
0.68261921
0.70602345
0.80229759
0.79118824
0.7337724
0.75118917
0.73538727
0.69574815
0.69000542
0.68964505
0.69687098
0.69826049
0.73559552
0.71681678
0.75143707
0.67671686
0.69392735
0.66012639
0.71386129
0.69009501
0.79218996
0.73142177
0.70809752
0.86326796
0.63059205
0.71403331
0.66411906
0.71265244
0.7008813
0.77485549
0.67554975
0.75187212
0.68466228
0.71441489
0.76336384
0.67667937
0.70161021
0.766204
0.72512949
0.80088717
0.73170447
0.78870606
0.66400266
0.76706332
0.8022483
0.77463377
0.72579628
0.76279855
0.75178283
0.79876673
0.77992326
0.77065289
0.77558279
0.70212269
0.70255363
0.73928732
0.7285946
0.77143705
0.67500067
0.6708203
0.71607202
0.81556273
0.73244524
0.75372541
0.72240824
0.78079265
0.77137429
0.6452629
0.66600567
0.76843071
0.67719591
0.75496519
0.69665825
0.67872739
0.75743955
0.79186112
0.72843772
0.85843152
0.78949523
0.76781231
0.73629028
0.77021968
0.77672011
0.78167921
0.78781998
0.71878427
0.72704613
0.75296611
0.71985346
0.72841346
0.72642386
0.75059181
0.79301447
0.76318753
0.73334157
0.7433759
0.69496959
0.74338132
0.77402067
0.76026911
0.74022824
0.82116932
0.78976095
0.81178731
0.76079518
0.70224172
0.82466239
0.72919828
0.70329565
0.78240144
0.81180489
0.77137643
0.73204339
0.81380135
0.76786035
0.81220156
0.7727567
0.7348423
0.70273316
0.76076013
0.73946142
0.69623882
0.77929449
0.79295546
0.75579393
0.71149701
0.7869637
0.7744267
0.68708271
0.75826436
0.71348131
0.77589947
0.76352251
0.74795914
0.72115308
""
0.72569281
0.73646617
0.76016194
0.77808303
0.73684096
0.70926929
0.71418756
0.75745255
0.80696642
0.82871485
0.79723394
0.72133923
0.73874933
0.71351302
0.75472683
0.78381193
0.75209206
0.86075038
0.79607141
0.78626722
0.7193436
0.81043845
0.72915816
0.73094708
0.7638793
0.74679691
0.80005175
0.75659901
0.79490596
0.69893014
0.79300094
0.77022344
0.87303376
0.85164702
0.83310235
0.79110986
0.89973092
0.84090668
0.83368713
0.89149016
0.93000114
0.88850778
0.83480388
0.7662279
0.85309809
1.0042934
0.84850311
0.85903955
0.8731457
0.74966049
0.8118282
0.84797984
0.75417227
0.86240298
0.80438077
""
""
""
""
""
""
""
""
""
""
""
""
""
""
""
""
""
""
""
""
""
""
""
""
""
""
""
""
""
""
""
""
""
""
""
""
""
""
""
""
""
""
""
""
""
""
""
""
""
""
""
""
""
""
""
""
""
""
""
""
""
""
""
""
0.74817204
""
""
""
""
""
""
""
""
""
""
""
""
""
